1_BlurFace
1
1
1
1
0.765235
0.999943
1
1
1
1
0.755902
0.965501
1
1
1
1
0.802343
1
0.999988
1
1
0.989303
0.999996
0.999953
1
1
0.999756
0.999999
1
1
1
1
0.997581
1
1
0.999935
1
0.998879
1
1
0.994157
1
0.999849
1
1
0.993372
1
0.999999
1
1
0.854806
0.974624


2_ClifBar
0.997176
0.99983
0.999488
0.99157
0.777778
0.998345
0.999987
0.99982
0.99806
0.982591
0.999995
0.999914
0.99998
0.999938
0.999962
0.997005
0.999989
0.999985
0.62327
0.996856
0.999996
0.999988
0.999995
0.98266
0.999981
0.999976
0.769515


3_David
0.999103
0.999871
0.954728
0.999891
0.965403
0.919001
0.999974
0.999777
0.999892
0.999719
0.742931
0.775336
0.99998
0.999984
0.999984
0.999906
0.999366
0.999995
0.999992
0.997889
0.999994
0.99994
1
0.999922
0.961779
0.97213
0.995736
0.999984
0.999993
0.999081
0.984364
0.986335
0.999296
0.98178
0.973534
0.999684
0.999955
0.997509
0.836566


4_Dudek
0.999955
0.988439
0.999996
0.99999
0.999999
0.999993
0.658144
1
0.999977
0.999963
0.999999
0.999777
0.999795
0.999954
0.999959
0.995919
0.999916
0.999793
0.657953
0.999534
0.999994
0.998397
0.754528
0.999777
0.995069
0.998547
0.996609
0.999847
0.999845
0.951129
0.99972
0.999723


5_FaceOcc1
0.999973
0.999997
0.999999
0.999989
0.834978
0.994826
0.893022
0.999999
0.99722
0.999969
0.999998
0.870109
0.979771
0.9581
0.999986
0.999988
0.999999
0.999796
0.791585
0.973164
0.791026
0.999999
0.999996
0.999974
1
0.8465
0.979975
0.935352
0.999232
0.999827
0.978658
0.971768
0.999999
0.999998
0.999992
0.995614
0.951782
0.937786
0.999999
0.999863
0.999982
0.999992
0.85364
0.995184
0.936577
0.998893
0.944478
0.999828
0.650119
0.936366
0.869485
0.99909
0.997993
0.611057


6_FaceOcc2
0.918579
0.928649
0.981774
0.999839
0.952163
0.98566


7_FleetFace
0.999998
0.999966
1
0.998706
0.999998
0.999946
0.999998
1
0.952042
0.999999
0.999999
0.999998
1
0.992588
0.999998
0.999574
0.99999
0.999999
0.658074
0.999996
0.999927
0.999994
0.999992
0.999993
0.999998
1
0.999671
0.999994
0.99995
0.999803
0.999959
1
0.999997
1
1
1
0.999999
1
1


8_Girl
0.999018
0.997779
0.999984
0.999886
0.989163
0.77945
0.99463
0.999966
0.999871
0.945091
0.999371
0.999981
0.999999
0.999974
0.908584
0.654768


9_Jumping
0.999346
0.985841
0.999146
0.999947
0.998981
0.997945
0.998814
0.999984
0.999663
0.999653
0.994829
0.999894
0.994414
0.998978
0.999996
0.995808
0.999912
0.999987
0.715501
0.999877
0.620655
0.998803
0.883752
0.999971
0.995929
0.702279
0.997308
0.999059
0.670808
0.998472
0.847472
0.999909
0.99994
0.629173


10_Mhyang
0.999991
0.999979
1
1
0.939467
1
0.999992
1
0.99999
0.999999
0.999997
0.999992
0.998244
0.999882
0.999466
1
1
0.997927
0.999995
0.999974
1
0.688873
1
0.999906
0.999985
0.790981
0.999998
0.999963
1
0.999866
0.933172
1
0.998458
0.999963
1
0.969044
1
0.999999
0.999993
0.999998
0.966155
