1_BlurFace
1 1
2 1
3 1
4 1
5 0.765235
6 0.999943
1 1
2 1
3 1
4 1
5 0.755902
6 0.965501
1 1
2 1
3 1
4 1
5 0.802343
1 1
2 0.999988
3 1
4 1
5 0.989303
1 0.999996
2 0.999953
3 1
4 1
5 0.999756
1 0.999999
2 1
3 1
4 1
1 1
2 0.997581
3 1
4 1
5 0.999935
1 1
2 0.998879
3 1
4 1
5 0.994157
1 1
2 0.999849
3 1
4 1
5 0.993372
1 1
2 0.999999
3 1
4 1
5 0.854806
6 0.974624

2_ClifBar
1 0.997176
2 0.99983
1 0.999488
2 0.99157
3 0.777778
1 0.998345
2 0.999987
3 0.99982
1 0.99806
2 0.982591
3 0.999995
4 0.999914
1 0.99998
2 0.999938
1 0.999962
2 0.997005
3 0.999989
4 0.999985
5 0.62327
1 0.996856
2 0.999996
1 0.999988
2 0.999995
1 0.98266
2 0.999981
1 0.999976
2 0.769515


3_David
1 0.999103
1 0.999871
2 0.954728
1 0.999891
2 0.965403
3 0.919001
4 0.999974
1 0.999777
2 0.999892
3 0.999719
4 0.742931
5 0.775336
1 0.99998
2 0.999984
3 0.999984
1 0.999906
2 0.999366
3 0.999995
4 0.999992
5 0.997889
1 0.999994
2 0.99994
3 1
4 0.999922
5 0.961779
6 0.97213
7 0.995736
1 0.999984
2 0.999993
3 0.999081
4 0.984364
5 0.986335
1 0.999296
2 0.98178
3 0.973534
1 0.999684
2 0.999955
3 0.997509
4 0.836566


4_Dudek
1 0.999955
2 0.988439
3 0.999996
1 0.99999
2 0.999999
1 0.999993
2 0.658144
3 1
1 0.999977
2 0.999963
3 0.999999
1 0.999777
2 0.999795
3 0.999954
1 0.999959
2 0.995919
3 0.999916
1 0.999793
2 0.657953
3 0.999534
4 0.999994
1 0.998397
2 0.754528
3 0.999777
4 0.995069
1 0.998547
2 0.996609
3 0.999847
1 0.999845
2 0.951129
3 0.99972
4 0.999723


5_FaceOcc1
1 0.999973
2 0.999997
3 0.999999
4 0.999989
5 0.834978
6 0.994826
7 0.893022
1 0.999999
2 0.99722
3 0.999969
4 0.999998
5 0.870109
6 0.979771
7 0.9581
1 0.999986
2 0.999988
3 0.999999
4 0.999796
5 0.791585
6 0.973164
7 0.791026
1 0.999999
2 0.999996
3 0.999974
4 1
5 0.8465
6 0.979975
7 0.935352
1 0.999232
2 0.999827
3 0.978658
4 0.971768
1 0.999999
2 0.999998
3 0.999992
4 0.995614
5 0.951782
1 0.937786
1 0.999999
2 0.999863
3 0.999982
4 0.999992
5 0.85364
6 0.995184
7 0.936577
1 0.998893
2 0.944478
3 0.999828
4 0.650119
5 0.936366
6 0.869485
1 0.99909
2 0.997993
3 0.611057
6_FaceOcc2
1 0.918579
2 0.928649
1 0.981774
2 0.999839
1 0.952163
1 0.98566


7_FleetFace
1 0.999998
2 0.999966
3 1
4 0.998706
1 0.999998
2 0.999946
3 0.999998
4 1
5 0.952042
1 0.999999
2 0.999999
3 0.999998
4 1
5 0.992588
1 0.999998
2 0.999574
3 0.99999
4 0.999999
5 0.658074
1 0.999996
2 0.999927
1 0.999994
2 0.999992
3 0.999993
4 0.999998
1 1
2 0.999671
3 0.999994
4 0.99995
1 0.999803
2 0.999959
1 1
2 0.999997
3 1
4 1
1 1
2 0.999999
3 1
4 1


8_Girl
1 0.999018
2 0.997779
3 0.999984
4 0.999886
5 0.989163
6 0.77945
1 0.99463
2 0.999966
3 0.999871
4 0.945091
1 0.999371
2 0.999981
3 0.999999
4 0.999974
5 0.908584
6 0.654768


9_Jumping
1 0.999346
2 0.985841
3 0.999146
4 0.999947
1 0.998981
2 0.997945
3 0.998814
1 0.999984
2 0.999663
3 0.999653
4 0.994829
1 0.999894
2 0.994414
3 0.998978
1 0.999996
2 0.995808
3 0.999912
4 0.999987
5 0.715501
1 0.999877
2 0.620655
3 0.998803
4 0.883752
1 0.999971
1 0.995929
2 0.702279
3 0.997308
4 0.999059
1 0.670808
2 0.998472
3 0.847472
1 0.999909
2 0.99994
3 0.629173


10_Mhyang
1 0.999991
2 0.999979
3 1
4 1
5 0.939467
1 1
2 0.999992
3 1
1 0.99999
2 0.999999
1 0.999997
2 0.999992
3 0.998244
1 0.999882
2 0.999466
3 1
4 1
5 0.997927
1 0.999995
2 0.999974
3 1
4 0.688873
1 1
2 0.999906
3 0.999985
4 0.790981
1 0.999998
2 0.999963
3 1
4 0.999866
5 0.933172
1 1
2 0.998458
3 0.999963
4 1
5 0.969044
1 1
2 0.999999
3 0.999993
4 0.999998
5 0.966155
