10000
10000
6919 2686
4052 9417
7530 4931
9616 5866
9206 5820
4773 7573
6808 9590
6608 7309
1895 4719
4124 5829
8780 8107
4104 3513
7573 5928
3644 9392
2060 2070
7881 4263
1254 3720
9375 833
6720 5910
8442 5769
8952 8081
7083 4577
3471 7285
7779 426
8975 8683
7512 4486
1352 1099
1285 2339
4769 1923
6763 3022
2967 1373
8299 5569
7475 9992
1028 269
1119 5227
470 8967
510 6182
6913 4278
8554 2454
666 4877
3332 7506
8910 5222
357 2817
3110 351
3187 6670
2545 6083
8887 7551
8907 8226
2545 3584
375 6307
5330 8282
8906 6593
2540 1462
629 503
8777 5291
9510 5530
8282 3637
6844 1115
4311 8140
2904 8384
9816 9982
3358 396
5424 3026
9332 3413
2493 3758
2820 5427
9037 1032
7254 6260
4025 3021
2871 9191
7750 1771
578 1078
562 9515
208 6138
6464 5132
6273 5860
9258 6874
1561 8638
1376 9630
8160 9162
27 7469
4383 8040
2110 6911
6514 7956
4190 5830
5858 3844
4947 612
5844 2969
6889 8070
9552 6875
7882 92
9263 4824
2665 6876
3703 2472
1699 1210
1734 6857
5830 1053
4244 1603
959 8882
2983 5295
9059 9901
7673 243
9363 1525
9397 792
6714 8411
2784 1794
9848 1568
9661 6348
7118 7815
170 464
3804 2319
8376 7297
9044 87
9232 3415
1438 150
5307 5666
8428 5546
2877 3874
7482 8176
6339 9981
9991 5727
7641 7997
9592 5924
5167 1629
3075 9232
1746 8642
9270 8514
4215 7913
4535 9538
7806 4111
9524 8744
8655 2531
8358 4978
3555 9120
2782 6849
2079 1103
6934 7846
3606 5366
8798 9510
8486 8782
9816 9654
654 254
2238 4817
6405 6146
798 1246
8827 9891
2640 5416
5266 1361
9928 2187
731 7346
4250 6645
5526 5642
3656 9367
1713 2419
2824 5444
552 8182
3968 114
9439 3300
5752 7342
6620 8151
1181 5299
7724 8812
4252 7139
6157 4153
6238 1427
7129 8896
138 6396
7900 1774
8571 3283
3246 1438
5671 8113
8930 1445
8571 6427
6886 8718
9045 3059
9014 8154
522 657
6545 7717
3237 3258
2158 2423
3462 5662
7837 5358
654 9518
3713 4526
2581 5708
9501 300
6370 3049
8607 2420
5420 7254
3693 6299
8579 2616
6193 5532
8967 153
3340 8122
8030 4713
565 8041
8796 5811
1486 6847
2016 3149
3751 4033
127 5284
7181 4383
2665 4621
5310 972
541 1344
8312 5225
9641 3330
2089 7794
9320 4393
12 6145
1612 5403
1223 7673
2218 6890
1950 4323
7800 706
5593 5782
6135 3749
672 9407
7664 3468
1333 2354
3031 9466
5529 6220
4810 5140
2275 2964
1996 6172
3218 9688
7517 7375
3197 292
3245 1507
3985 5747
5621 4288
5146 1257
4217 3872
3342 9802
5087 3675
2376 7698
3032 4686
560 3053
8798 3188
9949 9392
3258 2698
7897 9594
4194 3656
275 4539
4424 7486
3291 926
8566 4388
44 7888
3462 4624
2467 3197
5546 1072
5531 5169
2295 3466
507 1677
8537 9182
2270 1520
6574 6197
2319 3157
5088 6057
9719 9238
2756 4591
4787 4982
6390 8789
8841 5777
4601 8265
6799 5161
6257 2306
4065 7485
8871 1081
324 5458
5361 3967
2720 357
308 7741
4467 6005
7099 894
5109 9068
4556 3075
5942 3048
1039 9501
6459 1129
7310 6952
2144 1199
8958 108
9751 1208
8095 5682
6515 6094
7815 3315
7042 6532
2242 930
8889 9534
3041 3399
6861 5047
7003 5657
6289 6302
5892 5508
1305 6950
7005 3127
1278 6080
319 5858
8184 9556
1192 2432
828 4734
675 1818
5926 2799
8451 8920
2364 3428
7031 7172
8612 6494
5955 4138
7669 2246
4942 2588
8638 2066
1911 1725
6046 4483
4415 6832
7101 5207
1441 342
1971 1770
1884 3246
7112 8202
2774 918
2503 4353
4738 5750
1770 1612
6989 2939
1566 2004
9311 6112
3617 453
9766 5756
9936 1067
5351 9367
9558 9704
2346 9969
3919 187
3412 6409
9164 4595
3646 4584
2657 377
6461 7739
2736 2861
7185 330
9483 8893
3640 625
8312 7160
6211 3823
2765 1474
1321 6826
4977 6144
6306 8866
249 9342
4727 7244
3422 1128
8720 7635
2237 5496
8106 6912
5849 4436
2687 333
594 1835
4438 6326
4413 9743
2609 6965
9023 3819
7185 4449
8818 9323
3188 2159
7246 1626
6482 5540
4397 1741
8824 8909
1820 7425
3207 4167
2274 3832
3652 7153
8244 489
4063 4099
9242 6260
891 7135
1615 9913
9093 8001
3207 4111
1687 7456
9331 5649
4156 2465
1471 944
8657 356
6159 6131
2 5366
4400 2789
3820 1225
5607 3681
8706 720
1046 4761
4900 4592
2397 164
6388 3140
2355 2030
2105 2577
5300 6719
7453 8143
282 2911
535 2533
5708 840
4423 9709
4303 1302
5903 3667
7989 4217
127 7850
4510 6870
6355 3663
5662 8452
8058 5632
1319 9518
4914 8629
8777 4440
3605 268
6860 8791
2507 9359
5300 6526
8329 1772
7824 559
8174 3699
7077 8532
8620 745
8334 9616
452 3315
9111 9692
3348 7467
4005 2648
1414 5942
1759 2749
5333 834
3307 3782
2620 6110
548 5365
2326 109
1347 3612
5327 4689
3901 6481
6003 1263
3868 8655
4287 7528
211 6980
912 7366
4192 5300
8166 5489
5124 4954
7443 8927
3320 2227
6500 3902
97 7340
3200 682
6093 4523
4455 7503
8489 4178
7660 8311
1109 4547
3103 6801
767 1704
27 5379
1206 6673
3370 9510
6737 3981
5681 2514
3126 7590
398 8266
570 4233
4814 6820
8326 6715
6634 5188
4839 2236
8690 4489
6556 4743
1568 2438
3665 6868
3985 1533
1932 5120
9235 594
7728 4633
2161 3382
1709 4471
2294 7066
5151 6732
3197 3519
2968 1179
1863 13
6901 3042
5540 7471
8570 5531
6182 7614
789 1181
4976 6822
3050 4934
5918 5194
4696 82
1740 9123
2176 9951
4223 2751
5462 3509
5060 6544
5363 6216
1375 8259
3103 1160
3422 3144
7739 6666
4553 1676
2721 8115
3436 1269
3180 8103
877 4869
3513 857
3015 4316
8333 8684
7312 9717
1623 8651
3931 1843
7764 8081
3376 9430
3616 3781
9575 880
1225 2373
2967 1919
9589 3398
9467 5968
7006 5822
467 819
3368 2658
2969 1108
5861 8949
7644 7563
9583 3586
8423 9690
92 2362
2058 3923
4583 8737
380 478
2139 2807
6671 6898
8322 3178
2150 3919
5895 3104
6855 228
8640 6060
6248 330
5822 2937
7995 8825
9020 7788
1026 4834
4856 6666
4220 8172
1851 6263
6722 1925
4144 9311
2656 2485
6395 9685
9685 5438
6468 2025
3623 2036
545 6877
9494 7041
9581 2566
1868 8924
5514 5605
7149 5458
6704 4567
8336 8432
1033 813
4541 9262
7621 2198
898 8989
5426 5270
4022 6084
2394 145
8569 9121
8656 921
1619 5134
1768 5613
8486 4822
8603 7226
4927 9114
5190 3878
9251 6541
2923 3039
6822 8883
8625 5280
8552 6933
7276 4567
6125 8528
5852 6307
2778 1229
466 5700
8495 7629
7010 5008
3734 5146
5568 1389
1780 8897
5618 6590
1951 9181
4282 2550
9867 6313
274 7784
4621 7267
2354 7180
4131 2353
8988 9246
8374 8942
4972 1250
5530 6792
6005 1856
7679 8794
2495 4631
5367 6437
4332 9899
2819 7497
8059 5442
2191 9466
7349 6680
5751 7123
3897 6166
5519 2244
2417 8170
3317 9373
8631 3701
9713 2272
6817 7836
7594 655
7883 6324
7037 6042
1665 2433
2768 2773
3911 865
2081 1959
6071 3410
3587 4950
2699 5549
8204 5917
1720 2995
3057 924
6234 5094
9339 6439
5268 8967
8873 4527
471 5954
4129 9783
4392 2343
8563 9866
8923 3860
1255 4420
2813 3125
7825 7619
9226 6592
2568 3930
5261 2088
285 3950
3314 861
5451 5482
4390 9982
9121 1199
8163 5784
7755 7816
6724 8112
4522 5246
2461 8207
3872 8871
4698 9976
6924 2342
5472 6169
685 2480
5451 5777
7841 3116
5899 1816
5571 2219
5810 1560
7787 9879
1523 7968
7664 2996
1239 6298
8307 2925
7867 5581
2687 2184
8420 3745
6225 8136
1565 4899
7084 2657
6336 6069
4625 4250
2039 3660
3733 5569
4288 1034
8564 9124
4865 7417
1287 6528
6075 646
1983 1401
4171 446
4979 6311
3617 6264
4666 2152
4047 8597
4838 352
2726 3114
5058 2357
4884 2078
9008 2066
6115 6719
4359 4579
6362 4085
1886 8368
9392 2485
6842 1503
4778 6147
9094 9054
3058 3642
8049 2977
1904 9641
3956 4864
4263 484
7045 9796
8484 1517
4839 6855
8384 7771
658 5625
2048 2013
3507 2879
7367 9364
3190 2575
9834 5371
5106 1676
2106 2962
2385 5213
7580 9655
5527 6682
5040 4175
6804 3516
3622 9007
1789 7354
7012 4777
2348 4174
7699 1689
3687 9739
4384 6808
9850 9171
9361 4148
9970 4581
1213 8165
2516 5299
391 9611
3583 9670
5255 5996
7336 8459
5850 4662
7677 8587
4555 3524
5558 4234
619 2467
3257 12
5668 9951
2451 8947
3646 6633
3898 4669
1496 316
5256 1626
485 1533
1894 3934
1978 5526
5466 8633
3290 8400
77 5177
9318 8783
257 9522
44 278
4405 8347
2786 2543
1411 4900
6234 5895
4541 3472
3865 112
9128 3268
4267 8945
7210 8647
1918 6624
6044 4166
4754 5111
8931 4499
9565 2358
8799 2626
9800 2412
6181 9216
8611 7303
1571 3129
7706 4820
1283 8631
8705 8692
1650 8266
4323 9058
8588 2662
6024 2188
4444 9144
520 8153
8198 5862
3786 5612
4795 3575
6939 5233
2770 5367
9399 4631
2178 375
6076 2732
9103 6313
2105 892
3033 6870
5575 2904
5119 4858
1300 3418
9771 4535
478 7866
7447 8871
7307 2530
8006 929
3461 5325
1075 9423
615 1331
4792 5759
915 960
925 114
7630 8950
3533 5292
2637 8536
1895 8483
8703 429
3747 1406
7836 6771
650 2568
1617 1312
582 2726
3608 4462
3179 2306
4247 5371
9184 1934
7389 506
8677 3852
1114 7746
2435 4389
8277 1152
7475 2875
6537 2163
7249 7479
8981 5580
6780 9808
9825 4459
9959 762
628 3892
5037 7699
1780 6888
1077 3986
5704 7879
3063 1576
4906 493
3244 7117
4247 1945
6058 9769
4973 7344
8269 7307
1316 9888
2158 1086
478 5173
1033 5944
1186 4258
291 5177
8754 4692
39 482
4911 2949
3821 3598
21 7699
7505 982
9188 6234
6936 5999
5760 5908
1167 8385
3016 1648
5482 7163
1222 3671
5452 4774
8734 8858
6861 9708
149 267
2779 9100
4126 9069
1255 2060
2626 8153
6145 1626
6563 1013
493 7932
2496 1538
3504 9292
2894 3521
6467 4390
5240 7902
4190 5206
9807 9654
9967 8414
9455 8401
4 6687
6725 4607
2732 1848
1784 6052
8971 8846
7030 5830
5061 8872
2945 3691
2109 2651
5066 6150
4375 6249
6577 4727
7178 2123
3070 8254
8984 3955
8009 1571
5352 8413
1138 9709
595 9961
720 6610
4075 8802
7439 3215
113 6144
8977 8194
3639 5337
2085 5025
1708 554
1686 1783
3051 5273
6489 3752
6439 2648
649 7195
5285 1867
2843 9819
701 5096
3523 9950
1930 480
3468 5562
1881 6473
5881 550
8599 9673
6216 6046
2484 5207
7350 6103
9315 7492
654 6408
2390 5894
7632 5541
6619 9569
6164 2740
2288 3834
8402 3786
2827 8255
1226 836
126 2432
1783 6840
413 5525
819 4536
7358 9314
2289 7754
2396 2877
2131 9766
202 7419
7591 7432
4848 3050
6336 2415
3208 9741
1763 4998
5237 4490
1824 1007
9854 964
4181 1308
3527 5916
4584 8576
9304 9721
6525 1454
3972 4918
2913 9282
4766 4584
6374 3698
2715 1800
5228 645
7081 1815
6883 8259
9392 635
2641 4524
3448 5168
213 7464
9804 5451
4181 253
33 6007
3337 2163
6820 357
5391 8241
6072 7229
8889 9937
7548 4929
3687 2190
5078 6078
1353 9772
2621 7837
6282 8615
7487 9037
7906 5629
1312 6796
7547 5943
1674 1567
6150 7315
772 3551
6920 6740
6839 8744
4442 1245
9357 911
7917 2126
35 3245
2427 1596
2050 2674
3238 3764
5548 4891
1213 1214
4172 6616
5676 8771
6804 9505
7042 7150
8784 5648
2802 806
6699 7275
8289 2447
5456 1737
9044 5769
497 1914
5101 8365
7399 2266
7973 4569
9191 9970
6303 2596
2093 9195
5731 7365
8183 1867
5927 8893
7605 1483
7880 812
5650 7129
3799 5541
3595 9749
1404 2600
5027 6934
8381 7677
2609 2355
2597 620
4453 2868
5017 6321
7272 7557
2933 4140
3745 7699
3280 211
1323 7715
348 6805
4635 5538
5110 8023
5132 3519
3622 2115
9056 3327
2271 1895
4995 8605
1360 2845
748 2728
423 4123
5438 2135
9927 3172
3348 4761
3487 3762
5961 6754
8764 2578
9268 7301
2112 274
2182 276
4240 3337
9358 1644
7780 2813
9983 3712
4506 1166
4600 515
7140 7963
6434 9317
3113 7982
34 9976
5602 15
1030 5727
4617 8969
9751 1556
8701 3540
8583 8238
3144 8982
6486 9349
3425 8889
9410 8709
5551 730
5639 387
2461 3076
4236 2882
226 7884
8510 8043
3120 8566
8981 7194
1225 9576
4106 1722
8673 8179
6645 350
7747 1572
7601 7157
7987 8714
7265 5770
6124 7348
2466 9522
7439 8620
8548 3887
4215 6292
1623 4351
5003 9859
6072 3570
6307 1052
6916 3934
1945 9770
5851 7856
5416 3996
5732 6708
6519 9592
8876 5469
426 6992
7561 4944
8749 7755
7872 1389
6371 5124
6902 4001
7825 7748
2120 6185
9332 4622
8653 5185
6683 7149
742 3242
1563 8610
6325 5745
916 785
3592 7691
2650 6511
5249 9924
9537 7028
749 5307
623 2814
1017 7689
8904 3349
2697 5256
6116 8717
1159 1664
5366 7178
5070 9387
4012 4169
1118 1294
7800 2666
4733 2049
1445 6988
136 3652
4220 6459
8207 1550
7608 2527
7490 7440
6232 3958
9421 1617
1233 2744
9695 6205
1883 6260
2814 7273
500 6670
3347 2857
8064 4479
9248 4061
8139 1664
2511 6301
5737 9798
4796 1069
6736 5975
9542 4649
7010 8101
6603 5581
1513 3926
6922 9472
4512 6109
4026 2872
6381 3869
7881 3459
9870 3983
716 8026
4321 6805
6112 919
7921 2017
2253 3167
8878 4683
5068 9825
8643 3791
4623 4188
4612 330
1131 9343
5787 6939
8215 2650
6142 1111
606 3972
3355 8915
8500 9811
4886 574
6598 1684
7447 1849
5257 8959
2108 4609
4523 9690
1136 25
6360 336
2269 1000
9544 7829
963 4359
5434 4051
6613 6714
7093 7475
8644 8536
7849 1759
6216 3473
823 4154
6850 3966
5437 9847
5031 5478
848 3564
7389 2911
8000 3485
9113 7974
9377 8180
5869 5835
5492 6493
1453 5056
3001 2849
376 694
9660 7880
1413 345
8278 8790
4975 3896
1200 8041
1480 7786
9954 7072
8940 9685
2752 3554
2954 3860
7590 3913
3808 1322
1960 375
8799 3024
6637 6902
8026 5638
3780 939
265 5179
8282 3775
2610 6914
4869 4050
8394 6206
1250 2578
7056 9629
6359 6212
5065 6999
5365 5936
1897 7284
5384 4680
2222 9549
9857 5900
6137 695
5999 1698
1734 562
5134 3997
3104 1752
2507 8961
5273 5362
1334 3179
7062 8677
6175 8733
2378 159
3389 7357
9403 9523
1737 2424
4235 7362
7140 8160
9661 8182
8005 4944
7172 1440
6961 904
9327 2039
8008 3654
5560 6688
5832 9674
3505 2203
6068 7688
7340 5518
1051 3445
5893 2280
5309 3631
9966 7942
7827 4129
8497 7743
5625 3099
9918 4586
8988 3723
1191 108
8845 6185
4851 1255
2476 2367
1207 8305
2495 4017
8416 1489
2806 5298
4286 8477
8237 2810
3548 6392
4899 1969
5149 3521
1122 3934
9132 1919
9337 7399
9995 9814
8162 5970
5950 1855
9840 3446
2237 9435
882 5495
6522 2842
9204 8548
5647 1324
9258 7273
7903 629
8231 7804
9427 8911
9157 4046
6895 4916
6774 5598
2075 6127
6143 7970
1354 1501
767 8905
2119 467
8054 2304
817 3048
6214 1596
6875 3454
5122 5926
4726 6446
8071 7190
8328 8199
2727 4313
928 503
4387 5626
7076 8876
4662 6632
5283 7421
1841 6124
9289 3623
9360 3337
1240 9751
2712 4973
66 7212
9227 7322
2700 6083
2599 1087
2401 9308
7181 9563
8613 3481
6138 5465
6871 1925
8182 2885
6668 5728
7969 7242
3985 8046
6023 7273
2326 6701
2083 4813
6116 6608
2564 497
905 3138
4014 4906
1429 7003
5228 2001
9645 4063
7109 2880
3727 4422
8331 3200
8883 1484
8041 1633
6278 6319
1359 3629
9910 4719
587 962
5426 6835
8223 2289
9345 7976
9619 8853
25 9271
212 8789
6213 7801
4928 7756
1060 4541
8495 842
1484 1301
2476 3168
9373 9393
4001 3153
6091 2422
2925 8733
3485 6457
2919 5416
1004 4117
8656 932
486 5529
5370 730
8319 2425
2124 729
2773 8614
4051 5545
4105 1276
4010 4691
3077 6099
362 3060
2095 2663
3981 3463
3695 7783
864 7070
4604 3801
8328 579
4638 2521
9444 2259
9602 6993
9839 8576
8102 8461
6353 1880
9668 9908
9050 6566
1297 4111
3349 2398
9614 6527
604 341
1750 3942
5820 3244
8683 605
9002 247
2125 4514
3309 1143
4689 863
4287 8579
5383 5593
2060 3621
7888 8926
5631 145
4474 9252
7790 1114
9967 7014
1135 1516
7521 3905
551 9233
9102 4675
3237 9920
1454 6034
500 9413
2428 292
7226 227
1485 7050
7156 3940
2472 1526
7407 8082
5199 2956
5517 6843
3070 4459
6003 650
7251 9697
9805 3669
2956 5049
6463 6050
3862 563
6960 8446
4914 6437
9902 4350
3749 7750
19 8935
6157 6314
6850 4613
1828 6264
7304 6476
9392 6584
1123 8128
2447 682
1040 1208
8511 2324
2732 1638
3414 2718
8247 8157
1074 4419
8569 5758
1614 5844
8364 8703
6038 4896
7579 8922
539 8842
7778 807
9490 882
6653 4224
1068 4016
9634 655
8664 4293
6216 7565
6559 2033
4640 8669
3079 530
4999 7474
2269 5165
3763 5994
1062 7689
6434 6125
6421 6394
3363 2040
7572 929
3137 356
4212 4377
462 8170
1990 1423
2123 2832
5986 1404
4400 1595
363 2886
5396 8249
1967 55
3531 1565
738 2861
3651 3683
987 7203
1595 3428
5802 6396
4703 7775
174 1217
1198 6306
4907 8300
9546 8409
9830 2987
6957 7066
2842 4030
6195 8696
6343 8161
8339 1535
5875 9337
4496 4784
843 5999
8974 9379
4169 6106
4061 4027
416 6958
993 4479
8396 6575
5952 3918
6057 9565
1101 6375
3916 6492
7970 341
5418 9634
5890 5559
6248 7144
3821 1504
326 3525
2110 4827
6563 1749
3848 5424
2295 3107
3022 8412
5998 6596
8760 6939
1830 5188
9119 6092
5878 100
1270 1573
5013 5962
4503 1083
9200 1464
1158 7087
4817 6188
6665 7341
7466 4241
4354 7483
2439 7853
768 6014
2353 938
2607 2594
5874 4379
9475 5156
7481 5950
6970 8298
3963 402
974 9537
7153 9433
65 2587
9045 9748
6538 8653
689 6619
8086 8849
6274 9632
3648 1336
9058 6913
7605 1527
8501 6249
226 6156
5733 9828
6542 3998
704 8007
567 9103
4286 1911
4820 698
7039 7135
3583 5158
1190 7198
5303 2954
8170 5220
1944 4023
163 6386
5700 3550
546 5331
2745 4390
2470 159
3848 3662
9891 611
2333 7817
141 2952
8067 493
2560 7429
1545 3319
3617 5385
2423 420
8647 8453
9211 3119
8696 1314
174 5501
3343 9713
3918 9580
690 5069
8125 8071
5329 6873
2856 2886
1691 445
4980 8139
2875 6653
985 502
7767 3436
5637 1623
7471 7373
5790 7635
5777 7201
7721 7283
54 51
1792 2943
5950 5643
1293 7158
3097 3439
5153 859
2800 1474
8004 8225
1504 1503
3354 2418
8636 6079
5270 3468
9698 9357
3396 212
8276 2013
554 432
255 7146
8978 9694
3369 7940
9852 5743
1472 5766
2809 5541
6115 2172
2844 8243
8075 5574
2369 922
4495 6099
2377 6644
5470 2187
1468 2163
6951 3802
6500 9067
3054 5076
2459 4694
4615 6963
7697 6883
2113 583
2637 5200
2599 3828
556 5531
6287 9069
8705 4001
9672 1266
9242 7191
4685 8366
2275 167
4071 5277
3102 5965
9487 8561
3917 2981
8484 6025
5018 667
9406 7282
3368 6721
61 8476
8572 8374
149 7191
6141 1700
3089 6830
2038 8196
7279 5190
21 3698
3520 685
5356 7633
6872 3499
9713 6764
4476 1886
7542 4
6366 2
8091 2177
2029 9415
3039 8322
7668 1047
1963 2392
9171 1036
9243 9122
3672 3848
6202 7106
9065 623
1393 678
377 3789
3623 1005
3089 6424
2806 2669
1998 2801
5488 2157
9855 8086
1964 5565
9961 5924
992 5705
8790 5487
3774 9474
3091 3280
4693 1608
7199 4133
1371 3585
5139 3306
4442 1028
9249 865
7763 8168
1005 5268
7163 5164
5329 418
8913 2134
4882 5074
1665 6983
6310 682
8734 9640
6020 3869
9378 9326
5355 7078
1680 9481
7915 2001
2010 1629
5103 6401
1228 4379
8894 4763
2592 5894
8775 9589
9007 4762
3420 2285
2914 4341
1730 5871
9931 2166
1851 2360
799 362
7180 7292
9118 9998
3034 5558
9743 9500
5440 6932
7704 2364
97 6745
6530 3186
196 1735
7391 1341
2473 5434
4390 1300
6038 4606
9302 5892
5167 4797
6022 4315
2391 6873
8251 7530
3977 2219
7185 4386
7175 2724
9133 6702
9126 1087
6791 7960
5766 3209
6698 572
9442 3513
6421 5350
4601 9654
9879 2194
9575 2240
919 4215
9144 3838
6518 6819
5588 5118
4455 2125
8310 2987
4380 6757
7453 8538
835 3392
8939 4008
456 1091
3009 5312
3958 8548
4363 2318
5044 439
9999 5488
9358 971
2975 9097
3418 8440
616 4463
8270 6306
8273 7651
6141 8590
2100 9928
8482 4850
196 6558
5331 2207
5719 707
2800 9518
5996 505
2070 4692
1765 1897
7852 2865
3333 224
5851 5448
5639 6533
9908 6931
9275 4129
3618 8988
16 7704
5276 9688
9616 9558
3343 2070
2948 8178
1996 5821
2765 4583
6243 2779
5244 1953
5790 2787
8187 6035
1010 3652
8087 9528
4386 8744
3835 9456
5196 6387
3828 6194
2980 1358
9457 2624
3229 1591
3870 5732
8217 4188
8462 8643
5353 976
7688 7367
7702 9825
2370 6253
7644 6650
2411 7747
584 7927
5118 2782
4000 4522
2268 2979
9458 1071
5152 2568
5791 3872
5618 2262
5135 7320
6966 6258
3934 7785
477 724
4355 723
2103 3173
8895 8918
8143 7976
1733 3253
9890 1952
4286 7918
8812 6171
9016 4088
6316 8311
6035 9446
1446 9240
3311 4121
1314 8831
3649 4103
7506 439
5800 2712
858 2304
4945 22
3112 33
2997 9488
9299 7366
662 9734
7158 2330
9616 1336
9152 6633
4406 3206
7255 8743
7462 7973
3258 4684
5282 9458
9242 1473
1785 4997
4000 8993
2766 8651
5962 5245
7384 4218
2643 1787
8630 7906
9157 1518
6632 2536
7095 4880
9123 5272
7622 219
4831 7750
1034 3942
7804 1179
5478 2127
3351 9830
6077 9349
4296 5001
2671 7435
3235 1926
2149 833
577 18
2172 8681
7931 1322
5861 1144
8632 787
4928 7317
5092 5305
4102 7785
3680 4463
7753 3247
612 4008
5204 7162
8031 7868
9257 7262
5591 3279
9346 8087
9532 9129
3793 4473
7346 5640
2452 3641
149 7461
1231 6834
4317 8081
3267 8693
6121 1342
4835 1323
3996 2136
8275 52
6986 8886
9490 3263
6537 2351
5640 5002
3195 297
8335 9790
7020 4698
5881 6725
9437 8929
4032 4079
4277 3691
5469 9451
7062 2753
4936 9107
1427 2961
3574 177
4617 7556
6824 7021
846 8143
5707 3361
5570 8681
7542 5614
3930 7138
229 2623
820 9343
9672 4626
2848 5477
6969 6029
1190 4666
1142 4394
9515 8807
9729 1684
1175 2226
9767 9320
166 2334
520 7657
1176 7434
8002 8192
9812 3127
9776 4433
9712 2063
8619 8589
2305 3611
9797 6186
5662 2337
4119 8467
2048 798
3975 3391
2351 9675
252 8053
4895 9478
7400 9897
2876 7222
4977 7106
3438 6935
9214 4019
3356 8317
2495 189
2748 5002
4644 4407
726 508
1033 2308
5864 9361
160 7951
9390 9528
8456 5411
822 390
7594 2746
3630 8064
639 4076
6887 4548
5770 2414
3621 6649
1455 3139
5065 7107
471 5541
869 7131
2817 4486
4245 9298
1869 3611
2064 5567
1006 97
1820 4797
1932 5413
513 6520
442 2377
3391 5348
3890 4572
4165 9271
8634 8957
4378 5896
5502 4991
9795 6858
9968 2221
3180 9010
5084 1084
2856 9547
9377 2859
6772 717
4544 6745
8795 3985
9817 513
9368 4962
7946 252
937 2007
4097 7005
774 7596
4 6053
9514 6466
759 2319
2247 4252
8525 8569
7777 4335
9495 1785
2613 5770
1652 1636
7017 7812
8531 7862
8315 8170
9182 9828
3936 4695
8247 3610
2964 4022
7446 6517
1596 1367
9286 1280
6599 3436
2265 8604
7060 3794
773 1006
4205 3485
235 791
4793 5751
2784 267
2499 4882
5454 8954
6856 9043
1454 6505
3793 431
8423 7808
5353 8368
7272 6149
8697 7783
1588 7723
2556 5541
9647 3199
4013 866
3427 5787
9011 4280
5607 3966
5585 7032
6313 6887
9554 2635
2111 1306
6960 6761
8723 8354
6427 1793
1178 7921
8107 3085
6050 6942
4308 6203
9092 1693
8905 5594
6584 246
1304 2467
2596 928
6522 2061
3110 3039
2852 890
4915 3587
1133 9720
6661 7771
7487 8879
6074 4823
1025 3478
8583 4333
373 4463
7832 2466
8005 4403
6419 5249
4828 3277
5199 6050
6930 7958
2404 6521
671 8344
1886 5195
9199 4637
4962 3047
3489 2806
8 5032
484 7168
5281 763
6352 3086
1675 9585
274 2228
8660 8499
2522 4832
6025 1072
5274 8616
2840 3872
6521 4540
3434 2012
1274 420
2058 873
4303 1518
4129 1448
5490 6723
1875 153
8163 3435
4345 970
3432 7947
4570 1826
2725 2052
6196 9613
8087 2297
7940 2441
5513 4474
8676 1719
2255 5548
5526 9170
2390 5060
6059 7856
5610 9375
5779 1237
491 6055
5349 9680
4563 8406
7444 8684
5853 9320
4349 6849
6675 129
8542 6367
4013 1396
1485 5675
5446 5650
1875 1475
403 4975
9104 3265
7750 5193
9654 5916
2731 5556
2374 1694
5290 4969
4207 5494
5717 7627
3892 5015
9138 3459
6548 196
5950 9952
8941 6638
9650 9
4572 4777
6349 6166
766 8556
6589 3416
3184 763
4133 1946
4238 6501
4518 7743
632 4526
4303 7536
6988 1290
2117 9535
9553 3751
4254 7145
9415 7032
2940 9953
6617 6560
8373 2209
6137 8846
4851 1005
6860 3996
6369 5475
5248 6632
9228 5122
9785 4721
8169 3009
9301 9753
1275 6834
8541 4408
5490 4094
9295 8440
2649 3955
7456 1498
7566 9662
2361 3808
8210 5268
5195 1206
2594 2185
3664 8755
7856 4966
9054 2725
5631 8932
7465 7089
8934 4778
1626 6800
8251 4167
657 9393
8530 2136
6048 1071
9175 9159
561 5557
2358 8551
3137 6733
5312 6906
8729 3181
3257 7135
6196 1480
7248 9579
1224 9148
2137 7724
1478 462
8813 6124
1748 3495
1231 1574
6899 255
6606 5868
7664 7823
6634 724
405 9710
8745 9037
5813 9719
1461 5658
3751 2134
3654 4454
335 5046
8358 6322
7006 666
9039 8427
2031 8832
5441 8034
1859 788
1999 7400
6672 6486
7841 7777
5153 1928
8376 8758
2890 653
2432 5524
292 7172
330 4203
5845 3782
6986 4212
8709 81
2561 3897
8936 14
2114 4830
2640 9558
6584 6952
7658 3667
6095 7456
2859 9470
1961 624
8996 3358
1426 725
3751 6391
6899 7415
2132 9873
1801 5555
1373 232
5594 1038
1953 9660
5721 2283
5359 1151
5651 6610
5721 6685
6132 5192
8241 1267
8847 9767
4280 5868
797 414
4005 2366
8534 9265
2462 5597
3258 9927
6280 6737
2995 336
6418 3
736 7781
9955 9575
619 7017
5989 7049
4534 9015
5673 6865
5925 940
148 280
6350 598
2552 5973
3017 6960
9723 6424
1499 1984
9214 1938
6489 8984
6488 1825
5620 8843
1658 1051
8748 966
1363 3354
8119 1576
2043 6622
6724 5966
5078 5174
9417 3705
3705 9309
9209 1700
228 3210
3571 7878
7591 3436
245 1434
606 794
948 1021
7350 3582
3131 2546
6071 9804
6007 5021
2407 900
901 5147
9280 5558
1207 6483
1822 8175
2287 7300
3578 7243
993 8638
6261 5942
9509 1569
3297 5740
9689 4271
8428 7411
925 5803
6640 2592
3631 2856
9557 9395
8615 8816
3843 9120
6219 6107
5803 6707
8299 6302
4167 8141
5161 181
9056 234
5133 8767
4213 9767
6840 7460
5622 9867
1042 3582
4832 9463
1582 6958
6244 1885
4921 8532
1961 2074
326 6672
6537 4213
6124 7517
3601 8688
8675 4533
2174 1989
8701 6436
2239 6219
2945 6767
1436 4110
5969 3979
6213 4088
3623 6602
9791 7414
9246 6994
9383 5527
2997 4215
5988 6871
385 4671
9946 8242
6652 9561
9062 6230
8485 9483
1501 5739
1273 1856
2191 9997
2651 2843
3855 2492
7746 5495
9595 5394
3847 4725
2668 4094
2050 9250
3105 5493
8902 3946
5630 3728
1695 7236
9971 9752
5089 4211
42 8760
9132 1191
1736 6847
512 9943
5401 7758
2141 3368
2728 7863
1426 8659
9651 6521
7449 7699
2880 2036
907 5218
2388 3821
545 6408
1885 3016
3847 8591
926 4291
1467 2159
8265 9573
8642 8019
5312 3262
3411 9069
615 766
186 5177
8522 9359
3135 4089
589 6756
1416 3572
6901 3068
1227 6538
2119 5793
504 6851
3106 2276
6375 7816
7404 542
8241 9621
3152 8601
6159 4959
347 2522
8133 2485
1348 280
2036 9729
6635 3588
1281 8493
4322 6315
4610 7233
2587 1426
8208 4835
8609 8591
4930 7571
6600 7214
6556 855
1494 7284
2430 7487
9845 3193
789 5090
4747 9222
870 1418
1713 6542
3451 3953
2625 8375
4732 1585
945 9093
5518 2709
8745 3719
9356 8998
2907 2392
5707 3216
4779 5121
6082 404
7923 2459
7966 3775
1402 5487
8090 9343
1381 6869
6158 2111
5899 3507
4163 1819
8773 9218
4457 3246
5221 6190
2240 4348
946 8281
8596 6421
4209 6411
7500 666
4164 1055
7864 7861
5278 1968
2667 1902
4102 8675
4771 3733
8142 140
4447 2402
2718 6693
3560 9776
6159 7705
8433 8557
4769 476
7233 7211
6438 8959
456 1159
242 1874
5366 3764
153 6985
7474 611
3785 5905
9201 8964
4015 4946
2589 608
2430 9711
4925 346
7460 8197
1269 8325
7458 7162
8629 687
7902 5975
5448 2507
6255 9271
1420 6072
3987 5993
7579 3083
975 9073
6592 4097
7205 344
4251 3063
1209 908
4224 8897
1720 492
2054 5581
8626 7286
2283 9756
4862 3246
5031 8430
8547 444
7314 3831
1384 1867
2603 9165
9211 409
6687 8738
8941 8430
9537 6222
6687 7148
3141 4311
9148 9949
450 6260
6428 6671
5991 6151
5497 769
227 2159
9259 6937
1242 7014
2673 8801
5785 3990
8183 7550
5399 2538
9173 4144
4135 6038
2948 8375
2823 6658
2800 8443
5509 5444
6026 885
8337 2663
669 3072
2748 5076
3944 104
2031 875
7081 2801
9375 5536
9871 7037
9714 4704
1547 9590
6713 6222
4939 7076
8096 4449
8463 6009
2308 2152
9123 8071
7548 1365
7425 2363
338 3193
4671 3512
5264 8781
1479 1253
7148 1399
7506 4382
3936 7255
8877 6280
6697 6531
2881 5190
9112 6154
7450 4360
1665 5493
4977 2653
4086 5319
1069 146
8637 6481
5054 787
737 224
391 2915
7915 5409
8558 3276
6396 8052
4937 3154
5445 6037
6599 157
7539 6572
8644 7433
2034 4344
2225 7581
66 2882
8829 2661
2791 2897
5950 357
7104 4505
1719 2413
6622 320
931 6187
8967 6022
6668 6165
4130 2
5663 2945
8908 4171
2385 9879
9708 2845
652 7748
4291 5115
2993 4092
3065 5843
606 1806
8976 2610
7779 6439
5249 1697
9747 913
6984 1542
7688 4199
6285 476
7620 924
7986 80
9049 3855
4390 5089
1905 2166
5712 7451
9758 7989
7373 5726
284 8151
6490 5363
9618 8246
2046 6230
9719 6745
5987 5137
6849 7480
7093 8870
494 7034
9356 1101
6119 4782
6718 6604
2864 6543
1624 5808
3395 3775
6373 3566
8518 3290
9230 1693
2841 7190
1990 5662
2864 7708
8262 5278
3567 8727
6786 3706
7652 2565
3544 4987
7267 9143
3580 7478
3859 8546
5826 1689
7885 8845
9176 877
9180 5044
5007 2545
692 3119
1784 8050
231 5196
1375 7800
2381 5626
4466 5466
2146 2423
8360 7068
5269 3237
1034 978
7352 6963
7547 8596
9012 8308
2323 2078
9494 8417
3777 9328
6064 4550
1144 3099
8501 3536
4134 3670
3197 90
2207 909
7591 5025
8377 1433
1083 6779
2022 6640
4838 8728
7255 1866
5443 5061
1694 1751
7615 5700
203 2281
8543 7782
6913 6400
8151 8052
1969 5840
7670 6182
9625 1966
5032 5230
9173 3633
6662 4349
1743 9286
6573 4643
7350 4556
2804 9113
6465 5846
8741 6529
5955 2668
5235 7531
7392 7778
784 4913
4453 3677
2864 3328
5402 2028
4566 8503
845 3175
5033 4227
334 8099
6928 6892
2055 8156
939 4658
8689 4491
5785 2656
1595 9345
9025 1394
2635 7843
6926 4864
7975 3173
3114 9739
7410 8848
4505 1086
4174 4972
7867 5637
7322 7196
4049 5083
2334 6761
8436 5684
5428 3444
5200 7271
2869 3854
1307 5827
7416 1302
8762 2779
6504 8771
3787 130
7714 3869
1355 291
4397 371
5883 4972
8512 1041
4725 9489
9303 9354
8625 4211
161 2350
3375 7750
935 7534
6617 5184
2501 877
3331 9579
4755 4503
822 4367
3709 4585
2874 268
9612 3111
6558 5015
4864 4516
3857 4329
3687 4948
3332 3508
6562 1978
3264 750
8158 546
9758 9530
9806 2910
7127 7903
2271 4226
9107 22
5077 6134
5882 3008
9774 2513
6935 5748
4598 7335
1075 4238
2296 7980
1293 2567
5053 9027
9184 7199
4133 9176
844 2683
9517 2231
6324 1567
2738 1741
7952 7376
8100 8815
8361 9957
7477 6063
15 9091
5623 2991
2088 1372
721 1729
7490 6177
5988 9580
4562 3535
6198 4143
7820 8087
5258 5315
7456 4871
4724 2008
6015 2649
9302 3554
1753 9788
387 2456
6246 9887
8156 2377
7447 329
2533 4761
9610 5050
9109 9725
5106 2515
9152 5583
6681 4621
8567 5786
3557 7139
1055 2907
1553 6829
2525 5013
6742 4589
2679 4275
3635 9936
3224 8717
1273 2471
7139 2596
3179 6269
3939 4182
2415 4705
2707 9846
8014 9003
1008 7128
3967 4070
6877 7984
5254 926
2996 7001
8618 2795
1145 7040
7982 4729
4484 6761
1652 3037
9481 2589
9876 4745
6895 2131
9612 1979
2716 3163
9665 9879
6290 1996
7027 8195
7167 729
5766 745
6257 3400
5784 301
1060 7893
443 8030
3488 1708
6301 2876
1138 5944
9190 5911
4299 9450
2492 186
3201 8553
7060 2837
9403 2498
4955 4623
9762 9572
6987 6277
8861 6796
7758 8420
124 7721
4140 5729
1694 6004
964 3515
6433 2717
7146 6427
1309 2012
1159 2404
678 4558
6222 4733
6741 6782
6883 2014
9745 3751
1783 3013
4583 1851
2853 4333
420 749
4602 4567
2629 3622
4916 6673
7287 7351
4510 6713
447 8963
632 2460
9427 5736
6311 1143
4373 4176
4421 3014
6864 5267
6279 8097
8903 9968
1527 2194
6136 8471
8435 3473
9290 1476
1207 8836
8206 2557
4605 4694
9387 204
1158 7456
6663 4291
8323 1219
1347 7284
4267 97
7981 9161
7694 7912
3261 5959
6023 9221
2093 4466
4377 1109
4734 2642
1876 1913
984 987
6767 5192
2105 2305
2329 6678
2678 3313
8354 9702
566 9409
4239 9839
5405 3290
799 4414
7972 7388
9704 1048
9527 9201
967 9096
7977 1764
5954 5354
9314 171
6075 1711
398 1210
7917 6897
5370 7494
9721 9786
788 7209
7215 1429
5347 5666
5473 3683
5631 3250
2203 7158
788 7285
2257 3855
7812 7727
2800 5672
8388 9101
2950 8929
2485 1986
4691 1214
4739 5387
8635 1717
6453 4189
1811 5429
8608 6370
399 4691
3326 6418
8853 7971
1589 4394
9840 1281
7647 162
77 8752
8789 9857
5500 5350
9633 2115
8776 8137
7712 1839
4502 5264
9580 9607
7980 4845
6565 6557
1415 9716
4422 9972
6780 5222
9288 4404
8555 6425
5498 3191
3723 7355
7611 764
4185 2160
9457 8902
7889 5240
3049 6554
5879 4162
2673 4996
4090 3928
5865 4426
6481 9119
4999 8290
5112 3483
5343 6839
1821 9388
1796 8465
6534 2943
6195 142
7672 4767
2915 2128
6093 3973
3213 1746
8755 1306
4203 4745
5674 9002
2227 3343
5753 7471
1611 2332
3755 1668
9178 1617
7503 6361
8164 9478
3043 9444
2235 5163
9381 8468
9477 6811
8959 9437
1933 2006
6057 8062
8350 3207
280 6443
2533 111
5887 8290
2328 1939
2784 567
7101 6255
6466 1135
3583 8095
217 6250
5706 3654
3858 2171
9060 7006
5455 7269
3382 1118
6516 200
1620 3733
2724 8675
7740 4417
785 8046
2385 6360
234 893
4580 651
5592 4482
7873 6712
5777 3858
817 2716
814 1693
6286 3624
6275 3061
9224 882
2885 1241
6002 7743
9491 5988
3477 2340
1622 5153
5157 3773
3496 8037
732 3324
4200 8400
6982 6362
8494 2684
9567 7488
1765 5245
2844 9890
7851 4351
1583 9330
796 9116
3542 267
5497 7197
9624 2152
2433 7120
4371 7610
2138 7545
4824 7241
3424 9445
1856 9032
7787 1542
5942 277
7847 4778
203 9195
3947 4707
2527 4415
4891 2260
8621 5690
5127 5221
4529 3928
6039 277
7421 8942
159 3795
9192 7610
8406 8707
5961 2384
4252 400
4771 4824
635 8769
2750 4016
2147 2904
5214 8106
2607 8410
5462 5897
700 2229
6323 7829
2294 2102
1116 8761
7587 2337
3883 6502
4664 6933
4812 8395
6041 9936
8054 9054
2346 7317
5003 7016
1527 9198
8902 2715
4085 9461
5756 8091
1229 3490
816 7625
9230 159
1297 4970
4555 6228
9825 5834
9206 5781
2355 1349
9671 1867
502 1878
4463 1899
1679 4617
7017 4812
2634 4040
6011 2550
1896 1099
4665 8689
5583 6328
1760 6249
2137 2890
2815 2114
4684 3410
8033 7386
5548 9494
7552 3159
7499 9108
7284 8422
7640 7298
4306 6489
6049 4923
7749 8454
8511 3218
2796 751
5013 4376
8735 6274
805 9239
6082 8130
3377 4695
7454 7301
5823 8356
9434 5883
5987 3417
2494 4583
6696 7976
1134 9160
325 6717
4776 5685
1028 2775
6143 8102
2621 3297
6794 3208
4564 9066
857 7346
2399 6898
351 5452
4809 5669
9868 646
9626 5743
3250 2461
3120 3764
699 8068
2535 1605
1933 7307
4306 6347
6735 1305
1626 2256
9376 4804
6441 9875
7207 4486
3933 1616
8735 8545
8215 5436
7970 6788
6006 5383
1876 3255
720 7870
1925 9555
4786 4988
5353 6035
3858 4233
4332 9759
4558 3151
3635 587
1514 8526
73 211
2771 256
4885 5074
5833 2689
2509 5085
6688 1887
9877 7969
8333 8822
8748 8389
7144 7240
9359 3979
7671 4276
3181 6210
8437 2369
1445 1984
4260 4602
6312 1130
7566 9656
9795 2204
1987 1753
8568 8883
8474 9410
8923 5846
1281 7939
2645 206
4301 1388
3979 5665
4975 6956
5237 5906
1930 8524
6883 3505
2681 9574
6433 4849
6085 2785
8661 9586
6541 8088
762 9024
9721 3486
3906 6633
7394 1230
4648 7017
1735 921
9887 8931
6950 108
7567 5463
8223 9721
3998 1574
9936 8995
7593 310
5688 8327
2187 6065
1586 3970
657 7444
6097 8964
7409 3583
3439 7371
4935 7775
8690 6452
7972 4234
7862 2085
6051 7250
1208 3153
543 490
6637 2041
5679 3400
6772 7973
364 5990
1733 9568
6645 4061
4894 3331
2932 2008
7451 5763
9523 9256
5164 749
362 4800
9130 8973
1083 7936
5580 9342
8273 2237
3691 8583
1603 7327
6109 2716
1900 140
7227 7943
9586 8110
9270 8878
4105 1394
9490 843
9315 1961
8529 9195
2286 7056
9903 6642
2264 2594
2799 91
9239 1144
7884 1570
6428 1845
6966 2581
2515 8419
1423 8302
5718 5871
36 9378
8488 645
8540 5202
8993 3094
896 1044
1780 4463
9626 7868
1491 7943
221 477
9612 4171
7715 3515
7298 9839
3566 9978
9830 4859
7831 6526
184 661
7236 487
9760 2214
6727 1708
3880 6045
9783 2854
229 4318
2842 7146
2997 9580
4873 3553
6262 7754
1715 2230
7687 6566
5588 1983
9498 9716
3567 9588
4768 1627
9765 8141
2008 7518
7920 6174
7425 7005
9879 2868
1773 3512
1015 4869
685 5168
6791 3689
8381 9964
3477 4887
4723 2027
5106 9117
6151 1382
3272 9851
4381 6869
8515 5398
1114 6664
7797 5778
7260 6461
814 946
6553 8815
3444 2864
4172 9966
6318 2361
1494 517
679 2274
4249 1164
4586 3177
1477 5595
9611 7646
8623 9472
4205 7668
2964 8726
3605 3245
6261 5362
1758 6074
1468 9201
9086 3663
4156 5625
6028 7189
4371 2252
2236 8368
2071 7436
3810 4828
5625 4580
3013 785
6748 7040
2511 3959
5722 3452
7469 5353
489 8176
266 4430
2066 7509
8700 2195
8605 4617
5893 7849
3320 5285
9567 6908
5718 9435
8746 5012
3126 5430
139 7222
1810 1069
2269 6048
8123 740
9428 1007
2538 6631
6012 5672
8559 4633
3988 5152
5441 8077
1262 2892
4999 3877
2885 9687
6984 1242
60 2493
876 801
5155 7051
3278 8903
8194 8382
6699 6678
2150 620
537 6464
8103 8885
4082 8965
6901 3683
6668 795
2156 6260
4007 9113
6052 2812
7369 2926
3534 9817
5837 2431
2951 2710
3349 5964
3407 6165
4483 1557
628 1781
7457 2020
7845 8103
9293 5042
8322 7378
3011 7599
6425 1982
3218 8911
2116 2911
9791 4856
2879 5541
3456 3945
9679 3463
589 2306
2823 7302
2825 4940
583 1458
2529 6768
6950 8197
1142 655
1609 824
7694 5438
2472 729
4061 4827
7758 9874
5015 6227
6709 7829
4063 6073
6761 368
3460 9497
6582 2601
8149 2687
5351 4165
8485 6365
2633 3314
2544 4235
8637 8060
394 6472
9629 3413
7418 8287
2112 9895
3079 9630
1196 1101
9640 2442
5628 8840
9057 3480
3874 7001
484 1440
6896 7505
9783 6563
1359 8011
9561 2349
532 4602
8900 4113
6264 2148
8252 7960
7456 626
1838 4225
9541 2947
2907 9909
6814 9502
8639 2130
2968 8304
5043 8597
3123 986
7702 649
7724 7343
2229 5248
3929 91
1863 5553
6711 8639
7077 7268
5414 163
9919 6071
5228 9538
2914 2328
3404 5611
7784 9839
3488 1944
1007 2461
9178 8849
8894 5955
8217 1646
7692 7411
3988 8294
2556 6972
6954 9154
5201 8380
9403 1129
928 2708
4264 3264
4825 1665
2643 7028
9709 4047
7083 7610
7734 186
3547 111
6496 2653
2484 2027
1442 3098
3761 1442
1132 3638
3219 9604
2424 1724
3137 6366
23 6056
5044 222
3542 3651
3997 6475
6621 4837
2932 8225
5193 4562
4048 3081
4446 7387
270 3286
6780 2762
9779 5463
4076 2971
3579 3780
3532 3355
6283 9313
3799 9570
9400 1681
1467 7797
5399 831
8142 5147
60 8997
9999 1366
7655 1557
9386 1700
2186 8819
9303 9088
1395 7831
3575 8087
4465 7331
4690 7934
1603 8752
2498 711
8115 4220
9544 4222
1537 9649
5587 9134
8390 3183
7486 6303
6187 5656
7894 5487
7673 6327
5964 2920
5868 9120
5539 4113
3045 2399
1232 866
7828 7645
8412 9751
6035 5967
5279 8621
8943 3139
2402 4797
7668 2590
6830 331
4945 9627
1593 9353
1274 7492
2658 432
7120 4178
8603 613
9586 5517
789 2358
8288 2661
3437 2077
9402 7831
7504 9941
2687 5883
860 4798
8363 5868
2516 6905
730 935
5380 4444
4049 5079
6534 8562
1440 830
3220 2112
9834 9352
8768 2289
7741 6684
525 6247
3391 5140
16 6090
6526 1328
121 5477
7145 9435
1079 3292
2884 2850
7943 5267
6618 511
7422 6609
1297 7890
4944 4268
6083 2295
6606 838
5218 9019
36 7183
8980 2272
4776 123
2139 680
4219 8485
4239 3224
5928 5352
7755 1952
1813 9655
454 3433
6265 2897
5048 9255
2869 7490
2374 9394
5512 9236
7646 5605
5030 5601
143 6129
467 9269
5149 8394
3881 2714
2363 3255
6721 1057
9509 6851
6467 4518
4941 8254
8151 5618
4436 8958
3794 6612
6497 1191
8012 2086
3404 5546
5690 7123
31 1227
422 3849
1961 927
8277 8945
2773 8622
7014 3900
3226 4869
5815 5635
1299 8208
5739 3437
6459 5333
3636 7773
1734 7539
9043 389
9346 2095
6457 781
6538 1881
3689 3873
6755 4550
384 588
246 309
88 9035
3432 7112
6648 7967
4615 7552
4041 4258
850 6005
6995 9959
3492 7661
1060 1068
5300 5916
6144 8431
6842 8453
45 7626
7031 2122
1478 4167
8450 699
7417 5584
2943 4126
1190 4710
9050 989
526 7643
4532 2275
2463 3023
9000 9607
8626 796
8220 9353
1723 5837
4887 1245
3759 7852
2662 5657
1163 4500
5274 6031
5850 6670
3326 3499
7132 7414
3101 9100
984 60
9987 9290
6909 120
1918 6881
499 4975
955 178
7093 6938
924 3696
243 6697
5650 5855
6578 228
5877 9569
7392 3297
5798 2961
9965 7294
5370 2976
3041 6033
8881 7061
5638 2388
3425 4668
1800 8656
6786 1778
8772 8872
7083 4179
5059 4001
3924 6634
9210 7121
7927 4856
8769 5502
1677 6543
8092 9057
5451 5335
5877 1182
1029 1353
7941 1660
6926 234
52 8204
6769 9592
6804 5321
8860 9395
6657 1945
8308 1036
5313 3125
8061 4246
2020 7503
5791 9748
9891 9498
1252 1650
8858 4770
3066 4067
8364 4826
7612 1721
693 3620
7129 9900
9387 9422
7507 353
2 5223
7763 1877
8298 7187
9901 8090
3796 5293
5848 2796
7794 221
3260 504
8875 7436
8720 8144
9312 5748
3774 3516
870 3206
8511 5550
4125 1276
7599 377
6485 7082
2271 4103
5268 6992
7255 5257
5779 9417
6050 855
4678 3065
7724 7815
5738 1493
1400 5678
1194 4228
1425 1858
7826 5333
5699 7609
3988 2392
2887 2238
7848 9736
1167 3041
9810 5141
3324 5841
5996 1748
5443 1897
8365 9760
9348 3385
7202 4430
2033 7286
3918 4427
7673 8484
1972 9425
1274 1668
1413 6483
2653 8410
9440 226
7922 2439
5946 2073
3189 7237
2908 9538
1098 2279
3669 1728
8250 3231
3453 1338
4099 3689
8844 3322
2165 9303
6149 8919
6674 1921
4682 7356
951 4451
6013 7312
9724 6775
4756 8456
5009 8732
3408 1379
939 2588
4079 8630
3445 320
7800 4259
10 8949
8751 3234
8213 6717
9951 8376
2227 4421
9803 9840
2500 9053
1800 5249
7495 963
2871 2532
8475 7872
8938 2789
8267 1893
1269 3089
339 8210
8550 5023
7379 3423
9593 8899
3071 7468
855 3052
3136 8788
7988 7735
7644 1343
5503 5432
183 7967
8434 4252
2132 4457
9274 7093
4838 9358
3212 4764
7750 5395
4370 6235
5770 6686
775 3582
6500 9086
2022 467
1599 5896
7749 1230
57 1761
9436 9756
3944 4994
2601 4102
2764 5319
3852 2019
3193 7644
4895 4711
3087 2863
6899 8950
2545 1557
2914 322
173 3608
1389 6904
2902 8402
6801 7506
5597 345
412 4678
9871 1000
6542 2436
7258 4457
2063 2181
1047 8682
3838 9356
3235 673
4146 9385
4583 7337
8174 4731
5885 1091
3461 8153
3800 5160
574 4075
1129 7434
6811 3478
6764 2597
2973 1315
6165 1279
5260 4914
3340 3171
2652 1843
3940 3982
8381 6823
8497 359
5766 9242
4806 90
525 1738
4305 9010
4956 4532
8138 6055
7020 4382
5624 3670
6738 2093
9547 9104
4235 9188
7830 8023
4002 9766
1830 443
7613 5277
4825 1633
1324 569
1850 2803
3577 1415
9467 4921
6340 3948
5820 3624
4218 1007
7012 799
5052 8545
8947 5609
7982 7293
4453 4221
7612 6497
2383 6746
1032 6871
9339 2377
517 8780
8150 7329
1690 3431
2258 6925
2320 5426
610 9064
225 390
2119 2393
9554 2065
7022 129
5194 3199
5762 2876
7633 2895
1431 7537
6919 541
60 7605
3889 6704
5142 9397
904 6700
6037 4884
2819 7720
733 4033
4192 2008
4151 9860
6320 8974
9828 1131
6831 347
1309 8156
4333 3704
2638 7997
6878 1681
3498 2643
8471 7412
7495 4595
8054 3733
5761 222
9588 1454
2304 6978
127 3578
8060 821
5331 1761
9450 7363
2967 417
283 7832
4895 5552
9400 5298
6040 3728
3534 9441
5903 9619
6496 3011
7397 5618
6818 517
1112 1463
3244 4346
4348 5139
3692 9823
1753 9113
4838 7189
2110 4853
5040 408
2529 4428
805 2043
7264 205
7893 5128
6139 99
7496 909
953 5879
366 9503
4666 5512
1028 5475
7090 4805
9340 765
6050 292
148 3519
1601 3159
7728 7760
3595 22
6610 2997
3740 5597
1110 7550
1113 4956
320 6797
8247 6827
1 5716
9739 3137
8909 1312
4443 6973
9625 2547
1767 6575
1084 7103
5385 8402
5262 6984
9039 5528
2661 1993
5070 3430
148 9701
7485 7835
7208 3087
8396 4615
8401 3636
5159 9782
4685 6186
5784 1965
7208 7148
5239 1781
289 1220
4591 1026
5513 1960
3640 711
9783 8539
1013 7023
2213 8044
5750 2894
5270 5336
2051 6509
8440 9571
710 2396
3557 5687
7933 8734
4004 2308
8467 4270
640 7642
7165 3070
9293 3179
956 9102
3181 4199
9744 4748
9640 9233
7775 6835
3469 7353
8169 2872
6726 5015
9602 5675
9621 500
2333 9983
6383 3455
4596 8426
3718 5993
8146 1403
498 9733
9871 8905
9866 2511
488 6952
536 5150
5319 9928
8343 1265
7163 6133
2745 3066
4564 6250
9635 6168
4249 4567
4067 6186
5730 8093
227 5348
8469 9358
9082 9948
7206 7977
8005 8348
3750 1457
8256 7090
3146 1977
4800 4588
6799 2308
8339 6050
9653 7665
2562 8765
5333 9461
7247 6361
9496 6405
5666 9137
3778 2480
4133 4378
2040 74
7742 3700
7485 4898
5840 8562
3312 3597
9569 5099
7536 5315
6190 2055
4737 6821
3923 156
463 8069
3255 5596
4659 1233
6432 3688
9456 6787
3966 8703
3948 2807
8948 3143
9189 8062
3916 6135
9788 4179
8400 5865
8091 2252
2874 5683
648 7068
8571 3847
9257 9252
5431 9987
1113 6710
3847 4822
6235 2367
6166 4750
7730 2397
1393 4295
4341 7694
5510 1193
3418 3430
8490 8077
8126 6331
7514 498
5049 1071
1459 24
6961 3307
7039 5073
5834 5419
8914 1418
1320 7196
7002 9973
3740 1390
3449 1429
2079 6313
3956 5760
8229 8493
6722 9403
3506 8101
1816 8384
8321 7521
6855 5713
7282 8203
2300 5467
3302 4263
476 2343
1285 7602
5524 2549
8538 5045
5668 6959
2987 6310
7751 8198
433 1447
908 8327
7080 7418
1655 2564
7617 853
4909 3890
31 1331
9209 2813
7105 173
5212 8932
8041 8858
8008 2737
106 2413
6916 9845
3753 8366
2733 1869
6312 7672
8788 4857
7030 744
5856 2803
5132 9035
8965 7321
5396 9640
7651 2563
5280 74
2555 3008
6701 3867
4862 3547
7155 3536
456 7975
5518 8225
6900 1689
2930 9480
6035 218
7770 6538
6690 5538
7098 4059
582 7091
6806 6890
346 4533
4165 1533
1188 1473
725 4395
4575 5014
3457 2630
307 4533
4608 8666
6608 6190
3299 2689
859 4798
7905 6364
3986 1818
2535 1898
8503 1747
7072 5925
8670 18
3531 7709
2934 5799
8905 6621
3423 846
4772 5670
1841 9199
9628 3759
9418 9212
8575 8889
2314 2697
1177 3819
7620 6197
6544 3115
1171 4945
1426 1032
2266 4791
6596 9771
8918 7160
998 4576
3076 9923
2695 562
3329 7487
8282 5117
6497 4798
9881 7939
270 512
15 2802
9955 6444
1987 6479
9608 1148
5752 4377
4805 6264
4480 3824
6510 4532
3842 8204
1485 9216
9312 8501
3670 3516
3815 8949
9715 524
9063 5453
7753 8413
4326 1131
6566 7444
1729 2929
9101 6923
7161 9902
1094 1949
1381 3545
9615 14
6255 2806
6194 6853
5297 1657
6871 916
9006 515
5639 4134
5490 139
2691 7547
6924 6657
7483 8263
9147 9521
4120 1913
3981 7503
7981 3598
9230 3169
9378 5994
9580 8507
6005 3041
9705 5878
7503 2105
3065 7835
9055 7296
556 731
7861 2818
5560 9577
5103 5051
4760 9426
5592 8343
7627 71
2354 1341
2183 9885
3488 6962
3466 797
9516 5863
1826 1340
2297 7168
9807 4444
9343 4159
7287 960
230 6116
5932 9227
3176 8354
6443 6740
7460 5037
8009 6743
1850 9631
5008 6976
1248 2252
1001 7064
675 2797
3659 2104
7049 4279
7902 330
2724 7684
725 3551
7639 4452
2548 7374
1977 3928
6843 5276
5909 2546
963 1083
5452 356
9738 6846
6281 7410
9320 4153
2803 5906
9541 788
2305 6404
5394 6464
6842 7747
8524 3236
4060 6258
9741 3564
307 8627
2443 2619
6816 2942
1950 8142
6877 6350
4959 5158
3810 9899
1114 1762
6406 9793
1421 7009
9344 407
4260 2172
6915 6391
4390 6100
8569 6236
4628 792
1597 8450
6834 1236
7749 532
9578 2260
920 8273
6285 2532
7459 2499
7150 707
5384 8282
3111 5326
9001 4274
6406 4790
481 8537
9900 3551
1040 5341
5599 2946
1340 15
4038 150
9994 1161
3745 7781
7328 6578
5701 5344
8535 7692
4922 4163
3481 9061
9554 3498
3292 1088
1373 2835
1028 1803
4543 9337
2831 9286
5085 7863
1927 7088
3369 6076
2500 4777
1946 8160
8549 3176
7815 1948
8730 6911
6694 4968
1805 7014
8759 2550
9919 5106
5041 4152
4468 2464
997 9384
5956 8456
5433 9259
4615 1317
5673 5566
2899 4740
22 5343
2487 6001
1111 6455
2741 8187
8102 5466
526 2700
9807 862
7126 9830
7030 939
3964 7995
7003 6615
2885 1523
527 2572
5705 5423
674 8193
8410 218
645 6620
49 6591
6493 3715
1786 7414
5205 9883
7910 6911
9689 8361
5126 9767
8918 9174
6378 3758
5117 834
9599 5185
3367 1551
3001 4988
1782 9318
864 9331
6000 3348
4701 5687
944 3728
203 1692
3105 7031
2681 9360
7711 1847
3275 8355
8850 4797
6540 692
9496 5126
3453 6831
2193 6252
37 282
6400 9093
5692 5210
3235 5027
3069 1106
6704 2528
5106 7914
5245 9935
7578 9541
5610 9939
6250 9783
982 8124
8213 514
201 6900
4864 4746
7459 5898
4119 6194
9444 4002
9298 9868
4676 3882
5013 8724
8265 4264
8884 6394
2345 4143
934 4540
2493 7550
1667 4235
8810 6386
682 7819
9823 4312
5317 5260
1633 2451
9562 3090
600 4124
1466 3861
1803 3779
5551 8907
4800 6269
878 5762
5717 4255
8417 4177
7169 9534
592 1189
1603 2607
2758 5621
7573 5671
3894 2929
8169 1111
3506 4639
1122 5186
9209 4614
8889 899
8769 293
7465 1766
940 8974
2440 6522
514 5602
2546 4801
9053 4173
3564 599
4129 4124
6198 1477
8432 5243
8470 151
3011 9000
3004 1740
3187 5643
7624 1503
4816 3469
4959 2831
2900 4310
8134 9042
5943 9985
9169 9775
7033 825
277 8761
226 6103
7597 2526
6013 1986
7937 8759
3444 6123
4029 4959
1877 2125
2288 6389
9810 8954
8047 5601
7127 6594
9839 1596
533 7299
9748 4058
4267 9285
140 9411
554 1600
3110 8869
1171 6097
3484 7939
9596 6061
9524 3956
2079 8817
2696 1881
6857 4473
566 9792
8038 4004
3979 2849
9597 8861
5845 614
3027 472
5495 1066
5451 4760
8512 3701
2884 831
9534 8114
6760 2776
6375 9478
4019 2219
7225 1331
3312 1790
7463 4659
2592 8155
7627 3802
6313 9778
7544 8417
5684 6867
2144 4299
269 1944
4041 4411
4324 6051
8818 3042
731 5589
8995 7773
6716 796
2099 3002
8375 3937
7961 9678
4485 8784
2593 4380
799 1607
4538 646
7197 9316
9695 2247
577 5382
5675 770
5657 5491
938 5248
1260 6233
2742 7107
5504 5382
810 2787
4931 6722
3777 6323
2331 4135
1638 2316
6079 4528
1861 5597
6208 6275
3152 8270
1054 1898
9623 7849
3228 7721
4076 3059
1976 7822
738 5609
1487 9089
5346 6715
6566 1813
8936 3937
3193 8961
2412 7336
4720 7098
5416 3433
4816 2750
1742 6173
2280 9641
5469 4299
2080 1837
5679 2390
8278 5696
6003 3593
5963 1151
8442 6075
4993 4311
9284 7166
4032 9977
289 2105
2241 1219
9943 2804
1287 9476
2701 7545
2006 4936
8551 6076
2422 3131
4107 6259
1796 2650
4658 6333
5886 3346
4578 9210
2633 4874
7637 9878
4656 9581
1834 1491
1743 1480
3608 8968
1309 7686
7881 5796
6120 6069
6802 4151
482 8082
1121 6191
6583 2273
1619 816
1187 4267
2737 1986
4433 4242
8934 7107
6026 7113
1897 5907
6785 9800
9470 504
820 607
6242 9989
4270 6436
5125 7886
9631 1767
1628 8977
7392 4929
4120 3797
8749 1111
289 6676
9828 7010
2713 2105
2000 6121
4221 2207
1538 5884
8183 808
7469 4079
206 5960
4107 2507
4374 538
3481 2614
879 911
9686 6646
9266 2437
4233 1296
5607 6102
2006 2673
6027 4593
4190 678
8869 7419
2434 4672
7167 5616
4674 1269
6575 903
5226 2773
4393 5522
666 7583
6817 7994
2562 1197
252 7582
4469 2904
7786 9782
2904 5047
8475 5493
206 2387
1592 4713
7053 9316
8271 8124
1388 2222
9382 8451
1712 8686
2894 3557
6110 3295
3861 4144
6260 1354
5215 9900
9591 8553
3052 3774
1862 1628
6954 4051
7449 6188
2214 7638
4392 3253
282 1072
9146 8458
8233 3924
6996 4808
9808 5354
1240 2998
30 644
6004 6607
4730 904
9092 7177
2190 6836
4804 1408
1664 4773
354 4902
4545 9731
6379 7523
2647 2412
3212 6686
2217 6426
9255 504
5540 3720
2232 343
8056 7473
9314 5122
749 8005
2331 9975
7526 4027
1834 4085
5465 6621
6587 9350
9198 8567
1084 9243
2621 3486
1954 9146
5034 2420
2634 6586
8335 9573
2198 1907
5431 6243
9102 6543
3432 5864
1254 6845
6414 3608
7906 8816
268 671
7427 8916
6449 9939
4397 5563
6227 9888
7865 160
7680 9437
5221 9219
8386 69
7694 2710
7677 5492
7451 3369
5628 8129
7969 4490
3205 2565
8130 9638
908 2571
7544 4551
4851 5700
1826 682
661 2906
3033 6937
208 5208
9810 6302
5856 946
8232 5685
2759 4749
3667 8
3482 4105
8848 8419
1094 9090
5904 9464
8152 2826
1945 4103
1744 7569
6353 4275
8134 590
8728 2905
8554 6290
2868 5872
4063 6723
8399 4984
1678 3812
5318 1886
9834 7508
7149 2888
7915 1277
502 6189
1050 7288
130 7230
3636 7864
9849 9966
850 2658
3398 5697
6566 9980
347 1336
2934 9040
6537 2890
1533 2519
6792 2335
488 1937
8818 2479
7127 239
5444 6269
7394 5229
4428 7652
9729 9254
1596 3901
6899 3161
6368 3626
1453 5384
6376 8652
1746 3553
4778 5758
1731 7758
8553 979
1520 2055
7728 6014
9923 6924
7211 6081
4004 7678
5952 64
4739 4035
3577 2734
2640 222
8366 2855
7510 917
4294 8829
6831 2741
6308 1229
4145 870
3608 3239
9744 2500
2064 6643
9423 6412
9521 5151
2489 2374
3185 4245
1479 8835
721 843
7532 2434
8290 7488
1566 9784
7164 1527
9257 9401
969 2825
8476 7313
3863 2514
737 5845
7458 5410
8294 287
1016 6445
2702 7577
8525 2547
5543 6578
7689 9114
269 3482
584 4051
8611 88
3866 2954
7674 4013
3642 9786
3997 6008
7548 2279
6954 9370
3736 8581
41 2128
1084 3886
7030 7890
3309 6503
7700 3953
941 6155
7945 6719
8618 9340
4476 3067
3050 4601
3220 8706
4281 4467
7581 2578
4490 3671
3548 8069
7115 3310
7908 3286
111 6286
8861 4872
5358 2090
1966 8590
9755 8834
2637 3252
7818 1736
8899 1765
1663 1424
3179 4689
2933 6769
6596 2152
1303 7766
2009 2115
9194 1053
7826 8813
8173 2297
1248 1884
8900 4246
5698 6831
1305 3101
4091 4444
4461 8950
1382 7022
724 1624
5618 3868
5417 6012
2527 976
5938 4876
6390 3930
4475 3383
6805 1137
5337 3735
1577 982
334 3610
8668 4000
3343 3531
6867 7043
3649 9841
4978 2687
7663 2651
2739 206
3156 3855
1360 6630
687 6732
4244 9277
371 8583
9613 3321
1626 7614
7037 4227
4858 9780
6494 3121
8550 3056
2227 2938
3140 4544
4889 6353
1947 2256
9329 8827
7488 6853
9728 2217
9848 6063
5804 3076
2660 6561
4040 5599
9925 6501
6230 7588
2563 903
1349 9339
5915 3821
7836 4707
2437 1711
5943 2298
8413 9003
2721 6903
9187 7516
176 7583
533 1961
1033 9362
6389 3190
4983 4068
7189 2845
2292 4226
1038 320
6621 990
9390 7210
4772 1248
5803 7284
7733 9483
4857 1150
9086 7268
3726 5213
1143 1239
4042 1810
1100 2700
6220 9497
4225 6416
8298 3359
6787 9959
9084 4444
3658 494
6277 4618
1667 1520
340 9068
1082 3306
3094 8233
1477 1607
322 6274
4058 157
2153 9358
6258 332
7681 2150
6581 1764
1473 4289
9886 8311
6666 3770
3403 6234
1486 5664
8569 4474
3444 7304
4898 7613
734 9210
55 1556
3272 7234
944 8967
9186 8512
1736 336
6989 9236
576 7728
6633 6516
346 7858
4532 2893
3873 8143
7192 718
6760 1031
2146 5343
3789 7021
8094 687
3981 5175
1972 3090
5591 806
8667 4453
4341 7810
7588 3165
6901 6293
2272 6313
2523 8438
963 3485
5025 4943
4313 3396
7137 6229
1794 5981
1369 5395
1958 4274
1659 1259
940 9113
3398 7773
794 5363
378 3750
2730 9098
6323 2622
7354 4899
1980 9596
7167 9416
3739 504
3267 8790
6542 1350
5309 6229
1401 4316
6990 7050
5814 2639
179 4117
8210 1078
9168 4596
8618 9093
7001 4102
4227 8414
6353 8309
7455 3697
4153 1734
4293 860
6956 3933
7797 84
9649 6618
7433 9461
3031 8635
1076 9823
1574 6971
8062 8527
3040 3358
4046 7025
9573 6433
875 8882
1854 1125
6434 4031
256 9784
1811 5577
4908 4162
4784 562
103 4077
4387 6447
3273 5620
2271 5366
2465 3483
3381 6708
6984 8791
81 1855
122 7917
6662 913
4680 3922
7320 7992
9805 8950
1946 3239
8769 62
4729 6310
600 4352
3983 2242
9088 7017
8016 5444
6593 3991
574 8962
3921 5570
8355 9810
6908 2982
8724 4484
6626 1018
5988 8254
8572 106
3368 4118
7555 4008
4315 7190
4506 5054
1755 5793
3824 7459
8478 5282
2762 1804
9965 6191
8322 4306
9254 6319
159 9091
4476 2376
9987 7550
5698 7509
1085 9032
8473 4003
9384 8976
2405 8203
2835 776
6799 7849
4365 8387
1582 2463
6960 8474
2950 4714
4574 4312
3471 3059
8923 1892
9503 372
3497 2430
1803 8918
4418 5851
7918 7424
8024 3512
5063 116
8086 206
7496 1589
3009 5810
1619 5967
858 5915
5515 8388
8342 5568
3122 5299
4950 8122
1879 2763
1606 5551
6943 9379
1069 7481
5107 883
409 7560
2952 4525
3295 5564
4889 6519
2061 3498
9685 3741
7947 9978
7262 6985
6686 4632
4108 5796
6613 4863
5644 9140
5327 2322
5640 3404
6244 5377
8587 2967
9589 3719
1876 7558
3396 1287
2862 33
8655 9761
8396 1671
9810 4697
4757 3928
7691 4339
2206 7599
7860 4980
6077 3761
4393 8981
4044 3721
7979 201
1197 1198
5316 7460
7770 4167
1621 9150
1982 903
7497 4936
1609 2834
4705 4406
6069 7598
9720 472
8799 1571
8457 4219
8104 3067
2460 8674
241 6276
9035 6031
2175 395
2812 5660
8354 19
1925 218
2370 8441
5017 3697
4995 4640
4934 5086
6009 2770
8647 9351
1021 4133
6525 3214
3922 6384
1330 133
163 3783
1176 3547
6103 4564
6975 7318
2613 5647
6289 2928
3432 7355
6931 4695
9316 4218
3737 7872
4932 6463
6148 9911
3355 7086
434 4183
7921 6289
3124 920
3741 5546
1076 3022
8265 3665
793 4217
2689 9349
9837 2586
4886 9216
3632 5749
9384 8552
7614 1062
3654 4286
8382 9718
4576 7527
1360 6980
3659 716
6033 4665
551 3996
557 4582
1926 9049
8858 1750
8237 2100
4125 2395
7003 5659
4003 2294
2575 5311
1977 110
499 9464
8860 6004
2569 6861
4072 2677
5841 9551
4744 2025
5426 8245
9800 1912
8592 1379
8022 3877
3922 5040
9744 5461
7791 1209
8116 5509
6234 5934
1127 4225
8582 4202
2583 3061
1775 6548
5431 659
9200 8011
8305 3325
408 4834
139 7418
9985 1431
4131 8071
9839 3547
5225 1460
7567 7404
4044 4014
7224 3247
4270 9883
6576 3953
6662 4257
5109 48
5032 4512
220 9616
6802 7791
125 117
9278 212
1123 7449
4961 9037
8198 5882
7913 1852
5161 5609
8737 2137
444 7438
8801 8443
2719 7839
4047 3095
6482 8243
9451 1172
6973 1605
9516 9446
1311 860
5830 1785
4974 7056
558 7226
2701 6108
5372 3015
6580 8642
6755 6160
59 4413
1011 8613
18 1144
9258 9927
4203 1904
1123 2560
7257 8280
5052 1372
7797 4727
3421 4987
7764 3006
8455 2490
5254 689
7798 3539
5581 6473
9119 8151
5890 2183
8146 2659
9874 546
6302 2024
2568 6935
4949 350
2220 6536
4623 5938
1994 8788
2191 6412
1752 6262
1213 1144
2465 3999
6661 9610
208 1318
6078 2858
4308 4855
4414 1767
8189 5732
8516 4708
67 8344
1848 4058
5500 9818
3995 850
7816 8229
6666 9115
3160 16
9277 3408
2167 293
1171 1967
3876 7050
8118 3807
8121 185
6391 8674
1659 7947
6950 4815
327 3569
7575 3694
9333 5390
3912 6422
5728 1078
8887 6503
7813 2859
4776 2500
2832 2449
5589 7291
6650 3640
8868 6134
8604 7958
2148 2014
7754 5218
7097 5304
3368 4286
9235 2859
7624 4339
2970 3849
6970 3287
5625 9016
1968 7457
84 7129
424 6336
9276 9805
6735 8818
7 200
6133 8046
6609 5
8616 2183
3055 7695
8733 3823
3289 8893
2735 177
8126 7610
1960 1226
4919 8960
1431 134
315 3516
5897 5089
7493 8650
7815 9097
8440 6499
5302 9124
6293 8009
6808 6026
7899 9370
6069 6108
5645 7700
477 4946
8773 7052
655 5208
7340 1289
6032 702
851 7611
3717 6898
7538 2470
4949 7529
162 9910
2326 9002
8949 1092
8023 1186
6505 6759
2520 7786
1203 1945
1097 7461
2779 708
9696 359
600 5133
4320 8553
1414 8909
640 3494
3704 251
2327 386
6449 8841
2242 192
1653 4393
9776 5044
1140 8641
1026 8738
529 8214
3349 820
3707 7848
2555 3101
4518 7466
4585 4194
9761 1504
5665 4082
531 5725
5999 5948
6925 2828
1761 2218
9429 6995
9815 4548
2409 1307
4480 4469
5076 748
8367 4541
9410 5485
3570 6144
3617 1120
9595 9902
1594 9302
2610 2488
5703 9606
1733 2481
2644 4279
161 2275
2078 8326
8963 9226
1183 4024
2296 6816
4713 2924
1306 5958
1235 1547
5291 3261
500 8658
1663 916
4141 3789
4017 2598
7882 7470
4116 3835
7027 2488
2939 269
7882 4139
4556 8449
1043 7080
1734 5930
3272 3616
6005 9102
847 8116
637 3245
9944 6559
3960 6042
8814 3647
7717 8740
7529 896
1009 3480
837 5061
8065 7664
4125 6359
4928 3099
4074 7214
1961 1627
7282 6868
7217 3933
6082 6077
3976 5591
6407 1623
6858 5400
2530 4555
6496 2865
544 1932
9057 4139
8010 2712
6374 5907
8679 7285
9459 7126
9771 1746
6528 3735
89 4492
4230 5718
4950 6008
459 7481
3873 5596
7042 9667
5433 5485
6398 6662
1208 4256
6230 1726
7249 9353
745 1478
387 5887
3483 3643
5092 2676
4718 824
8647 7663
4755 606
2005 5527
6170 3894
7303 6760
6433 2972
7687 377
8284 763
7915 9603
9535 8709
377 715
5727 5537
2322 7473
8881 2856
4358 6554
6904 5748
2053 6097
6428 1620
7249 8632
9207 1451
8077 9920
7674 4487
9649 3650
6041 6462
1044 898
2343 4711
9048 7378
7825 3356
4688 543
3103 3856
3594 928
2010 65
4941 7513
1997 1070
7835 6877
6441 1777
7434 2205
441 3914
3023 8195
1390 9612
2070 6893
3825 3183
7854 3614
9897 7093
4342 1688
2221 6047
1617 2008
4781 1130
8235 5327
3310 1804
5235 5085
7389 6016
1808 8588
6582 9398
8167 4550
1315 7711
5184 112
323 9468
1063 3793
9682 486
3283 2360
2728 7937
8538 3543
1626 6481
4007 2731
3578 3939
5146 8228
2870 7722
6738 4153
717 729
6531 1518
3272 2342
6298 5967
2273 7015
6413 7386
4739 7313
9996 3642
9905 7822
1023 3079
7542 4692
3139 80
2567 8818
2677 6256
6804 5270
3586 6605
7431 8381
7180 7060
7601 9590
8101 2348
12 121
7434 2865
7257 2224
3955 5936
9212 6794
386 2333
967 9638
5718 2697
1316 758
7006 9022
1243 5753
1858 3533
4435 3750
4151 4771
2055 7411
6732 1857
9476 5693
195 1495
8737 6166
5551 9193
6520 8195
7325 7730
647 1912
7977 2475
1020 9226
5602 6367
2943 4260
8243 1518
5914 8708
1306 9113
2314 6824
6183 3899
6499 3671
1920 5718
3267 4813
6663 4411
4223 4251
7446 6227
7708 832
2510 4054
9970 6072
7865 4960
4371 5926
9255 1886
9057 600
6566 352
1493 8214
4126 7312
9686 2085
229 8297
8604 5946
4537 634
7104 9656
3227 5535
7476 5708
2641 2832
9211 7596
7880 1588
2556 3501
8839 9115
4451 6300
6780 1479
6755 9563
4785 1301
1624 8507
9260 118
5448 8428
8014 8838
8524 4243
3149 1950
8708 4434
6845 3453
5742 1710
1840 9981
7071 9669
9710 7602
8769 9367
9246 5981
1616 4386
5596 3089
1476 6773
1203 7788
100 8426
6211 5097
6216 2971
9421 9150
3204 4935
3375 3830
1011 950
9122 3067
6653 6034
3566 6549
8515 7643
8247 2809
8672 8806
3972 2606
4082 4419
9908 5000
9988 7493
6487 1775
223 5511
8023 816
4759 6065
4405 7339
9808 1728
1230 4239
2410 5169
1293 5182
7186 305
2231 8285
4523 3174
959 2011
3048 6119
8648 7802
3037 4661
5392 9627
2924 119
3674 4157
863 2852
8 8586
5180 8865
9415 989
1355 7153
5436 7562
7789 8109
2193 5848
4936 3702
2684 1398
8480 7122
9447 7040
5038 7888
3605 7856
1790 207
1655 2176
3355 7403
6901 1936
7416 4104
6757 181
3529 6141
6242 5548
8309 5873
187 8680
3592 3225
8627 4608
7852 6768
6431 4847
5948 4110
3735 1690
1741 9754
532 1283
6821 7078
7078 347
2474 3469
7759 9231
5507 359
9818 6166
7883 3671
4495 4489
3691 9892
5429 4105
1543 7702
5146 6431
6961 8492
8737 8964
8030 8295
1375 6543
4496 7951
2175 7588
1508 7757
8818 2890
5390 3111
2544 2378
3015 3918
5429 7813
9456 164
830 1454
8291 4002
3955 3037
7321 1422
3466 613
276 9350
189 3805
9191 9262
2315 9410
5594 309
8255 6978
6481 4299
7185 72
5908 3873
4307 9067
8288 5675
122 5820
4421 2985
8691 6833
9988 1485
3147 6170
8751 5273
259 3110
2802 7306
6044 9051
4957 395
4647 4685
6802 753
3446 8898
2892 7832
5030 6081
6238 3465
4493 9402
7739 9390
5363 3608
7261 9206
5663 7809
5860 3541
584 8506
769 3345
9975 3901
4438 8095
6986 3072
2372 8801
4736 4916
4291 7988
8853 1207
993 5360
3311 6833
4603 4565
8146 4770
1803 7646
9424 6461
2191 3188
9508 2851
4028 7545
1544 3939
7756 3270
1787 5226
5162 6982
8060 9413
448 4265
4624 9308
6206 7050
7054 5471
8942 983
9256 3359
7709 7492
7141 2900
3789 8218
7537 7718
3062 359
9629 760
4415 5611
7339 6424
4176 2270
6346 8707
6113 4938
4795 231
3628 8323
6576 8740
2625 1262
4016 5796
9357 1761
3234 7757
6048 6059
5317 9948
4173 7758
9321 2376
382 2301
7295 7133
8494 8649
5161 7920
28 1925
5580 9777
233 3930
9900 7412
3847 5522
8115 4960
8756 9947
3379 8846
5115 302
8535 9924
4066 7497
6858 5477
9876 9406
9932 7047
5316 5081
3500 2221
8206 4702
2015 238
3990 4587
6748 79
7215 7150
3410 8903
2105 7195
6886 4481
4894 5885
9559 9679
6916 476
1711 9688
8279 4697
1886 3596
2890 7163
323 6209
8748 220
2241 4934
9459 7646
9918 8192
1192 1062
585 2812
4811 7450
7007 9737
6978 7683
1679 1983
2300 7341
2987 2759
8682 7827
3449 4161
7724 9742
7679 7130
3544 5134
2119 5759
360 7909
3574 6240
7437 6630
576 5406
9106 9194
8349 3528
3480 9656
5994 8323
3108 6697
8951 717
8544 1440
2823 4449
4981 7287
1487 7034
6689 1017
8488 6880
7431 5401
5498 5728
1531 2272
7049 6320
6009 4080
318 3566
8721 6141
479 9680
4081 5951
6743 8093
5686 3763
5154 4199
8557 3417
9777 4233
1236 3699
6727 1609
954 5674
3871 6594
6955 1406
7820 4032
3761 2196
5959 7664
7619 293
3280 4386
6394 7506
100 9133
6558 8980
2609 310
4123 4255
4109 9759
3426 7454
3660 2994
7216 9035
4227 9648
944 4349
8089 7513
2379 9089
9819 5445
3899 8451
3540 6128
6745 8133
6859 6936
3253 4148
4915 8762
3536 5748
3342 9000
7826 4961
9645 9548
8211 2935
1800 7045
5456 4363
9587 7326
1364 5221
8519 8808
8610 8912
4904 1653
8580 719
3002 5477
5004 8282
9558 7027
4475 9963
5833 1231
3833 4711
4666 9893
4912 3457
6174 8151
2121 5933
8207 4075
6183 9151
862 110
9013 2711
4108 3085
5614 3224
6030 2469
1520 287
4525 9569
8756 4612
8103 9818
9181 7815
5810 3093
6582 2150
3589 2632
396 2588
8047 2885
7064 981
8181 1871
12 2726
9218 9270
291 8043
2478 6351
3986 5156
124 7624
6910 2601
5344 9109
535 5530
3503 2646
24 8228
9837 8692
1149 2517
3497 7231
513 5631
7766 4231
9841 2906
1409 1817
838 8573
4822 5754
2439 3910
6641 3222
1488 1501
3068 3177
6552 3185
5928 7073
4751 2778
8486 6750
3978 7600
425 9689
4923 2781
4571 7259
3191 1670
6266 6897
1029 8670
517 5905
5465 8109
3436 6019
7636 2877
7370 7391
9683 3793
5354 1342
5608 8675
5730 1419
1305 3100
2955 2525
151 9807
2276 4077
891 3895
5211 7809
4331 4046
2492 7883
1542 8728
4858 9526
4004 8830
4056 3983
9246 6664
4260 644
662 2957
5205 2062
9619 4313
1690 2160
8151 9939
7014 3337
356 6088
5078 6698
298 1152
520 101
8004 306
9376 3797
2598 2782
9267 494
541 3846
9876 2426
30 8368
7448 9325
7642 1928
7626 2891
1177 8704
2804 5045
3566 6342
4776 1780
5681 6702
2134 1805
5121 5550
3822 6515
4661 9712
8619 4449
4263 5068
1966 174
7309 2379
3971 2336
6546 2181
6391 6415
8762 2399
7646 8426
1670 9787
2766 2220
447 1062
3302 791
6786 9025
9372 2001
1057 8745
9320 3336
5456 8419
5838 8039
2238 6720
9721 3576
2752 3270
1731 8361
6230 2166
1777 9885
8291 7887
1525 8719
5040 3933
68 1281
1460 4887
9846 338
3647 7208
1619 9993
4955 4471
914 4919
2281 4884
8538 2705
3567 1950
6412 3032
3661 5098
6127 59
6279 8036
142 2465
4007 8986
1177 8818
4941 7359
8579 8957
7110 5298
9639 7158
3286 414
652 1316
2447 1753
24 3980
5589 8188
3403 2398
7220 4187
7916 4649
7571 1794
5649 4973
245 9471
6392 7899
1685 5797
6560 4912
5192 3081
691 7114
1745 9633
9486 4562
3248 8150
9188 6077
585 1943
3218 2812
9625 3074
1480 2002
8948 9399
5676 1559
7141 8467
158 872
9180 1672
9469 9683
6538 6614
6272 1005
1796 2932
7642 9247
6005 9473
7660 7426
3380 5763
7266 9309
1048 152
7000 5526
123 2123
6377 9732
8675 6588
1346 765
2467 9991
760 7873
2379 359
5049 6441
1042 1378
8924 8137
2933 9763
2165 2502
5717 871
5708 5350
5671 8654
2749 3586
8758 2787
4390 3797
5483 1290
1650 9589
7585 9800
1208 8656
589 2586
5571 34
7600 227
67 6805
5248 7559
5452 4668
2041 5657
9664 7633
4160 7783
3546 3716
3256 9737
3825 1558
968 833
8009 8170
1127 4283
8980 9572
5993 5850
8015 1145
7258 3293
8521 6423
8885 7166
1741 7546
8693 9011
9357 6702
1691 9313
2219 7986
6876 9431
183 8139
9931 2309
9730 7004
2741 6095
6734 3980
3070 695
448 402
8545 9528
2427 5244
2051 4262
1424 995
8946 1067
192 5868
9554 3543
8020 5342
378 447
6793 7898
9079 1603
3744 5243
6704 2898
618 4695
1286 9653
9321 9767
9566 7473
1672 4781
8744 471
4800 7999
7018 8678
754 7239
9470 6311
1088 6416
3468 4511
8872 131
1279 5876
6441 6642
9571 5211
7402 544
6491 9820
279 400
5835 9442
3067 7303
2621 7664
5809 1818
3254 7192
9649 7493
9717 9601
5089 9675
5077 9186
3223 3920
7717 7596
6430 796
4834 9130
2006 5294
8874 2065
2134 3462
210 8194
4928 9440
9056 337
8420 8342
9625 2308
2329 3602
9018 6772
3044 6168
6648 1929
4711 1729
762 3790
2477 7772
2059 5264
1351 4565
3040 8446
922 3147
5187 7683
6678 3115
1462 2233
9051 1053
1469 9447
3082 2175
9690 253
4395 7601
8067 3657
2805 6353
3503 202
930 3883
2688 6361
7387 8714
5063 6929
9482 6029
2050 1175
1757 5107
4147 3837
6178 4957
3623 247
6465 7081
5405 3312
3746 9782
1307 9802
2980 720
3673 8773
1892 2819
6491 147
2548 1522
1687 5264
133 3709
9834 3339
750 5387
7033 4631
7893 8483
5191 2424
6163 7083
541 6521
9048 3111
2233 4327
6418 8446
4058 6507
2602 4369
3501 8544
5748 528
2157 4888
4251 7878
7960 9913
8177 4235
6761 9069
3867 2139
7624 8445
601 527
2884 4248
2491 41
545 2916
9568 7113
5402 2313
4268 404
3364 1073
3745 4566
1639 6352
9878 8017
1256 4065
4090 3288
9828 6639
2723 6727
8682 2134
5315 3458
3040 9331
9183 701
9569 6868
6404 5393
7865 8262
3300 2228
9440 5178
8794 9068
9124 6627
5144 4451
6242 4306
5490 6231
347 7457
1646 5634
4866 7784
2280 6840
6824 5364
1929 8201
2642 9449
8527 7828
5075 2985
7188 412
5029 9708
5438 5006
6811 9951
4738 6336
1177 4995
4080 2174
6812 3899
6531 5753
5803 9199
8187 9607
7040 1828
5105 3213
9717 5240
6480 7437
5789 2438
6936 5794
6606 1806
9697 6303
8435 5989
9560 3246
9394 56
6985 1403
5473 9350
4971 7243
3757 392
912 2863
4632 2526
964 9778
8568 3760
582 4829
1516 2496
6514 7941
4582 2453
5097 2508
1180 9596
3123 4816
9986 2724
1718 8382
3984 1061
3262 1950
4293 5760
8021 1052
5362 9568
9839 3383
6089 9482
9354 2460
9616 6244
5848 3425
6772 6171
7476 5293
5788 6085
1604 5180
6556 4118
7400 8707
4390 1417
9709 8306
8698 9684
9990 860
5174 2613
1069 7596
1872 9916
2533 2432
9167 8079
1506 3831
549 4849
4721 5652
1149 7423
8602 7391
4793 6440
5452 6121
1253 3732
1206 3721
299 6679
4292 2474
9967 6106
2765 7184
0 5924
1116 659
1642 4455
5564 5691
8553 5252
5358 4481
8877 5578
7590 4102
1506 2326
9475 3431
1726 3781
5804 8078
9949 7259
2664 9874
4995 8394
5945 9264
3556 1922
1447 9105
8958 7501
3695 7952
3890 6505
6054 6525
9729 5979
4364 8344
7344 8208
6505 4105
7920 234
7402 6900
8831 7466
4586 7225
2201 9768
21 5195
4137 4235
8965 7110
9303 1638
1584 390
2010 5031
6790 1032
5245 2386
1680 8157
8227 6496
3200 7860
5678 2719
855 1721
5512 9291
3297 3075
6640 6723
5986 3277
9065 1405
6772 1148
9969 6394
3513 3671
7594 733
996 9505
592 264
8683 5956
5974 7472
5762 5060
5513 6918
3038 9169
3810 4328
2397 2514
5247 8440
7208 3054
592 6096
5656 9741
4781 4607
1468 2589
1707 1366
5718 7546
6445 6753
104 7873
5565 2123
4669 6505
3253 4591
9672 5877
4176 4523
7379 4585
8527 5292
2910 4244
9104 1725
9682 8046
3144 6380
9865 9717
2807 6028
2447 287
1930 1991
6874 3271
1249 9730
259 8979
1321 2722
630 65
3386 796
6657 2619
8408 2512
4373 2501
2940 8122
3342 8462
539 7741
4460 6058
5978 6969
9351 385
2531 9366
7311 8570
3544 3246
6909 1964
9384 7882
8261 7755
8481 8009
2233 8252
5484 966
2717 8700
1632 7918
2912 3377
4295 9679
3132 4385
5413 4034
1739 3085
416 2050
4660 4811
6406 193
4072 2648
6604 5894
186 1792
2349 6054
2476 2854
9190 1380
3033 1376
9297 9739
1510 3880
4167 8826
1563 4755
6432 7155
6594 4471
8608 2939
8215 5634
544 4979
3411 5382
125 3517
4076 327
4341 4729
6902 3800
5596 9699
6486 826
870 2890
4531 8424
2441 6726
1592 631
8359 9438
4167 5260
3161 4782
6229 974
6126 8078
6655 7473
371 3527
6297 9597
4818 65
5477 8453
2819 668
2468 4987
6452 6786
3047 6907
3059 3192
7909 9070
7406 5471
1233 7915
6622 5540
9854 5053
622 9408
6567 9000
6940 9287
1788 8294
5770 2910
9432 4559
2842 230
6717 8566
1707 3626
1046 294
1591 2859
6942 8664
5226 7822
646 7638
5535 6865
8200 4122
5592 8573
8556 2410
5505 321
6290 4123
8999 9247
8198 8000
461 4539
2158 2946
6541 2442
8740 2551
4524 3112
5449 583
9576 5531
928 3749
7790 9182
7113 3293
2307 405
8594 5629
3277 8449
2386 6182
127 1611
9866 2827
1013 3840
4163 5606
7194 2633
5807 730
3976 868
7240 1844
5361 3166
9241 7146
6475 9963
505 176
1582 4023
771 3106
1310 1095
5561 5179
2442 6710
2636 8664
2144 9859
5083 8670
2226 6936
341 2579
4774 6777
4924 2385
931 9785
9077 7111
2983 1420
4262 6595
3714 2849
7599 8226
4109 3273
215 8404
1435 9717
776 753
5916 2444
127 1084
7036 1528
1220 566
7457 1446
219 7082
9775 5943
1077 5553
1475 2787
6462 9134
1327 6994
8806 4829
4982 4504
4323 4997
4061 7881
3902 8829
9588 2506
2028 4911
7724 7300
656 2913
8774 6800
5966 3713
5407 3851
8540 6644
9714 9106
22 474
7531 2589
1241 5628
7695 5968
220 2951
1879 4523
1966 659
1593 5003
7926 5123
5888 1009
8931 8323
632 3682
2518 2809
8322 7853
4919 4508
3472 5839
7684 2543
5866 4454
7725 9607
4423 4916
9580 6543
4171 138
9220 1192
8153 5575
5544 1555
2294 3802
6372 7286
140 169
6023 4302
2524 789
1599 9500
7239 9638
3124 2832
7526 602
7830 8311
9169 7377
9094 6640
9755 2917
6479 1856
2213 7632
5002 6011
2150 1468
8836 8543
4773 7675
2133 3716
9526 7156
6915 6870
286 4901
6721 5470
1398 2850
8327 6877
2438 8775
9944 1181
7617 2273
4541 356
7941 6297
9571 9103
3443 5611
957 4718
2962 6436
1539 4963
2729 5947
1797 908
4220 1469
141 1267
5793 3215
1575 4655
6871 5102
1794 4973
5553 4137
1467 1588
6111 8504
9928 5398
9464 9404
3619 7102
6916 4463
2934 8850
3836 1448
8910 496
6023 8732
3170 9064
1166 2865
4899 3085
6617 3741
5796 3183
1524 5635
7972 1767
3371 5125
4054 481
539 2223
6089 404
3469 2361
8969 2482
1643 1975
8607 9530
9392 8145
2904 8984
9509 7173
7554 8106
3318 733
5462 1687
5417 7388
2825 9958
2277 3086
9036 7797
4809 2466
4666 6886
4 743
1882 619
586 587
3995 9184
5352 6525
2635 9725
5490 8605
7851 7612
810 5720
1581 8284
5805 7843
1135 8699
7406 4588
4023 5789
8268 7197
463 3375
5033 6251
5093 7929
3765 9843
7299 7167
7094 1974
3359 3340
1006 6478
9983 7188
1208 2668
781 9506
7389 6601
38 2385
4558 5256
4829 8367
8534 7496
8140 6178
7966 7495
2766 5309
869 7786
8968 9457
6964 3267
4539 3729
3914 8674
6062 4599
8648 2514
7633 370
7508 8788
4496 6817
6826 9732
8486 1085
6455 6458
1333 3722
6940 1114
8769 9913
7859 5007
8723 3883
1931 5566
949 8987
452 1660
5428 4110
5057 8175
7354 9138
8975 9275
5028 44
6876 6249
4104 1919
6548 8862
1491 1154
8339 2114
1141 838
7350 9284
7287 7367
3788 1378
1863 5599
7566 5899
8758 6712
2132 4512
2604 7859
5136 8128
7133 8429
5957 7664
3119 1324
8955 5972
7739 2008
1705 3650
5005 5013
8370 4220
9231 8393
1833 9601
1322 8028
1214 4374
3734 380
280 9730
7690 9525
4678 1156
2837 1223
2571 8825
2616 6410
5954 2655
2911 1518
7827 2095
473 5387
2065 9111
6720 2422
1299 9161
8825 740
1177 6560
9155 4566
7248 4874
2944 4233
9025 1117
6542 5694
531 3160
6731 2022
5083 8400
7941 9282
769 5594
5825 9913
3175 6193
6389 8100
6260 6901
8233 4563
4844 4386
3972 9874
5504 8004
236 7847
4337 1824
2294 2682
508 2612
3694 4397
8670 6349
811 8670
7675 9913
322 1820
4487 9189
7027 6809
3321 1620
2382 8562
4187 5803
1786 5035
3232 9591
727 6126
1940 3595
3693 1826
1157 6018
7354 9827
4769 8508
3599 3206
8223 7338
7774 1879
8903 9043
2603 660
7102 6245
6661 3670
3443 8910
4499 9482
452 1949
6509 2759
793 6806
1549 7605
7315 7822
9766 7904
2258 5234
4495 732
3659 624
4450 6623
5560 4436
3383 689
5897 1789
8433 8234
7058 6026
6246 4597
5658 5793
8712 2797
2517 197
9852 2468
2355 7944
5920 5634
109 2387
3488 3318
9792 1804
145 2464
455 9297
3092 6212
617 9076
5236 2306
7435 236
1525 7223
2 202
4146 6440
6479 9961
6571 7383
1372 7368
6698 1532
3513 8026
26 8619
6339 9001
8449 8990
6308 5388
5111 2977
6557 3836
5515 1765
758 3463
9325 8616
2843 3071
243 9201
5542 2302
5167 8929
879 8647
2294 4751
6407 6593
1301 2779
1193 8607
5185 7731
2185 4394
4594 6749
8443 9054
1137 4486
6128 7321
4497 9473
7420 7613
3815 8529
1804 1503
198 7157
6231 1697
8054 7686
2053 8263
8024 9230
3706 6670
7776 4074
241 3882
5563 9439
2443 8119
2449 9053
5971 864
5835 2630
3146 8016
7046 2934
6462 3995
7630 9907
876 9293
6422 7270
5714 4238
2049 5474
2285 8002
2741 6992
8726 8012
4608 8304
4184 2073
6526 7573
6248 9965
4743 5447
4735 4670
435 7647
6458 4797
4995 6057
3891 2346
9466 8248
5735 9858
7913 2638
8643 756
6111 6128
5684 2722
5698 6074
8182 7163
1437 2761
2793 6253
8938 8754
595 5560
2283 2546
7159 7134
4247 244
4065 7527
2912 7724
4852 695
4245 9101
7918 5169
2824 1137
2159 122
5053 8581
8472 3522
5120 6748
2136 8851
5973 8208
3207 8451
6379 3733
5282 9068
7977 361
9412 8946
9524 8176
6644 3313
9233 8996
1076 2007
257 2182
8968 5600
5917 8825
6163 9819
8741 7140
2732 6412
1611 1858
374 6211
6133 5886
1527 2700
1261 4446
3209 7966
9282 5093
1092 703
6171 1432
8350 2116
8490 7315
2913 2817
4357 1048
4909 5188
9531 1228
4057 3311
4177 7503
1036 734
7586 8571
7975 4227
8546 6733
6234 4101
6481 8432
1424 5208
5630 6647
3061 9501
6075 664
6061 7821
7010 9525
131 5937
6658 7173
6475 3514
8414 9744
7988 3774
3141 9025
4115 1070
7879 1768
7157 518
485 3944
2235 9743
5010 671
8062 3128
1756 5988
2182 155
2588 6380
803 5425
2588 3956
2009 2423
2189 7784
326 2267
8860 777
791 2861
5558 8221
9583 1138
5586 7387
8593 8359
2979 5454
9121 4976
4674 7461
5338 4052
6816 1731
1319 7865
8617 551
7674 1315
7068 1393
9271 5904
3141 4245
401 4978
7815 4375
3446 6417
7237 7502
95 7934
3868 2592
3974 8742
3730 1474
4324 6972
438 7088
7998 3450
6493 8562
6481 734
3193 998
7092 4853
2215 8757
8820 5495
5862 2340
4541 4033
8832 1162
9893 6476
6195 4551
7008 9336
1965 4395
4364 233
5504 2052
7805 6411
6111 7133
9055 664
638 1305
3979 2478
8905 7569
2902 4792
868 3666
4983 2598
5007 3354
4185 3432
5321 2032
5319 7509
2284 4424
2405 4815
8792 3474
1293 8980
4069 3730
6874 34
8008 4546
2811 8906
7241 447
1422 8023
671 5728
4499 1730
2813 4812
6155 2009
8114 2837
6319 8007
4894 5055
118 2241
2832 8739
3315 2038
4916 8117
1718 9447
6540 6266
6483 5396
7633 5430
488 101
9006 2243
4329 738
9038 9319
8090 6429
9205 4257
9907 3841
2226 1263
3561 8921
3949 6542
794 6568
3266 580
1209 1034
967 5462
7318 5423
1401 9983
1112 5210
7938 124
775 3790
6056 4648
3157 8658
3475 8503
5541 7200
6900 9266
2605 9082
7094 8272
1416 2772
6241 7667
2181 3714
8256 2564
7398 2560
6144 9529
7950 7563
9648 6167
3896 5693
4624 6413
3168 4224
9736 7241
7989 746
6238 7306
3676 6112
2960 9697
3249 9252
5255 2761
3143 178
2295 542
7552 6187
7453 4267
6396 8459
6564 185
593 3098
4655 7446
8285 903
4224 7331
1175 4544
455 9650
8325 3270
7237 8454
7374 6767
6703 15
2563 1493
8203 3954
3868 4115
101 9105
7364 9312
3008 9962
8800 4396
7807 6511
7013 2187
3757 1406
32 6302
2035 8253
173 6254
4641 1360
4822 8142
5188 9057
152 1876
3495 7594
5511 1491
6900 6051
5080 6690
9716 4382
984 9248
857 7706
7297 1236
7795 917
9491 7733
9374 5723
4351 1073
3083 5692
2703 9596
5523 527
5637 7515
4564 5882
4216 895
8029 4077
724 5458
7563 6434
6598 2193
8817 1910
3726 6206
9891 7101
42 6436
6968 3897
7707 441
7454 6571
6890 8856
9783 6610
3157 1518
4122 3364
647 637
7262 5544
5101 5223
663 422
5844 8184
624 238
7206 3004
6176 3710
9866 5189
1607 7202
3594 4851
6999 4419
4238 1018
2950 468
9741 7287
1768 2521
5170 6637
751 5619
1337 8817
698 2339
8971 320
3851 7498
6191 8274
5229 4258
2870 8915
4688 9772
4384 6535
6602 622
8453 7909
3713 3532
2588 6115
1326 6304
1588 6684
838 7338
3141 3509
8074 1180
3705 8463
6606 91
5562 994
4137 7314
3189 1841
3771 2711
7716 9694
3423 2458
1249 1987
8957 7341
918 5043
7305 2568
1965 9419
332 7140
783 2636
4867 4792
4016 6832
3486 9928
4658 2848
3491 4560
4500 8455
1519 6010
2452 8764
9289 543
4458 8370
1830 883
9932 2753
5792 8941
2572 2570
1388 6126
58 162
8443 5583
7330 562
1873 5977
2025 4018
9338 2697
2444 9290
9678 7325
8554 2551
1841 459
8260 7732
8426 315
3337 2235
9696 333
4537 8128
2965 2477
7001 7374
3602 9807
7365 5693
930 7920
4663 5963
8405 6997
4921 2599
6236 8995
4742 9723
9661 3830
7765 2151
3776 1070
5038 7946
4393 8108
54 9496
709 4911
8672 3485
3642 1311
1619 9250
9715 3789
8681 1733
2770 9075
8958 8539
3589 2817
8944 5976
3551 5798
6342 9740
7206 5222
4338 9898
8660 8805
5910 4640
3696 4381
4139 7476
5044 9899
7811 9742
8777 7953
2461 4105
9001 2019
7421 7888
3287 7131
7440 3560
4551 8530
4378 9573
8228 7720
9347 2377
2363 6303
3358 791
8476 6651
7115 7114
8181 1769
675 2206
2285 9718
5208 2054
511 1575
3154 2639
7708 3726
7283 9258
5676 4094
8371 144
6026 346
6025 3857
6684 9082
9425 281
1471 7127
9077 8519
9315 6033
5773 6049
923 3083
2277 3522
9697 3987
5478 6853
9080 5403
5473 2588
8684 3022
9299 9863
7578 2711
1314 157
9068 5046
2367 2838
785 6937
7756 4403
174 5202
5066 318
8141 6953
4388 8586
1682 3331
8779 6831
6371 9220
7953 5391
198 1514
4571 5634
441 9426
2311 5176
3096 9356
8676 8038
3524 2378
2087 9894
5501 5925
2930 9370
2629 348
883 7282
1909 9006
3566 4023
7969 1042
9929 7151
9600 153
182 3239
150 9640
9765 8510
2949 802
5149 99
2684 3892
5022 6150
1707 4334
8201 8883
8264 8088
6524 5701
5555 2394
7147 140
3676 3711
2271 5439
4960 5952
7883 4549
4934 4243
7053 8780
3207 5622
8807 6601
8696 7851
2643 6904
4802 6015
5026 6219
4443 9332
8642 9064
6341 5821
590 6681
6329 3170
1851 8875
1947 3477
5533 9345
9374 2881
2227 283
1571 5458
2956 3272
433 6364
4174 5193
633 7801
5117 9165
1814 8681
3688 9271
8545 2503
6825 7783
6376 2201
9958 509
212 2842
4353 5577
5430 2732
3756 8702
9240 9456
2201 8859
8987 117
6475 914
3139 7738
4192 8499
9863 1457
4781 6414
5930 4334
3646 6768
6419 1496
9744 6154
1161 8931
681 1884
8519 7701
7969 5711
5324 4846
5578 2596
7668 7736
975 4849
3327 6304
7984 7200
5398 892
284 1638
8033 4040
5269 4895
547 1681
3763 5530
3046 2159
6652 3295
8818 1164
7538 6670
7622 9159
559 3599
3851 5791
8190 6404
2351 4995
99 1133
7667 2423
6770 3748
5835 515
2244 2007
7475 790
7758 2654
7589 6744
7690 1197
6487 1154
9029 4302
3253 6442
5788 1123
2699 7627
4828 9578
8933 9043
76 7620
2910 3386
3699 3721
313 3802
4242 2703
5225 3283
170 460
8671 7960
5334 5861
8916 5723
7091 7191
4837 9786
7730 2086
8572 5991
1180 2485
1025 8714
1462 56
270 8629
3631 32
8131 3905
2841 2793
5346 7456
437 9742
8187 5152
8607 6735
5920 8566
7305 665
3967 7202
4269 8657
4085 6282
8706 4209
1899 3626
6748 9666
8506 5815
5082 9694
6380 4906
6155 6902
2639 1260
9550 7667
9590 7309
9064 6699
5998 5311
8950 6646
3946 5643
5536 880
6719 5240
5577 9941
5460 6459
613 5964
3315 7666
8611 8452
3402 5247
6268 7352
2339 6103
2574 4633
2593 3546
6665 7562
6889 6770
3261 4330
988 6987
1011 9817
4065 1196
4390 6409
496 224
2653 4675
4131 4737
9294 2377
810 221
7355 7776
1949 6090
1270 63
6028 6701
9316 2735
1927 8522
2006 1591
2612 9618
1718 7489
2458 501
1348 1046
5944 9512
552 871
472 365
8797 1611
5457 5617
1894 2653
1068 3754
1355 4497
1233 8678
7864 46
8001 3906
9928 683
8003 5817
7884 8567
3275 7870
1053 5055
1761 4031
2178 7886
9104 7152
406 7667
9718 2870
5880 6202
9495 5452
9658 9110
7029 3772
2087 2712
5112 1177
97 1770
8249 3877
8924 7560
6666 8664
6385 6962
6014 7731
1247 4186
485 3584
9739 7656
3782 6445
3653 5327
2276 1391
8623 3932
4714 7615
8418 62
6612 6341
351 1026
5458 4342
313 4277
2580 8107
1799 3363
8587 2130
7761 4042
545 3757
1795 6015
4953 2356
8881 9652
9736 6237
3059 5594
3488 1468
835 1474
3208 186
2310 7012
433 1958
6182 1163
1337 7816
4927 3756
4425 1526
2279 3771
1314 2117
4331 2927
780 6395
8623 4730
6202 9431
2395 4337
5669 591
5119 3960
9470 6368
3995 5231
1214 3405
2815 303
4307 3982
5369 9869
3041 9830
9460 717
7167 3628
781 7127
2624 6264
9875 9071
6230 8638
3914 9630
1233 8774
4009 9614
6399 3972
1870 5779
2398 9861
2115 3185
9981 6607
6247 245
1061 2247
8897 8366
566 6191
8549 7788
7188 9357
8511 7550
9945 3427
693 5620
2745 2460
4264 6419
7812 7177
5075 6646
4364 5409
9244 8608
8904 7652
6877 6208
3475 5061
8873 4169
2350 1502
9775 9239
8392 3583
5178 7100
1666 5597
3699 6318
8620 9647
2575 5149
8089 5462
1921 7605
1 9513
8863 7097
2420 8816
5758 4168
7910 1649
8806 3841
1534 4823
9557 4263
7409 5638
8521 4840
1477 5741
6868 965
1181 3411
7740 7969
9221 811
3850 1742
2297 502
4112 7232
330 6262
5557 7680
1759 7578
2722 450
4792 9183
399 219
8113 4650
3035 9405
8015 1595
9581 894
8336 8996
1500 2778
4040 7379
36 6473
6946 9300
6689 2970
3417 9715
649 2368
8209 8421
9833 5919
3552 8587
6344 8399
1933 3445
42 8175
389 1377
4234 6745
990 8331
9020 9695
8796 3432
8241 4827
6862 6035
5893 6839
7581 2687
1551 8275
315 7275
4056 5442
5470 4034
5539 165
1962 3870
1626 5488
6472 4229
937 2703
5000 6337
8148 2332
3186 630
3047 508
9115 8517
695 7815
5228 4914
5595 154
6338 1997
6595 8173
6995 3282
7544 6520
8164 1671
8156 3422
9503 8207
7071 1332
9506 849
2619 5886
9376 2109
8956 2531
6791 4203
8398 6996
6762 9961
9926 1915
7323 6192
2179 457
4829 2191
9844 5111
3689 3302
5133 5561
1553 1725
6916 2330
4315 8935
8174 3114
9129 2456
940 237
7518 1700
5762 6294
986 2615
4594 279
2536 6532
9442 1166
2951 582
7941 4498
9551 4200
5658 8025
7239 4126
4929 8172
3743 6625
699 1989
2064 5585
612 3712
421 2630
6948 8818
2626 1894
8330 7415
8807 3259
1271 1536
4866 8327
7394 6359
2932 2803
8881 7406
2950 4033
5345 87
5494 2091
6397 8128
4221 7286
2119 8886
8183 6907
7583 8745
6982 4807
7869 1049
9687 9430
401 8855
9340 6905
1170 206
8881 4947
6909 4566
5728 8620
3965 2083
8223 5362
7354 1018
3834 2625
806 8836
6280 1697
9908 3082
6783 3933
6325 5453
2769 2368
9038 9196
3402 7000
9570 1021
5871 6354
9742 580
8293 173
2798 3340
5788 6222
6862 2597
2972 3971
5457 5171
4902 4078
3552 7152
3716 9415
1928 3220
8608 7329
8340 9018
4617 2793
7486 1295
293 8289
1463 9413
3730 4462
1128 3533
7978 4294
5438 2034
5589 5460
4051 6552
5657 4476
9003 948
3710 9150
337 9352
9190 7842
6745 7125
9850 1990
7909 8635
4897 9702
249 3649
4175 918
5438 9147
8115 326
9626 2556
4509 3175
827 7343
2784 9965
8210 6241
3649 2917
7747 6200
1926 146
6988 4506
8689 9742
8204 66
2848 6941
3032 4305
5651 8922
5752 2123
963 3796
5564 7019
4099 3694
4448 5837
9089 1172
4879 8601
4834 2013
6160 2098
5976 7225
8430 7564
8025 9929
1911 6067
3526 1150
7822 9029
57 134
3100 3488
400 8681
9362 8889
1900 2701
6078 6768
3331 3995
9841 9282
3932 8846
4045 1716
1090 564
5852 303
9159 2049
2586 7513
2948 2797
6223 680
4917 3412
7591 28
3434 3961
7519 8758
1430 5062
669 4411
1343 9998
7003 6472
7144 7934
6808 2904
2910 3686
8629 5217
2662 871
6431 7137
6893 272
7642 357
6492 5238
229 2802
2819 322
5840 3223
5903 8086
6512 8439
5820 2986
9204 7392
8260 1545
8286 6327
454 6964
3407 8565
7253 7760
3813 1606
2120 8139
6398 7912
6928 8304
500 5528
6832 6176
2555 2948
6991 849
4529 9613
8726 9094
8281 831
5669 8886
8970 5460
9870 2435
5514 4035
2390 5903
8589 1137
7591 4316
7007 8210
962 9825
8373 7824
6786 180
6174 1267
1140 1100
8861 4178
112 5443
6316 5296
3117 5914
1485 3106
7657 7061
4118 4741
5002 7758
6321 59
1754 2001
9439 2030
3724 5694
9414 850
5440 2670
6868 7641
3344 4957
7895 8896
4866 5625
8079 7801
3024 2461
9148 8734
354 4019
5946 1709
9186 789
4810 5636
8164 9421
9032 7904
8833 1279
2181 8705
2697 5932
940 8504
8500 6871
6494 1252
7234 8238
3175 3239
6121 9078
5083 7564
7652 5677
1390 8251
7544 4038
7431 7195
3809 4212
9412 106
5527 1295
8938 1507
3044 2620
1526 7618
5745 2554
9339 4033
4879 4409
7994 6058
9196 4440
5409 4250
131 8980
4940 8302
5134 3324
9474 9997
7634 2579
972 5772
9555 4073
4393 1639
1816 2213
8833 7343
5775 3978
2410 8514
1014 1413
2876 6639
5400 2280
9984 9313
9663 3277
673 5162
8380 5721
2761 733
3524 1866
6970 612
1759 1535
6171 6660
3266 6127
7672 6729
4297 8852
248 5151
325 5313
8759 5532
406 2182
5080 4459
1466 4661
9320 4037
2339 5809
5388 7480
6243 9856
9250 6920
8112 3498
8206 2762
727 7654
6508 7950
6731 505
307 9555
6326 6056
5122 9557
5965 430
4002 1791
8424 6329
7359 7816
9896 7407
6154 60
8908 1977
9496 2853
2819 3669
2719 9106
9029 5431
6489 5008
5730 5916
2828 7021
1911 1216
6753 9476
4404 5361
9843 4000
4084 3726
4699 8386
1230 4986
838 8830
8485 4215
8399 5927
364 7861
6164 5340
9173 8363
6549 1520
4432 9905
1718 3811
4816 4652
2163 5665
7970 3456
4045 1916
187 8507
4865 9558
1932 5919
3425 5581
7538 7950
4591 9083
7210 6218
3132 2227
3346 7134
4170 2585
9627 2046
5 470
4763 5536
5526 2199
2955 629
743 8052
4173 8883
5592 595
4794 3211
9192 9063
2355 3140
9114 1593
8126 5892
6623 6082
2375 7670
9942 1534
4942 6842
6544 4420
6076 3462
3102 2548
7003 2995
47 7405
9717 4827
4350 9365
1876 6523
9964 687
4909 5198
7116 1358
8583 4205
2291 8415
949 7325
8973 8589
9208 7750
4704 7564
9991 7985
2111 41
4769 5480
5776 3338
7783 4515
8495 6754
7532 4282
4682 9521
6260 7057
6011 1581
8398 4369
602 1400
1143 2956
1721 1849
9413 6526
5524 7478
7037 9346
5390 7207
3627 1643
3524 7406
1070 1380
2715 6037
4895 8916
8461 1794
7855 5411
9717 5641
2911 895
2141 5420
2113 5011
2589 7058
5255 3415
2951 3405
9230 4297
1591 2726
9025 4006
3633 9250
3194 3708
5408 2845
297 5119
4412 1989
6643 6543
3621 2375
1054 9520
1336 1084
6000 9242
9642 8756
7609 6283
4934 4767
3599 532
7949 9831
3023 5171
105 1667
7396 1400
3786 7097
6580 9171
6472 8257
2883 1250
5886 8133
6354 731
827 5522
8674 6178
6161 7082
9969 6878
7605 6342
2635 5094
3749 9491
2431 6342
604 3204
7739 2120
4008 144
8948 6136
5076 3600
2692 5740
8234 4299
1511 7162
4963 9791
1182 2933
9858 7291
9201 3695
9074 8347
5289 6071
9910 6602
9652 287
511 2739
6728 7514
6548 9526
262 1082
2335 2642
2913 437
6215 3645
8898 2835
107 9927
9490 9065
2874 835
9177 8941
8935 6540
1541 5375
1038 4179
4165 8038
6806 9108
2434 1429
241 5639
7670 3249
34 347
9965 1577
180 5913
4068 260
5403 344
7935 3397
1071 7165
2662 9665
9352 1764
2510 3749
1968 6664
2614 9470
2809 5679
4426 4809
3544 7989
8351 8170
4999 6292
9124 2915
4720 5092
5389 153
2963 235
6629 6049
965 2287
7752 5367
6933 1739
6182 4180
7677 1590
2097 9071
4560 9276
2618 6216
543 4446
6911 9090
8793 7731
3039 9646
6078 8212
8733 2997
836 1366
9462 9961
6099 2835
4026 7288
8916 789
4730 9304
9574 9216
4565 7322
8290 1680
8871 6335
8701 7435
550 3964
3234 6343
5203 7141
9583 8786
4302 7237
5893 2924
8831 1178
3291 3301
878 1058
9694 9710
5179 4119
7303 6156
8332 5676
9375 6790
8927 3568
9748 2940
4608 4225
9295 1463
1014 9857
5658 3683
3195 5009
7912 5306
394 8028
5805 3670
607 3969
3361 2233
4671 6617
475 6264
5096 953
9483 2777
2549 4114
8774 9031
8589 3373
6805 4148
587 3897
6076 4631
5245 9342
9776 8320
9529 716
1071 7036
9234 6455
318 5586
2488 1121
9372 2152
3248 6876
7839 9526
8894 1925
6572 3078
339 892
7132 9100
1056 1571
90 4029
5179 1958
2290 2564
2828 674
2103 6971
2233 5285
8893 6089
9888 3968
6184 8958
8009 8386
600 840
8661 1525
4655 1587
4145 4043
7929 5504
9101 195
681 6750
7309 7753
1497 9395
3195 1975
4567 4968
7669 2469
4257 2796
1787 9234
1373 3144
2466 3936
9430 5235
4733 9186
2640 9917
3548 5031
3359 1204
9904 488
685 6544
4222 3412
1787 3203
1705 3528
2122 9608
5112 6193
7076 2371
8015 785
9911 796
1362 1222
8556 4475
6499 8667
382 8652
4412 7163
6578 592
9817 9602
9914 8349
8257 6153
8407 9468
2107 6456
5875 931
4296 9951
7360 5382
6229 729
6653 4673
6698 8486
5795 8957
3531 6166
4974 1152
2321 612
2562 8152
2360 4150
8970 1230
929 8513
768 4083
4669 4162
3280 7974
6745 2468
5570 4600
5752 3068
6328 8597
1949 8390
2260 5272
8157 9085
5879 9934
5383 8429
3470 9747
9351 8877
2140 7870
9403 4445
939 9397
4344 6177
857 5783
2035 8779
5868 114
2081 6126
3865 6106
5691 6131
8098 7940
2041 8379
9415 2711
7455 7845
1433 7388
9319 7725
2271 8031
8446 394
6023 3962
150 4876
8872 6105
9461 9344
9174 3029
4891 1479
6393 8192
8585 2673
732 6590
9652 255
8803 4852
6226 9186
6295 2473
2443 7834
2819 7037
4553 3680
8499 6328
5303 8775
3134 5726
2090 1569
6500 2167
2666 8319
3434 5756
7521 2434
4398 9195
955 1183
1673 2286
4995 1801
7800 8235
1321 2845
2213 7967
6731 3106
3971 4847
6449 3107
6951 491
829 5213
9393 9910
9463 3581
3183 830
7756 2671
5451 3567
4422 4666
911 3490
4069 7328
4204 6347
4434 4936
5155 8743
7648 2275
4271 7834
730 3063
712 5681
2774 5145
146 3914
7529 7127
7727 8091
2096 3527
4075 4462
6572 2118
6768 6418
7497 8524
7788 3693
2035 2041
2411 4225
9083 1857
3307 4414
9518 869
3038 9887
1201 6745
289 1114
1146 7150
5491 8707
2629 2324
7687 7711
9437 1359
7967 2188
8136 8096
9766 9229
5484 931
4595 2606
8336 2784
7075 1208
1780 3194
3188 7306
7554 9564
9648 2293
7203 6069
9983 7306
9687 3022
8550 3607
6989 4047
8495 5190
5103 1431
3171 7609
7754 8576
3749 9933
8242 3846
9580 8517
1022 346
7227 9388
1809 1869
1100 7789
7116 1545
879 3988
3655 3166
8757 6730
2236 7807
784 4927
9122 2077
9535 7530
7052 4971
3681 1511
138 3720
8847 598
8013 3874
7210 6477
3495 7351
5969 1574
4832 8511
6293 4736
6438 9330
8494 9199
43 7326
4825 8302
7722 8930
3602 8962
9271 4947
2288 1861
9708 6436
8127 6265
2444 5920
5317 4995
495 7133
8245 9652
3416 8527
8383 1353
8788 5271
2016 752
7118 1890
1585 5163
6861 9359
9387 7829
6330 1938
7650 557
1895 6079
1648 3692
5981 2416
5805 5819
78 8682
7351 996
474 8796
8590 5025
3891 6569
9864 969
3571 3606
4743 8583
7035 345
1266 402
6717 7414
2184 2760
5189 634
2367 7900
2137 5565
8835 4369
7408 5987
9270 6904
6826 6298
7676 8921
9078 3180
8523 1610
1786 2304
3128 9849
9498 2354
6206 8064
3495 8454
8321 6778
1117 8847
1320 8230
6423 1193
7047 1398
3970 1763
699 6713
5956 424
4444 5975
1773 2853
35 1136
8333 5117
1475 1107
6435 789
1750 4868
944 149
6355 4638
3104 5070
5256 2298
4238 9342
3755 235
6027 7966
6369 4119
4603 6612
167 5000
9207 1802
1581 4978
6163 6530
9109 2445
5267 9553
5417 2517
593 2657
4693 3062
5178 200
8006 9815
5915 6482
8658 4758
2041 9022
4319 472
8338 8279
5474 4384
2681 9263
3663 2037
1221 1039
4628 3656
9997 6492
1209 7208
32 4369
6564 896
3668 2593
2948 3395
9288 4146
3411 5227
7190 592
1597 7784
4263 4156
4264 8624
8898 9211
2961 8485
1371 8645
9836 6398
9285 9243
872 9175
78 488
5199 9767
4649 5526
7806 1286
336 6789
2967 7734
5389 8042
1109 2087
4009 5463
2613 6317
200 6195
7048 3789
1012 9304
3289 3004
8014 5809
4018 1581
1977 9529
1908 1914
9625 5515
5762 2628
9764 3706
3281 2988
3346 9078
9276 6811
6643 5454
5525 6007
4615 175
8929 6993
3967 2481
2053 5498
9471 1094
9308 3975
2892 8296
1513 7711
8585 2088
6282 4296
8597 5633
9830 1183
4623 7875
7279 3611
4895 3506
7687 2742
6769 4410
2948 9972
7204 6708
3707 7689
5065 3701
9618 1762
8214 9929
1257 5512
3034 6843
1183 6099
6669 825
4694 7115
7120 9503
1370 9867
2265 6734
4884 4007
6755 9990
8082 1099
8907 6364
2252 2356
405 1971
2795 7450
9762 4374
1023 5337
630 9879
5923 3472
3082 5908
9140 3053
7116 6480
4552 3548
8524 1607
3711 6912
1541 1892
655 822
8522 7798
6261 3858
7075 5137
7847 9673
2954 6236
6451 5600
8560 4787
2250 9285
5338 9529
1916 322
7368 3698
2032 55
6431 7728
9431 1565
9452 6052
8893 8184
3751 4030
5206 4473
2831 6835
1318 4863
3315 7691
548 6735
4913 774
6387 2251
9155 9020
1001 790
9137 4977
1381 625
136 288
1076 2272
7669 2205
8297 2106
6263 7486
7981 1857
6692 1533
2456 6721
1963 8277
935 7465
8468 3738
3482 9456
5796 7662
1942 3991
2221 6589
8969 8254
7408 3566
9592 7740
9042 8674
6962 1035
7437 8519
7453 5105
5466 2572
1426 663
1785 4849
7976 146
9142 5118
4602 1048
9364 8083
4152 1887
2503 3941
7811 7681
6280 4885
3441 5291
8085 9955
7424 1179
550 2233
1314 7421
8429 1161
1626 9249
3605 1905
7421 1319
8165 690
4174 4438
7081 2331
7588 4647
7145 5999
897 5925
7263 9210
8074 7943
9586 2400
165 1363
2873 4237
8297 3582
1214 2454
2534 4584
4326 1489
5096 4848
6457 32
1649 9980
373 4999
9151 4937
5930 8906
6542 4975
2867 9569
2359 1365
6565 5181
7714 4638
1908 8207
3100 2383
9067 3093
1459 1713
9955 6403
9977 1468
5693 6683
4694 7937
5164 1812
2771 5906
1093 790
2765 849
8572 9932
9445 10
9533 7417
6962 5176
8591 6290
7917 2476
8041 2264
6648 9108
3645 1426
4924 4594
3161 4595
2155 7648
4067 9011
5120 9051
312 7880
2902 5547
8714 7100
4856 8621
5865 6136
7673 7111
81 8488
7929 4068
7214 6167
6387 5630
8398 8490
8007 9263
9601 9741
8961 167
3727 5424
9514 3508
2452 8687
5469 9783
6684 5893
2542 9189
5704 7358
9520 3836
8721 6018
2417 2424
9478 3429
1503 8722
7371 463
7579 5519
3338 2164
5958 5206
2305 3920
8430 4728
9367 6868
4755 5111
5688 1579
1380 4949
7341 2688
1076 9008
8646 5742
338 3368
4983 154
3803 1741
4019 1503
1281 8365
5223 2507
321 8657
4456 8732
4989 9221
1037 1612
3651 8106
8411 2777
2245 2851
2528 2715
705 7644
8052 6094
263 1096
8897 1444
2887 4345
5319 6483
2295 4199
922 1790
8712 1545
2424 4143
173 414
6725 5142
4366 6523
5939 9167
13 3384
3686 8804
2499 2105
1749 5183
695 1595
1636 3050
4328 8979
3580 885
4348 9700
7560 9550
1158 5516
7320 6144
6385 4506
7828 1646
4744 4748
9912 6071
9395 8269
2098 1497
8480 2652
5453 3537
3195 262
163 9833
678 9237
6254 1342
9254 695
898 7240
7746 492
6704 8804
5296 5968
446 3182
46 7092
5395 5980
3489 1766
29 1663
9493 1475
7928 4450
8704 9343
945 7085
9405 7793
1659 2636
6183 2235
8794 4204
2620 8311
7748 5298
1931 702
6110 8316
2204 7254
3804 4888
5525 3937
4322 8804
9544 7465
7185 7496
6120 4381
3103 4483
4491 1349
5733 9731
9219 5468
4708 251
2883 6284
7196 7783
1709 5465
3183 7352
4074 4921
6906 9302
1066 4810
5365 5537
3821 4635
6 2180
9556 617
9331 10
7121 8586
5213 168
7366 5496
4899 2341
3402 877
5602 7379
4887 597
5225 6632
7971 3065
2937 4746
1507 2778
9 4634
7576 9552
5112 5759
1858 8598
5847 8077
9474 8590
9778 8178
3691 3658
3060 8229
3466 7617
8783 3600
5870 2354
485 9761
7115 8557
2734 7075
1736 4275
584 9934
5787 2980
1107 4270
7564 3676
5540 5043
8324 1649
1976 4477
6420 8367
4686 6794
3015 2308
7631 3685
7167 1298
3577 35
7930 5141
4357 5073
3242 6732
22 7439
6211 4233
4263 5856
9073 7587
497 8275
5442 5812
7887 2259
7637 7425
8808 6431
6640 7743
9948 9460
6990 9638
5387 8943
5177 2630
7003 6286
3264 1503
4907 5811
1650 8904
5525 364
1249 9677
2168 1689
6303 7683
6879 2331
4660 5961
4613 5353
830 1686
7177 6183
9594 4378
3373 7492
5815 878
9345 1907
6947 356
9799 2155
1939 4853
1906 2922
3314 4221
2205 950
6222 9536
1296 4438
7778 2258
7480 6653
2823 5483
7979 4189
7473 3208
2291 4736
8495 4049
1001 6783
8373 7259
5310 5973
2414 7605
2899 530
9098 1709
6163 5102
2943 1169
3774 2989
4483 2554
6036 5950
7206 8460
8063 9060
644 3112
5320 4259
7021 1616
1582 2387
3056 6957
5623 6759
5024 2428
4006 7660
6636 9947
3347 134
6096 8807
1205 5700
1143 6622
8510 9678
9637 3918
626 4836
8669 8769
7261 3849
7481 5315
4326 7806
3198 8142
3452 3005
2715 4609
1691 7587
9738 9612
965 4343
1605 6539
4753 1716
776 4283
9993 2869
969 956
6354 6828
4362 9742
1215 9099
5555 5432
1613 9924
9615 4170
3961 7049
4014 5269
1255 8133
3468 9244
1331 7418
9835 9018
2548 9533
7520 9715
4267 7493
8473 9451
6628 7091
6115 8737
2538 9755
5702 5179
2309 6788
5647 6284
7599 3510
3450 3258
5377 9089
2057 4961
3511 8351
2270 8717
4777 8841
2471 3026
5992 328
3693 4888
6937 9245
1658 757
1149 9367
989 5207
640 2527
6184 1462
4700 881
22 5234
2955 9056
2602 8675
2687 7128
7148 2410
3904 2934
9248 7533
3676 5194
6742 572
5750 3668
8181 6903
6971 1657
6601 279
5149 3065
7395 426
2932 1827
8140 2742
1777 3671
5539 6952
6213 9979
391 590
3498 4576
2034 4919
3397 8681
1925 4454
263 4152
234 6572
8513 9818
2442 9567
2728 552
4129 4283
1327 9575
4964 5730
27 3459
1043 4630
6135 5283
2912 9275
9237 8684
9199 2475
5787 9571
3903 4708
3395 5203
6132 253
8512 730
8406 3575
8886 2031
5802 6484
3547 939
4108 2248
8509 5161
7418 1732
3241 7917
211 233
9246 3655
9707 952
130 569
1619 464
3964 7392
714 262
391 4454
3168 8517
9794 4475
6452 9152
1397 9684
5275 2581
6554 3645
6304 9271
6270 8600
9523 361
2565 7251
8712 823
708 641
5368 5226
7483 8895
64 7017
9625 720
3956 3384
7053 1021
3208 6530
155 3264
2601 4519
9712 1607
6033 857
5079 8547
7293 2465
8668 5723
5623 2026
5692 9686
9742 725
1454 9290
694 6733
1227 1648
4758 9939
4825 8986
1674 9894
5533 9847
7797 784
4356 2205
2473 1341
3378 3906
72 2964
2676 8515
4295 1196
5748 8809
7859 7369
2705 959
1052 5380
2859 4481
3576 8556
4808 384
2540 7731
9575 2374
4831 324
8419 6875
1663 5377
3287 9852
5345 609
3021 874
2910 2229
723 3335
2833 3349
3060 6000
6268 1719
8524 385
4970 9418
693 8326
926 4174
4567 2365
4694 2971
5888 1367
5620 8966
8808 157
374 424
7972 5198
4021 1944
8842 9679
7759 6164
3255 7215
2063 2679
7841 2941
6687 2817
6855 5482
1594 5042
2001 957
6905 6924
4394 8936
9692 4051
6130 6928
9018 9211
9120 9889
2049 2072
1773 4870
2908 1064
3034 409
2769 8080
5872 6585
7961 5510
9900 5761
4782 473
2567 7184
4774 135
2972 7679
4270 6311
6675 383
4639 4701
2154 3864
5446 5883
5380 9243
4002 25
7454 443
2465 8226
8529 7151
2368 3904
6271 7968
4039 4859
8716 390
8970 8031
1860 3336
8097 7288
4735 2818
9629 954
6133 7741
3908 8982
7234 3414
3586 4938
8246 761
1201 524
3079 5805
560 5700
3964 7735
4472 7418
7565 2290
2104 6120
4378 5412
7281 6259
7808 9897
424 1090
3976 8673
7970 1200
73 9020
4643 8465
4357 9479
4932 9541
4109 5239
5401 6936
3852 6000
752 4226
6160 668
3970 8365
3167 3772
4034 5974
612 3260
5318 9
9818 6495
8395 2072
8443 7913
4872 1040
6784 336
1495 2539
344 4489
9722 7423
1698 5937
6002 2831
1740 1275
4697 8119
1955 3981
8226 6887
5546 3386
4774 3153
9287 8230
2653 9126
6502 9268
6961 4324
2928 7648
1696 8130
5323 6709
2465 1253
4838 4776
3661 3415
7245 576
3610 1044
7243 798
954 2175
7932 2118
4270 1159
1361 306
259 994
9881 2697
343 6135
3790 2504
7722 2881
2441 1239
6669 1022
8326 2537
6663 927
861 9028
4791 1741
6494 516
5378 7676
4717 5039
590 7728
6115 6975
7099 7899
3472 3806
1391 190
6494 6716
9126 5889
2805 2517
1560 8330
5001 6934
1712 3483
3574 3317
8881 873
623 5545
8959 9414
6715 4438
1951 7035
8444 2580
6698 3210
2338 7637
491 9263
5649 2741
2612 463
2088 9655
1448 1839
386 6069
8616 9711
1301 6869
5118 676
3580 4067
8241 1533
1551 2347
6951 9160
5987 4321
7647 1881
5212 8990
8139 7062
3559 3342
6141 4404
2684 7894
7788 9019
6237 8558
416 6318
6787 1261
6606 1411
3199 2398
7665 8394
5522 1174
698 6880
7509 5001
6213 7690
9366 1467
8021 1799
1752 1596
2077 3447
6302 3798
9966 1536
8024 1655
4022 8505
1460 9883
1372 9460
9148 4221
8464 5965
1382 6390
3448 5046
7612 2
7966 7548
1879 4864
8322 9896
896 8344
449 635
5483 7883
3953 9150
9074 9928
1854 7750
2602 1249
1909 2070
4211 2616
9161 3477
6259 6587
784 6421
8825 5451
389 1123
8996 5738
1923 5048
7896 5159
683 5256
632 9118
3466 2466
4706 259
7757 6795
6271 6126
6110 3889
4360 6671
4026 3539
5143 7216
1811 780
1402 5083
5179 4469
6815 8588
3342 3581
6781 4361
2117 140
1096 5942
2222 2416
4939 573
6431 8458
8085 4729
4258 5289
3404 9292
1520 7949
4034 5092
9611 7882
8545 8515
6575 5715
8268 2557
6474 8631
968 5433
9101 5190
4167 4886
986 3910
1047 8002
1739 4264
1741 3369
7098 7639
1513 4331
3901 6876
1572 2865
7150 7644
901 4532
6522 642
9880 8808
291 327
