1000
1000
120 761
191 975
342 312
496 216
766 647
514 837
884 783
899 726
572 449
526 819
569 897
494 464
316 800
320 341
883 203
971 164
966 131
61 611
298 350
574 88
585 399
243 320
887 648
831 636
404 354
328 148
187 641
245 636
822 128
935 427
632 139
364 817
46 85
920 592
33 138
557 626
249 790
306 185
315 723
887 63
850 211
520 472
846 314
62 479
322 936
894 85
586 573
617 274
451 904
366 334
961 620
478 319
902 955
625 607
172 900
677 433
553 183
795 942
849 585
840 584
295 788
84 690
841 598
316 77
606 655
289 933
165 236
181 448
418 121
706 201
231 102
556 186
492 568
800 744
364 677
190 593
242 557
324 899
601 425
724 571
503 67
78 896
6 938
147 177
496 656
169 803
278 484
951 276
951 120
727 443
802 838
298 374
600 692
313 384
300 156
218 435
727 437
392 697
438 245
438 286
955 792
401 1
728 197
194 601
67 30
664 837
663 781
35 27
550 785
997 707
615 502
107 391
274 685
694 279
123 927
696 542
563 560
440 458
613 358
706 788
102 350
808 467
971 695
208 966
910 992
393 12
338 880
736 387
974 30
896 402
651 895
900 769
226 446
683 792
644 774
612 337
803 494
353 779
652 187
882 348
672 190
983 229
539 939
276 324
783 850
426 881
107 828
935 612
471 507
214 203
938 919
472 382
746 510
423 481
178 822
39 267
213 249
121 195
742 98
960 673
361 533
654 100
31 137
109 32
884 305
472 659
512 293
753 778
444 718
215 652
43 81
324 249
495 418
382 90
905 971
379 274
266 428
495 270
301 294
827 318
99 177
182 218
703 123
248 933
806 93
572 446
80 976
759 760
969 820
261 253
718 936
653 634
896 326
979 843
577 276
168 512
991 380
489 158
133 615
588 325
945 713
598 744
283 419
870 435
186 781
842 929
654 221
828 657
335 425
768 646
126 259
183 697
245 236
565 958
75 646
354 135
144 442
154 389
788 954
528 448
253 747
936 91
46 977
684 145
510 94
143 864
696 87
71 158
11 660
971 603
738 496
420 556
171 742
611 192
412 431
263 858
185 275
977 870
266 599
48 356
861 986
138 374
886 267
516 412
633 941
602 76
422 577
686 68
558 351
409 748
299 753
494 410
465 617
318 601
991 869
575 481
123 71
327 329
374 382
808 320
569 252
964 44
616 976
686 362
322 647
690 227
763 536
376 140
191 141
389 190
514 954
915 769
881 447
233 678
948 531
485 746
501 167
752 164
185 606
15 277
807 21
633 524
971 726
573 644
683 748
792 380
315 393
727 44
130 461
664 155
410 93
384 108
586 167
732 576
813 483
165 466
538 167
615 708
873 369
136 821
94 233
505 853
306 433
322 935
930 809
20 486
951 830
210 480
645 856
304 631
572 388
918 644
70 801
755 529
753 682
663 941
959 414
145 669
444 372
632 432
670 392
428 90
970 605
744 534
402 52
465 507
612 325
401 591
284 746
348 39
264 224
898 972
109 642
6 263
412 532
434 846
172 181
475 940
617 896
519 489
910 5
948 769
66 57
506 672
891 980
157 416
322 705
278 814
827 16
206 750
211 602
640 153
306 30
964 965
323 715
991 288
834 716
340 794
418 669
647 835
216 354
785 263
942 519
522 174
659 746
282 533
133 879
905 760
145 440
930 668
755 665
981 775
455 93
989 920
120 881
894 181
224 359
613 246
177 238
893 889
932 758
420 13
380 508
400 15
509 424
287 300
164 128
821 391
711 735
89 65
657 885
323 771
695 967
158 417
127 965
390 688
848 947
568 274
820 120
289 957
677 64
183 159
656 51
168 718
248 553
489 132
807 545
648 586
322 862
231 74
100 484
590 11
581 93
940 93
526 72
351 695
768 986
906 12
790 227
999 258
64 321
693 677
873 20
207 624
816 409
268 739
757 467
191 817
733 109
237 827
757 571
410 758
603 91
143 832
610 331
744 850
887 992
78 431
859 895
700 16
593 914
964 335
822 535
64 546
121 88
10 845
930 458
324 919
747 225
382 333
207 796
837 923
470 113
240 185
260 559
64 458
188 804
180 451
450 422
631 121
173 755
137 0
16 165
800 479
77 601
326 260
459 976
960 325
403 648
734 292
803 99
490 554
467 830
262 902
734 800
540 312
924 173
635 798
345 816
624 264
727 600
370 639
912 241
71 217
772 26
620 641
202 877
764 685
928 261
877 326
220 681
809 6
180 249
880 949
379 347
611 100
752 764
929 810
62 428
543 662
652 880
804 224
638 557
769 513
37 62
809 804
447 953
459 40
27 484
434 651
955 780
296 795
789 674
97 555
531 736
289 414
815 798
764 850
85 845
761 285
227 300
997 886
938 941
38 783
629 272
511 825
827 803
35 26
734 3
122 640
988 767
724 706
258 318
297 239
497 343
506 392
755 39
627 518
715 314
599 729
430 562
545 435
610 587
483 132
884 982
57 884
17 996
226 62
796 46
431 470
145 747
633 538
154 668
921 145
523 843
553 659
313 749
877 62
503 307
6 832
524 393
922 354
55 176
603 93
976 706
170 943
713 838
574 101
22 790
854 240
165 303
549 873
93 782
432 962
311 919
836 60
485 630
289 487
85 617
537 266
430 257
768 130
893 945
632 8
77 188
310 935
379 885
77 994
38 935
318 603
424 975
694 898
595 262
174 89
258 498
238 676
854 203
220 789
342 97
292 62
924 416
472 303
299 411
937 617
539 428
843 579
597 134
306 451
569 422
136 444
719 977
897 152
332 474
178 227
407 675
115 896
610 721
108 862
290 163
668 974
392 115
166 167
473 784
251 213
72 45
701 750
35 706
967 468
698 167
63 461
584 650
494 337
577 357
806 657
988 834
203 950
921 160
445 902
275 608
780 63
463 803
688 517
701 677
368 526
819 767
868 732
754 137
714 210
570 339
565 491
94 802
139 186
88 347
619 823
263 422
780 203
642 271
7 590
149 204
145 286
118 245
876 353
198 99
864 165
356 207
10 217
643 711
346 836
791 27
725 492
113 770
485 295
226 748
203 816
309 136
875 610
917 645
606 342
667 151
607 153
845 500
659 378
583 441
647 65
902 127
422 11
554 731
970 559
488 542
61 84
788 601
161 680
266 767
593 805
848 799
49 629
604 447
642 157
443 356
457 640
962 315
736 776
98 454
581 296
122 887
558 9
100 159
762 722
130 526
67 407
58 897
970 797
240 843
81 517
327 57
119 455
587 575
864 606
365 912
305 402
83 159
525 60
663 697
46 674
206 699
895 587
335 389
264 829
966 706
98 291
28 531
59 36
46 919
586 590
779 131
137 354
391 871
875 968
94 534
798 365
95 803
389 29
991 789
351 673
247 233
423 595
156 787
542 327
760 577
114 625
464 825
690 305
925 473
30 389
621 303
389 474
906 752
871 332
780 878
37 829
170 43
574 548
729 350
944 414
405 850
971 993
986 274
995 236
626 690
687 893
710 357
377 665
334 440
119 464
410 193
778 428
558 696
431 991
844 21
504 507
958 388
580 48
360 36
768 632
682 907
839 249
793 855
654 190
526 360
377 918
987 429
289 487
776 174
418 530
166 951
992 991
507 480
257 412
785 837
479 247
22 285
368 303
812 713
498 314
815 481
44 836
188 19
420 750
37 330
625 248
449 155
163 743
410 737
221 186
767 219
287 821
502 764
471 820
644 198
675 451
965 597
240 937
891 573
964 456
390 820
164 123
677 251
537 374
253 846
15 73
199 798
453 350
216 239
912 99
383 911
450 326
262 562
582 893
268 597
171 848
251 310
499 779
939 442
663 331
328 806
848 702
399 278
111 803
415 603
534 686
499 451
405 669
15 772
589 823
672 137
26 462
607 945
741 834
212 7
516 23
930 812
611 741
201 393
184 156
132 809
559 252
311 340
867 72
255 515
193 313
607 246
94 547
899 769
506 1
188 654
884 315
537 642
143 431
222 201
996 988
496 839
436 250
806 269
193 9
154 246
19 423
974 850
709 461
70 453
237 811
826 808
817 483
287 599
732 177
696 943
122 822
324 85
869 984
19 242
327 692
87 237
444 614
120 751
694 156
705 252
150 98
88 355
376 841
481 893
690 825
177 608
736 440
545 658
314 272
772 890
873 129
761 224
804 764
881 293
170 857
417 335
329 575
123 448
629 843
658 645
655 915
759 323
768 862
944 465
432 824
165 981
408 870
271 608
451 849
238 356
157 545
324 661
272 205
911 902
271 112
152 332
656 10
238 857
575 494
51 362
127 586
644 978
676 24
88 263
517 304
978 337
983 205
21 635
70 431
524 190
944 611
719 559
859 843
351 915
851 832
354 650
450 796
854 318
184 376
159 826
881 114
2 580
182 232
938 927
407 355
752 365
550 888
887 288
47 541
349 532
684 92
533 710
29 296
57 719
263 404
505 295
303 301
736 802
651 522
388 144
182 882
236 37
396 510
150 888
144 361
671 605
530 310
864 728
835 227
476 583
775 524
104 291
