100
10000
58 79
14 52
74 0
53 97
0 97
25 85
99 1
81 9
15 81
81 11
82 57
58 97
49 38
40 43
80 16
1 71
93 85
79 0
25 87
59 31
40 7
60 57
70 29
4 44
81 24
67 61
99 69
27 77
31 54
63 29
24 27
42 27
94 4
72 15
86 16
38 99
52 11
16 85
55 76
62 55
73 30
91 99
96 59
19 57
28 96
33 85
95 59
11 14
42 60
80 62
13 20
76 20
81 93
9 98
50 87
88 73
8 44
71 0
50 15
78 90
0 8
29 1
63 71
85 77
38 11
88 57
52 6
91 60
53 84
8 24
71 41
43 40
8 39
9 99
31 93
57 68
80 69
50 79
17 0
1 92
4 20
53 6
80 18
27 60
32 51
53 45
88 4
80 70
55 51
74 5
25 24
9 41
50 26
24 75
52 37
29 74
90 25
62 10
35 66
85 91
10 99
13 57
20 7
4 40
4 90
83 87
29 74
63 95
16 78
38 1
66 60
27 43
9 1
87 55
42 29
57 6
34 67
64 83
69 97
27 32
28 58
51 75
11 39
43 71
97 38
69 86
90 78
50 94
56 21
51 27
70 9
88 87
18 77
3 72
39 56
25 83
1 32
33 67
33 71
0 38
55 42
95 58
0 42
48 6
32 42
38 85
68 38
0 28
47 26
33 40
77 48
80 48
65 82
46 37
1 98
28 71
16 28
51 33
63 65
78 20
15 57
42 54
32 60
59 71
27 54
61 55
93 55
38 31
65 43
69 61
71 96
46 16
47 15
67 3
73 31
73 18
4 95
40 7
88 7
85 25
65 85
28 3
79 84
85 75
4 99
59 87
87 65
81 80
54 9
67 46
28 47
80 44
81 35
39 7
79 24
88 27
5 39
58 86
74 63
38 46
99 32
21 31
52 84
30 99
88 64
75 34
93 16
73 58
31 92
99 85
28 64
16 11
6 43
78 98
82 41
7 84
6 87
61 67
22 79
18 24
74 19
77 8
84 97
56 24
9 83
6 49
4 46
94 49
39 17
99 45
47 44
23 42
53 86
75 76
70 19
98 82
81 64
43 9
57 17
48 79
45 19
5 15
52 79
55 72
28 76
83 59
86 16
39 40
3 81
62 10
76 69
11 77
12 79
18 4
4 89
87 15
17 7
14 15
4 67
95 8
24 56
43 4
26 21
1 67
91 79
69 71
12 80
54 52
63 61
94 14
28 79
85 3
19 51
18 44
17 16
16 63
88 95
39 33
56 85
32 92
91 77
88 67
5 52
49 86
11 98
31 97
21 42
37 99
32 84
34 38
68 74
59 87
8 34
94 43
64 36
32 29
24 85
47 83
41 12
42 16
70 43
67 74
77 87
15 50
73 88
97 85
64 44
22 31
92 55
99 31
90 55
49 43
47 13
77 52
74 50
22 96
83 72
84 79
5 70
5 86
99 61
70 53
8 35
66 40
97 31
40 90
73 98
37 26
89 27
32 14
51 57
12 89
92 98
15 56
84 98
7 62
83 74
21 4
19 77
61 23
37 50
67 2
52 30
95 89
46 75
31 96
60 38
94 78
53 22
34 80
64 27
42 9
12 10
17 57
33 28
10 37
82 2
69 66
26 41
91 67
0 16
20 76
55 35
99 85
30 52
56 10
5 77
54 93
50 11
61 94
46 20
63 41
27 33
53 10
28 54
21 55
72 19
34 25
82 83
29 45
29 11
16 13
12 55
38 32
20 67
87 9
60 63
85 49
34 46
46 4
35 15
47 25
63 70
65 3
1 64
97 64
51 25
74 12
7 65
37 99
28 29
42 25
54 79
29 4
14 67
94 47
84 35
43 77
2 39
42 33
53 87
83 67
35 50
38 81
39 33
85 25
74 32
64 54
63 91
14 99
65 81
68 28
24 18
80 20
93 55
75 60
60 97
66 38
15 70
16 1
48 96
62 65
40 30
62 12
14 38
82 58
28 84
49 72
36 80
0 1
48 59
43 37
15 71
42 82
13 49
45 97
43 76
17 21
46 95
19 59
21 78
63 75
33 37
43 29
61 81
85 47
54 28
72 3
65 72
39 97
98 29
27 17
33 90
52 4
77 92
5 58
56 85
34 24
81 91
75 34
97 9
22 81
26 59
46 91
74 67
53 8
73 74
58 68
55 85
63 95
3 22
55 12
77 19
46 84
59 37
39 22
36 18
60 42
54 85
84 89
21 79
55 78
89 71
53 56
84 64
48 44
42 24
19 11
57 40
70 53
75 28
71 74
98 47
38 12
19 28
6 69
98 62
79 96
38 53
28 21
84 54
89 95
59 22
33 5
19 44
68 6
57 23
48 64
58 89
75 21
25 69
30 34
78 89
32 5
81 61
98 0
5 59
12 75
67 9
16 18
71 92
99 82
9 57
44 21
59 95
8 26
97 77
58 25
63 15
47 0
45 85
93 33
10 40
5 34
3 31
2 56
97 52
71 64
52 41
87 79
97 20
3 10
54 66
67 97
76 58
65 18
5 43
37 96
25 87
77 17
82 23
48 85
1 86
95 81
35 45
32 46
64 16
43 58
9 6
94 90
70 48
47 34
94 84
74 60
31 49
95 22
65 46
30 82
87 94
61 24
54 16
73 12
55 10
95 87
84 19
15 32
46 78
77 28
95 27
66 55
57 95
81 67
78 28
28 36
72 3
81 99
68 94
8 17
57 77
35 21
38 80
7 56
27 1
4 41
36 28
32 28
67 84
21 69
74 94
91 62
49 33
58 4
28 75
36 77
48 32
92 8
2 59
55 43
98 70
63 83
8 70
72 30
29 45
38 59
74 57
76 55
56 91
32 40
27 32
14 94
93 88
96 84
27 4
99 27
49 15
94 26
0 9
42 51
8 19
9 0
44 34
2 11
76 67
80 85
61 98
43 2
96 94
77 70
63 46
2 55
85 42
72 94
27 85
17 98
89 16
60 23
75 39
61 93
21 60
63 11
26 64
41 22
72 48
8 20
97 71
91 78
91 88
58 12
66 76
96 52
33 94
88 93
48 53
92 47
36 88
48 13
50 81
56 49
16 19
74 49
50 1
89 87
34 46
91 21
51 49
2 35
90 50
77 84
75 74
36 63
41 10
68 50
49 34
10 35
48 40
44 31
97 52
48 64
45 6
77 26
1 20
13 24
17 48
6 22
18 79
48 14
98 49
89 29
86 59
71 11
18 27
13 75
61 36
36 24
55 98
98 50
92 4
35 84
31 37
53 17
40 18
43 12
49 66
7 72
48 57
27 71
41 42
92 44
33 15
93 56
70 32
70 84
86 46
25 9
43 14
2 25
80 58
84 0
83 6
30 25
31 35
70 65
89 41
27 78
72 74
19 77
82 27
60 83
20 91
88 49
55 81
30 26
57 98
30 2
45 54
4 6
38 91
17 62
46 4
58 96
91 23
73 32
46 87
94 34
73 10
11 33
26 93
72 97
63 77
94 24
49 71
80 62
87 42
7 49
58 82
79 40
51 71
48 42
29 47
6 12
20 33
79 87
71 43
70 44
31 97
94 73
64 47
18 8
77 86
1 91
46 3
3 17
40 31
53 51
35 6
40 94
87 26
49 61
90 10
61 68
61 11
36 13
87 35
43 85
33 44
21 22
91 11
85 81
31 16
92 33
3 55
95 94
87 99
18 4
3 77
40 32
32 96
17 78
60 9
16 8
5 10
11 68
96 63
38 34
82 71
69 87
0 72
63 41
57 98
83 31
22 94
9 50
64 86
26 81
69 38
73 23
33 63
60 18
36 8
48 59
39 55
17 4
81 74
40 94
24 74
12 52
62 17
49 33
35 42
78 86
40 33
8 37
60 80
22 16
26 16
73 69
73 37
53 40
78 98
52 75
56 39
62 41
54 44
7 89
78 77
33 74
57 85
17 39
6 54
43 9
40 56
69 55
12 72
60 9
0 36
44 2
86 17
24 57
77 56
31 5
69 86
6 71
90 78
69 58
41 50
96 52
70 36
74 86
52 46
16 90
31 47
88 54
31 69
75 9
34 55
26 14
6 2
74 20
8 97
14 29
3 2
80 83
91 12
92 48
72 12
46 80
52 37
6 51
98 1
33 8
48 63
41 48
12 76
46 64
74 67
67 41
28 82
39 84
17 82
22 83
93 99
57 45
85 64
49 41
30 89
27 82
14 20
94 9
76 54
50 3
85 77
82 4
81 94
75 78
91 1
17 79
86 76
81 56
33 58
80 4
77 17
62 47
55 49
91 86
87 85
90 58
0 96
82 25
60 74
87 69
19 40
67 13
61 9
0 18
33 98
11 16
18 48
81 60
20 93
56 26
81 80
49 19
43 42
94 87
15 30
63 18
15 61
19 94
17 40
69 92
24 15
62 6
22 86
30 9
29 86
14 7
68 14
86 60
94 66
56 9
57 2
84 0
84 52
8 56
29 91
94 54
17 58
69 71
46 7
99 76
83 37
97 56
25 29
8 48
97 9
10 42
66 82
66 9
91 98
81 65
53 41
85 22
52 57
92 20
21 7
80 0
72 63
49 16
94 71
67 96
82 31
1 71
86 75
98 84
48 39
8 95
99 0
33 20
74 21
94 8
8 10
22 60
35 94
98 90
99 45
33 71
80 19
30 8
13 68
43 8
56 4
7 73
21 1
97 49
24 8
39 86
86 70
0 30
69 48
39 67
15 72
77 88
76 74
23 65
76 9
88 7
77 34
82 56
36 89
3 64
13 1
66 25
49 45
5 81
99 94
30 39
58 27
79 54
46 91
40 36
42 96
55 44
86 14
48 25
5 29
25 23
41 55
93 18
30 82
31 34
86 4
3 70
64 86
31 80
70 66
30 81
35 26
9 15
90 94
61 33
72 55
99 80
96 1
1 0
24 87
70 53
48 50
22 76
97 65
59 27
49 74
84 49
65 45
22 49
47 14
72 30
30 38
36 29
31 93
17 6
18 13
74 65
94 88
68 21
35 55
38 91
48 2
80 67
19 0
58 30
58 67
87 7
77 56
67 37
41 4
81 54
95 65
33 54
50 10
15 51
0 17
99 33
81 58
67 4
8 38
81 68
70 40
15 57
68 8
70 75
18 29
27 47
1 36
53 77
81 17
22 73
89 94
3 27
54 66
72 22
88 7
0 84
8 44
81 76
40 86
20 41
46 73
91 34
63 40
61 26
20 39
27 32
22 87
42 65
48 68
38 94
38 48
82 10
70 52
31 27
80 69
31 75
46 79
83 49
50 40
90 10
69 20
91 76
68 3
25 71
74 12
93 31
19 47
48 77
76 40
69 48
41 64
37 62
95 32
9 79
85 35
24 88
69 1
53 58
63 56
21 20
29 66
8 13
69 27
55 24
89 28
99 27
33 0
69 13
68 25
33 84
44 4
73 68
73 97
11 75
53 72
81 87
85 96
42 99
13 41
46 49
66 48
29 45
15 40
32 30
62 98
9 44
61 42
34 39
54 70
1 33
52 53
61 54
92 0
57 87
5 43
17 30
64 26
75 63
71 28
39 22
45 44
10 47
97 3
81 20
43 92
42 14
11 56
68 87
27 0
53 31
12 36
25 92
77 1
37 90
22 25
26 79
49 26
11 4
76 27
92 75
2 27
5 95
96 61
33 21
24 79
79 9
43 57
9 75
40 96
72 37
77 61
78 68
29 38
2 28
51 64
40 85
75 11
10 95
50 35
38 41
72 34
23 41
4 84
65 50
12 30
99 89
25 26
66 2
76 15
64 70
83 77
24 2
61 33
91 43
11 51
39 4
38 25
0 15
79 24
94 34
22 98
32 16
26 30
29 48
6 41
45 91
3 94
67 64
38 18
65 22
65 1
67 76
1 82
66 21
36 56
65 47
33 14
83 29
61 52
78 56
68 61
18 10
71 96
19 72
13 59
78 72
9 24
4 52
78 44
21 72
99 36
96 65
24 31
10 39
26 27
57 27
3 71
23 18
4 2
54 99
73 46
34 53
86 56
90 92
54 34
48 52
46 57
68 72
18 87
34 94
79 62
24 55
71 62
83 50
85 10
7 28
91 13
73 98
37 84
49 25
97 42
45 3
37 49
56 32
96 80
53 23
78 3
65 32
69 77
26 71
75 82
4 45
26 49
96 67
89 92
58 91
71 0
2 33
54 48
81 9
87 37
97 36
53 46
86 33
81 66
11 18
3 46
93 74
42 51
8 33
69 78
28 23
30 86
53 61
31 72
1 5
73 4
23 1
38 27
50 3
85 84
20 37
64 54
43 12
19 31
5 87
45 27
60 89
26 70
95 87
74 2
30 37
75 29
75 5
3 53
46 32
1 52
75 62
55 26
69 62
84 15
53 13
49 94
3 60
88 52
33 15
73 52
8 70
44 72
23 44
7 64
80 56
64 46
45 2
14 78
9 93
24 61
10 25
58 55
23 99
46 40
14 44
37 59
53 30
57 44
88 86
22 96
11 66
52 30
33 18
20 22
67 51
16 55
58 46
11 5
68 18
6 60
23 32
77 98
34 79
84 20
14 10
28 11
55 97
77 51
29 35
85 57
24 35
63 39
16 4
16 91
72 27
66 72
70 11
28 78
62 99
92 11
39 78
4 49
15 63
92 4
26 58
65 50
62 86
18 69
69 62
54 26
58 46
78 58
22 68
39 9
90 15
64 28
89 7
80 3
66 56
46 20
80 21
3 84
20 22
38 76
93 53
83 71
80 45
37 29
82 7
57 40
71 50
25 20
79 84
91 21
8 36
75 33
41 97
21 10
55 10
76 49
44 92
85 67
8 23
61 86
84 59
57 36
4 74
86 41
15 28
61 84
77 1
83 11
69 57
49 70
65 27
30 59
29 60
47 98
87 96
65 98
24 52
46 11
3 42
46 13
52 43
59 97
90 65
31 23
99 72
51 17
5 65
75 8
21 12
83 62
58 50
52 94
64 63
67 59
46 89
0 14
97 98
72 8
80 18
84 50
16 29
68 48
52 43
52 7
16 67
41 83
81 80
74 80
31 85
89 30
77 28
39 4
68 32
47 36
18 92
22 4
58 9
64 14
23 41
90 84
66 52
10 41
57 86
6 28
75 5
9 25
23 37
90 86
72 42
85 56
58 89
57 22
30 10
30 18
38 29
16 11
17 49
29 61
52 12
13 33
48 85
30 92
84 66
34 31
90 47
66 63
24 96
65 67
88 73
90 88
76 34
69 93
45 31
69 74
28 29
42 29
99 70
71 34
24 50
27 6
86 82
28 36
73 40
31 64
94 66
91 84
70 18
86 51
93 57
33 74
6 90
99 43
23 66
16 38
22 69
46 86
42 91
80 84
30 51
33 61
10 25
48 94
85 36
23 36
24 63
36 32
64 36
77 7
24 11
26 30
86 64
37 51
47 94
41 19
24 79
19 13
23 19
34 84
26 63
42 38
69 99
29 13
48 12
64 13
82 0
76 63
48 95
43 62
49 8
63 18
90 64
63 11
50 39
21 58
61 62
64 34
49 4
23 30
78 87
30 17
38 36
48 30
95 18
84 79
26 12
9 91
54 3
25 75
9 91
56 86
30 68
90 59
51 99
88 22
74 89
26 4
39 70
54 7
62 54
62 72
16 50
32 67
70 24
57 81
52 54
8 71
17 49
68 12
16 34
27 16
23 8
84 43
83 14
57 28
31 77
65 56
65 70
91 38
38 53
33 68
32 1
90 57
22 74
43 67
44 48
14 5
50 53
94 3
26 15
89 72
70 42
23 52
6 74
12 66
52 77
77 6
8 53
77 6
81 79
77 49
72 97
31 42
35 19
47 18
11 31
85 3
73 85
29 43
27 82
63 53
30 53
85 9
47 70
30 6
49 91
28 67
21 74
50 8
13 71
65 39
71 27
70 5
26 44
3 60
98 44
72 95
14 69
12 79
36 86
18 80
14 88
76 38
33 42
55 86
36 48
22 28
14 75
64 20
35 52
0 86
54 27
30 78
47 63
83 48
19 67
49 78
92 80
18 82
4 9
15 42
44 83
48 18
55 31
69 39
78 95
94 36
64 78
9 93
76 61
29 5
0 28
71 54
92 68
86 72
59 10
15 55
80 17
59 34
4 84
90 67
31 30
54 10
77 33
3 97
42 57
27 78
74 32
39 69
99 7
29 95
3 82
34 70
68 43
46 28
27 83
80 55
67 2
87 19
41 92
77 8
41 3
73 92
80 42
60 20
2 51
0 20
79 27
72 57
92 4
53 8
52 74
81 23
5 57
17 67
31 67
1 15
8 17
96 23
33 63
3 96
8 80
12 77
77 19
97 36
79 57
89 82
95 18
35 68
85 16
29 8
52 5
67 3
75 95
44 35
98 63
90 40
76 57
63 60
98 28
63 4
44 65
37 93
17 31
11 80
48 77
54 49
97 83
74 46
69 15
75 56
2 40
0 43
32 22
56 67
62 79
34 59
24 52
99 15
24 0
57 72
17 47
43 88
69 85
38 98
34 63
16 30
93 66
19 6
30 13
4 74
6 36
32 89
74 94
17 4
10 17
70 94
21 62
63 12
16 23
62 14
93 38
68 37
19 17
10 43
16 37
65 29
43 20
85 81
97 5
74 93
6 59
3 38
8 3
60 8
49 27
28 93
63 6
64 3
96 16
67 15
95 3
12 97
93 12
59 94
76 25
4 23
95 98
38 8
92 48
77 89
95 43
52 44
72 26
68 48
7 45
5 70
42 52
47 94
45 86
59 97
49 92
58 13
0 62
21 71
52 43
79 39
6 24
91 46
50 34
15 53
74 45
65 46
75 20
7 46
0 55
97 85
12 40
20 5
0 86
43 67
82 42
91 54
95 34
39 36
52 35
26 8
42 78
86 47
18 28
84 13
35 58
99 72
14 21
71 38
89 17
44 23
11 93
62 78
73 86
65 45
78 79
97 16
2 8
30 8
23 50
44 75
17 31
15 12
61 7
15 14
49 27
1 45
26 79
87 82
71 91
41 26
27 59
69 67
27 2
11 59
60 81
71 60
4 65
8 32
32 11
41 43
14 55
92 23
94 87
44 79
86 22
5 60
34 3
21 84
72 20
53 43
89 47
88 63
87 82
80 6
78 11
73 71
93 23
54 94
22 85
53 96
14 1
21 10
97 28
76 14
65 11
39 2
11 59
27 57
42 84
63 82
66 43
9 87
32 38
47 17
89 54
67 7
43 71
2 26
88 10
0 94
56 5
42 10
32 94
99 62
60 38
25 64
51 47
70 17
34 63
6 14
10 18
19 37
57 34
58 15
55 82
64 8
13 44
26 79
11 43
64 26
52 2
98 80
0 61
17 95
46 21
90 55
57 94
86 12
93 0
91 25
67 84
51 98
75 64
62 27
20 9
3 66
40 97
95 27
52 69
31 99
92 26
63 72
95 40
92 22
36 87
32 76
14 70
7 60
90 50
63 11
96 61
4 42
0 41
95 35
41 6
89 29
85 89
53 46
1 41
12 95
22 82
56 75
23 41
76 6
86 68
72 50
40 64
1 13
66 52
34 61
22 56
49 99
69 56
82 22
67 75
4 98
31 26
84 81
76 25
79 76
35 18
45 87
80 90
83 74
67 18
87 30
42 24
46 76
88 77
5 31
36 79
36 81
25 0
92 59
55 64
25 13
3 5
58 92
79 26
60 88
81 44
19 96
1 52
90 35
35 91
88 64
92 60
98 91
24 21
4 56
47 94
75 79
81 9
40 16
68 64
78 82
93 84
26 22
38 21
66 7
90 18
10 93
69 89
49 93
43 87
88 16
88 15
29 41
20 62
87 97
71 13
45 19
80 46
16 36
5 63
23 38
66 23
48 94
62 85
0 96
77 56
78 93
6 57
88 44
55 1
29 16
41 34
0 7
2 75
62 25
71 10
82 36
25 24
52 75
26 45
57 19
65 14
65 5
37 7
62 41
99 36
51 41
98 80
47 35
32 46
83 0
44 47
3 43
45 69
91 29
67 20
33 92
62 83
9 38
3 68
13 85
2 59
51 68
45 94
78 29
29 53
24 37
13 45
21 78
41 84
1 54
48 43
64 52
22 47
79 94
55 27
66 1
11 75
9 3
22 9
82 94
52 94
48 15
4 18
59 98
48 63
91 74
79 35
5 47
32 83
87 75
38 80
85 7
26 64
53 26
78 11
51 85
61 90
86 27
49 31
10 47
1 92
68 53
59 51
22 7
80 31
49 50
42 97
12 50
34 20
97 44
11 76
16 55
59 74
49 65
61 20
52 12
20 84
71 99
92 74
67 56
74 18
77 78
29 94
3 74
84 97
43 38
72 64
43 77
99 70
83 15
77 94
94 5
55 62
25 49
52 1
0 47
21 14
95 53
25 14
18 85
2 50
71 10
63 12
78 8
90 13
60 94
92 44
42 86
12 47
88 6
25 59
6 68
35 76
19 87
90 11
20 34
72 9
7 33
68 25
36 82
64 15
87 72
10 56
78 98
30 89
84 88
92 55
66 29
25 13
47 77
59 11
97 68
59 58
21 46
56 37
61 83
17 70
91 5
41 91
33 40
76 17
52 38
74 59
87 61
29 75
40 10
58 84
1 48
63 94
27 90
61 69
67 51
3 30
99 96
91 63
14 77
62 55
5 65
23 87
97 72
75 95
80 12
63 95
25 80
26 98
45 8
62 22
15 98
67 23
30 22
9 77
59 33
52 22
90 26
24 65
38 43
18 13
5 30
64 5
98 75
37 32
2 68
59 3
45 27
9 10
45 69
85 75
61 14
30 7
71 65
16 4
73 51
11 99
84 97
42 59
44 75
35 41
26 80
18 45
67 95
68 4
73 75
60 81
7 67
20 73
95 58
83 26
97 66
86 0
80 92
78 67
19 65
90 47
27 37
43 9
99 4
79 76
29 72
17 89
21 35
30 74
7 40
90 29
89 18
67 76
57 38
81 97
4 29
69 92
88 44
40 72
41 15
19 16
57 11
7 4
40 43
52 80
93 52
64 15
77 83
73 52
89 97
62 14
57 16
4 57
27 64
46 73
36 46
65 30
34 96
88 45
80 85
0 22
55 49
72 74
47 89
14 54
10 19
32 65
32 19
42 93
92 82
12 53
39 33
87 34
84 40
47 36
67 20
75 27
31 67
26 17
31 91
83 94
87 82
29 40
35 39
61 3
75 34
49 37
10 96
16 76
1 81
18 43
90 46
48 38
4 86
41 57
53 35
5 49
57 23
86 79
92 20
84 38
28 49
64 24
42 41
56 27
97 63
51 25
92 61
12 78
84 17
10 42
45 85
94 0
56 31
4 97
32 50
72 63
74 87
93 42
13 94
95 65
52 11
58 27
19 96
43 84
42 17
58 33
90 84
56 2
85 37
34 1
24 93
40 12
58 98
60 41
22 17
59 80
11 31
10 55
40 1
71 44
49 16
79 6
55 46
36 22
84 17
97 30
85 54
96 18
21 49
34 42
55 94
98 21
64 58
1 69
8 42
37 96
63 67
32 39
77 16
78 92
50 10
41 64
13 27
50 6
53 57
16 7
7 46
44 27
9 67
10 39
76 51
62 49
29 89
27 22
81 78
3 65
88 45
66 79
84 71
43 69
9 67
65 79
33 43
81 44
28 51
36 78
0 8
43 54
77 53
97 49
68 23
47 62
16 15
48 83
10 46
77 32
67 4
62 52
3 47
23 14
48 77
20 25
85 76
21 60
99 43
71 67
8 28
74 88
97 77
54 97
73 71
68 49
34 81
7 49
79 91
63 62
0 57
25 52
56 86
12 84
30 21
75 51
1 87
49 12
40 86
25 69
97 93
30 26
18 75
93 22
28 82
62 88
98 62
48 80
90 52
36 84
98 68
34 90
56 46
47 10
29 86
41 16
92 50
14 25
28 44
49 68
92 65
53 90
67 15
91 37
54 52
9 59
33 0
11 33
22 78
67 79
14 79
73 48
73 5
52 64
77 15
10 14
79 3
18 95
7 43
32 58
40 76
65 31
89 40
45 76
59 77
39 93
11 89
86 43
77 79
45 64
45 60
11 33
9 99
97 62
11 17
66 70
10 67
60 47
64 94
31 59
52 90
0 36
37 11
37 21
9 27
14 27
81 36
85 19
74 3
49 53
8 60
94 91
90 13
68 67
68 4
60 95
18 39
74 93
52 47
43 54
89 73
93 68
55 68
87 55
32 36
12 95
24 51
43 40
14 81
95 77
49 51
52 8
41 16
22 69
65 80
23 79
97 95
13 67
9 16
25 41
65 85
54 40
57 64
1 57
14 31
65 43
71 41
3 83
64 94
62 81
91 74
52 39
25 67
37 98
97 60
25 68
77 65
93 87
77 36
17 65
96 43
68 97
76 67
8 22
55 73
12 81
38 22
45 21
42 19
63 13
15 61
20 17
20 55
42 57
86 77
52 9
51 67
1 61
43 36
95 97
38 55
40 10
72 60
78 61
2 57
18 93
49 33
82 64
74 12
8 10
63 17
68 13
19 38
22 81
54 20
10 84
42 85
31 8
96 82
29 13
19 51
80 78
14 86
87 26
12 19
16 46
87 92
11 98
38 14
66 81
75 95
49 22
91 89
37 54
87 14
67 45
57 38
27 79
74 65
60 48
39 45
50 28
89 5
11 82
88 79
84 47
41 25
81 27
2 82
97 80
90 55
68 30
95 36
36 29
41 9
22 52
64 24
99 9
25 22
47 85
15 51
50 21
59 84
22 72
59 86
16 98
33 9
96 82
15 17
81 98
36 54
11 88
30 97
1 55
6 22
60 94
80 37
7 67
32 37
49 56
58 41
22 74
63 98
52 60
82 17
61 51
23 11
37 85
29 5
33 49
17 49
27 15
20 33
96 63
0 69
42 40
86 60
14 77
21 44
3 63
26 62
71 93
74 0
96 6
45 92
92 99
40 99
32 89
6 98
26 12
21 53
32 46
45 28
36 96
32 94
62 17
34 61
83 71
49 78
11 16
77 91
7 14
98 96
96 51
19 74
22 94
27 90
51 28
92 97
60 10
93 74
80 85
29 35
2 88
23 65
45 36
57 68
81 67
20 69
36 78
19 10
1 88
64 47
57 41
87 79
28 12
89 14
4 3
80 11
76 58
17 33
52 44
8 82
2 70
7 25
44 83
12 54
17 25
76 33
41 23
92 72
15 57
77 89
28 66
4 85
59 49
32 96
58 75
90 74
17 53
57 6
93 80
51 31
86 36
86 19
96 73
5 15
47 42
85 9
56 93
99 25
11 37
2 32
87 90
14 2
50 11
84 92
79 23
74 88
9 76
24 1
62 95
65 82
21 89
20 23
74 60
66 41
35 58
72 30
61 7
46 15
40 89
61 8
4 32
53 10
65 81
63 89
22 10
58 54
1 88
13 72
66 44
37 35
57 37
49 21
14 72
99 46
37 95
0 89
30 72
13 82
89 55
34 45
11 8
76 87
66 54
51 40
99 48
49 97
17 10
5 46
8 89
9 47
47 60
28 10
61 46
30 50
76 59
29 48
47 17
7 71
51 61
25 6
97 81
3 23
11 86
54 85
43 56
37 17
9 15
53 61
27 67
90 50
27 28
9 47
76 83
45 0
35 87
67 46
89 54
41 89
0 85
79 2
71 84
81 85
12 84
68 63
56 4
38 30
2 50
42 62
14 79
36 54
78 89
25 86
23 32
17 72
87 40
23 17
45 0
29 48
51 22
70 81
18 10
34 24
41 36
86 1
38 34
33 28
49 48
95 64
57 9
16 62
41 77
59 57
38 80
53 13
13 44
56 13
15 23
0 97
46 29
19 25
9 79
71 29
16 77
81 82
83 23
0 29
76 80
85 20
28 81
19 93
24 45
56 45
27 40
56 81
45 90
66 35
60 21
34 68
7 9
55 29
35 11
10 4
18 61
48 88
60 35
95 5
66 59
44 70
36 3
24 83
45 16
86 3
35 51
30 82
6 49
79 52
38 16
53 99
73 17
10 28
33 43
36 40
58 74
31 85
3 14
5 69
68 33
88 34
11 16
85 16
38 79
17 94
48 60
53 46
98 30
88 62
36 87
41 91
4 62
56 55
18 46
18 84
83 74
58 54
0 67
22 34
84 49
58 41
62 45
88 26
26 37
49 14
5 63
85 76
48 43
68 90
4 2
14 64
17 43
5 47
64 6
88 63
28 87
71 27
43 3
99 0
30 44
55 70
46 77
24 14
65 24
72 91
24 87
75 43
90 28
22 10
96 99
78 12
65 19
42 56
59 39
30 46
1 64
25 51
27 70
70 94
64 25
84 3
47 63
22 66
66 3
29 74
86 60
28 9
78 53
42 39
68 45
84 47
98 19
2 10
18 43
27 49
86 79
10 64
64 71
0 42
54 57
76 47
97 92
14 68
17 81
98 2
25 29
16 8
88 80
80 74
45 61
10 62
41 32
94 50
33 3
36 67
40 49
66 85
30 11
94 66
14 49
89 4
76 13
43 90
81 15
71 57
60 46
52 84
48 52
13 47
80 22
38 19
48 16
89 55
15 7
73 61
69 0
40 19
71 8
49 48
30 47
95 82
47 59
60 13
9 34
25 90
39 73
43 69
69 34
67 74
40 97
15 95
17 4
75 61
33 56
83 29
27 6
60 54
74 15
73 17
52 5
23 74
7 71
47 10
9 7
85 45
39 70
33 62
81 69
33 71
93 23
70 7
38 57
43 81
39 9
39 81
85 69
30 52
15 17
96 70
95 56
22 77
51 90
17 11
2 64
72 82
33 29
85 43
86 47
10 57
2 12
26 30
88 43
40 67
9 7
36 23
89 43
28 32
33 28
77 20
29 82
69 79
18 2
5 4
73 37
69 23
28 55
27 37
23 39
52 21
35 95
59 64
52 51
77 29
70 8
76 43
90 22
14 16
82 38
21 11
23 75
47 66
1 21
51 14
18 62
67 81
34 12
36 85
28 96
68 34
41 70
17 20
38 26
82 26
78 86
62 65
64 11
48 50
84 79
49 53
10 20
31 0
33 80
6 65
13 26
63 9
39 83
93 5
59 90
87 92
10 33
21 29
55 82
66 71
6 47
20 83
98 9
99 71
1 22
57 28
81 77
31 57
10 37
7 71
72 65
45 79
35 31
19 73
69 33
44 90
61 60
31 40
84 34
8 1
69 76
10 29
63 0
77 29
74 82
26 50
75 49
7 18
99 5
56 13
85 79
34 27
28 98
74 14
8 92
25 81
70 76
95 32
99 65
89 2
40 39
65 15
55 54
91 31
22 62
87 86
59 28
16 0
16 56
68 0
69 24
54 90
2 95
84 34
39 76
40 73
5 74
33 51
12 88
81 62
10 46
18 96
16 13
20 21
38 3
54 51
25 71
76 50
90 22
21 22
29 51
27 29
29 40
24 99
18 59
21 46
5 51
37 32
2 94
9 76
96 67
63 46
70 59
33 95
3 29
73 1
38 18
70 22
73 16
44 59
89 43
6 38
47 81
50 58
86 43
62 18
88 54
51 76
86 46
92 22
27 21
86 62
59 85
34 72
37 73
17 4
32 45
37 78
88 86
26 86
62 29
70 46
63 30
3 30
45 1
7 66
23 26
80 57
3 44
61 83
84 53
58 68
93 46
96 80
36 13
47 85
56 87
69 62
31 43
0 79
46 10
97 15
52 92
26 30
85 51
54 35
3 78
16 40
8 10
85 18
2 15
94 30
46 3
0 35
83 93
31 86
25 32
97 20
26 25
45 97
16 87
71 28
56 89
88 22
60 15
66 68
88 59
16 5
52 38
17 50
24 22
87 92
69 45
95 63
98 72
65 69
39 88
32 87
99 18
95 60
69 1
31 62
35 26
42 66
72 98
99 51
3 77
81 43
54 93
11 26
61 81
78 49
20 90
3 30
14 61
17 70
49 3
25 57
99 51
11 29
88 12
66 55
11 94
80 4
97 22
51 61
24 93
19 6
9 43
55 42
86 1
38 63
57 80
9 83
8 83
19 22
88 43
19 75
4 72
7 8
61 55
98 11
65 41
10 0
31 54
76 50
80 62
6 72
84 87
81 63
83 41
1 21
16 84
92 72
37 33
55 46
1 39
42 63
13 35
54 35
13 61
34 36
99 4
50 81
55 37
27 37
6 54
84 22
78 45
93 60
58 39
90 71
49 76
68 84
8 77
56 19
90 81
88 48
90 98
93 12
0 49
23 84
61 87
22 34
12 13
15 79
99 14
71 44
79 64
45 28
50 29
95 70
78 84
21 15
44 72
84 63
2 28
87 52
20 85
7 6
68 61
52 21
24 16
34 51
4 67
82 16
23 64
7 0
60 74
52 30
19 43
14 68
3 60
99 84
53 81
23 45
17 67
73 28
90 80
58 86
95 76
59 74
44 91
0 11
10 58
38 65
75 11
69 99
68 34
48 81
45 40
45 59
66 72
77 65
8 30
2 9
44 23
92 19
23 66
24 31
7 23
46 76
97 70
35 62
77 82
6 51
69 39
43 8
65 70
62 88
38 80
12 38
85 50
35 70
98 47
62 74
74 90
51 10
96 45
16 13
54 3
76 55
58 29
99 4
93 19
61 36
42 43
20 85
95 76
5 70
89 18
47 56
9 95
35 94
93 80
35 58
43 23
37 20
49 23
94 51
44 75
57 93
4 71
70 60
37 94
16 22
18 1
25 72
85 96
45 47
54 48
23 44
17 6
51 12
1 5
54 90
80 35
70 53
12 41
22 46
4 43
43 96
54 57
31 88
77 19
78 34
32 26
46 44
15 61
51 26
92 99
55 22
90 41
37 10
14 33
36 1
65 21
51 65
74 6
77 93
77 1
86 99
76 21
72 84
72 5
18 94
91 16
6 40
31 10
40 14
35 82
46 76
59 16
41 17
77 46
48 39
9 56
69 75
45 48
99 73
69 44
43 72
90 97
63 57
71 68
8 61
71 67
4 23
37 8
33 11
72 85
97 91
78 61
10 42
38 42
11 98
56 58
84 99
3 55
85 67
97 11
24 44
2 51
22 93
51 37
85 16
44 18
45 43
61 55
94 26
55 48
43 92
75 18
68 76
9 48
5 13
34 39
45 23
47 3
69 12
95 57
28 56
18 68
11 96
98 69
0 15
60 32
70 59
93 87
37 55
26 20
50 94
85 23
40 22
8 70
66 3
28 80
12 93
7 75
39 6
23 94
44 97
43 88
27 45
57 74
85 1
16 61
46 13
15 59
76 90
96 28
73 94
18 15
58 20
50 43
62 10
83 58
6 3
99 75
10 23
3 55
9 21
1 77
87 92
0 71
45 74
55 68
99 63
43 19
4 71
62 89
26 61
74 65
3 52
48 80
53 54
41 12
11 85
3 60
74 0
6 88
83 86
87 71
23 90
72 62
50 57
15 25
4 40
90 16
31 83
12 37
44 2
41 75
80 9
24 29
20 59
32 53
36 6
77 23
70 84
38 59
53 43
61 23
76 4
15 93
55 35
77 59
23 50
81 41
96 86
87 7
36 72
48 32
46 11
68 62
84 44
32 9
2 96
42 36
50 5
35 69
64 68
68 35
3 94
49 93
59 1
34 7
50 10
94 79
61 30
79 17
43 34
44 94
10 36
54 31
74 51
38 25
70 78
60 63
65 74
84 60
22 94
11 76
47 63
44 75
32 45
38 6
29 52
41 0
99 79
20 11
0 6
85 10
99 38
60 53
12 39
73 17
69 7
7 77
59 35
43 91
54 70
66 14
57 69
86 63
26 91
6 22
83 33
80 37
4 74
66 30
27 15
86 42
9 21
19 17
1 34
15 28
86 53
19 56
11 9
73 80
21 51
64 73
3 34
46 67
34 16
59 26
20 27
41 71
15 95
15 49
81 90
67 91
97 29
62 61
76 65
50 4
25 84
3 64
0 69
13 23
83 74
59 42
89 69
63 10
18 64
3 53
47 7
77 93
85 95
22 1
41 89
66 57
79 27
15 59
46 20
62 84
19 17
24 18
23 45
63 9
81 77
46 84
33 58
91 49
95 46
61 37
47 91
63 80
49 60
64 9
24 6
42 60
38 93
49 58
98 48
4 90
54 81
42 91
5 30
13 17
39 18
86 17
75 0
22 72
65 70
12 37
64 28
88 72
93 18
60 3
32 24
64 87
19 39
90 76
51 99
40 97
81 62
32 94
59 74
36 71
23 33
72 30
50 56
67 70
90 97
39 68
66 3
52 97
8 76
0 97
86 97
41 76
29 14
17 27
90 93
92 72
33 0
2 59
79 13
41 44
26 34
55 4
54 83
73 98
62 42
38 26
96 38
12 31
1 92
81 5
65 73
67 20
2 59
75 94
71 83
16 97
41 1
27 47
29 73
50 73
51 77
42 29
62 94
77 3
2 45
13 54
9 49
96 32
41 80
91 55
38 82
44 60
89 37
8 38
84 91
75 18
69 63
17 54
43 19
71 83
90 9
64 6
55 9
65 89
44 52
29 2
94 88
35 41
78 87
95 33
46 36
44 68
69 63
88 45
65 34
68 22
2 55
66 97
3 78
40 2
41 18
96 55
98 82
39 0
88 73
44 56
45 77
93 48
94 76
84 4
99 40
74 43
34 62
3 21
18 3
44 84
16 33
46 54
6 96
50 31
13 43
79 94
35 26
78 7
51 80
11 55
85 55
86 71
61 37
89 95
68 25
2 45
34 74
46 81
7 11
3 80
59 51
26 97
71 80
3 90
28 22
71 41
39 84
97 51
9 39
0 36
88 7
4 77
5 4
36 4
55 47
76 68
57 31
78 69
73 35
62 66
82 51
90 37
20 38
27 46
60 76
90 79
53 74
6 42
57 83
38 4
38 15
44 9
64 93
2 79
71 89
1 53
35 68
77 10
28 33
46 51
21 41
64 44
78 44
5 37
56 85
24 74
9 34
78 2
70 69
8 33
50 38
97 83
17 45
34 60
0 56
33 67
34 59
2 10
0 52
35 0
54 42
56 93
32 22
7 11
24 91
76 50
39 79
35 28
88 31
31 7
87 10
24 42
86 67
16 70
72 29
77 83
33 61
69 71
74 70
74 7
35 22
36 12
10 45
8 76
77 32
34 82
46 38
59 96
91 28
18 24
90 42
7 61
91 7
41 7
79 61
99 50
74 77
87 99
85 0
47 60
27 2
56 80
54 87
76 25
98 22
60 87
63 16
83 98
11 55
66 37
74 91
53 33
4 53
67 74
94 32
66 32
79 33
92 24
79 49
96 39
65 5
38 33
33 84
96 16
68 98
91 19
59 14
7 68
99 13
60 28
41 94
51 10
26 91
96 43
50 81
49 62
68 75
77 14
15 65
0 3
9 98
53 15
1 11
85 5
53 94
33 71
61 20
92 78
1 91
75 44
39 1
32 92
39 62
87 78
65 4
3 88
30 46
93 45
95 97
35 59
76 57
3 17
72 76
70 1
9 0
10 57
4 84
45 25
55 43
0 76
50 10
77 36
86 93
84 5
33 49
37 72
28 58
75 51
30 92
87 68
18 91
86 71
42 33
63 84
53 18
33 25
36 24
79 12
16 47
11 85
61 90
75 12
99 29
51 57
10 18
48 67
91 57
99 31
26 88
22 80
16 22
96 57
54 23
38 33
39 6
58 7
94 37
70 78
69 3
4 22
46 92
26 58
71 47
42 33
66 84
53 83
2 26
81 59
41 94
14 42
86 83
97 66
74 61
0 5
2 82
19 99
8 32
5 62
26 73
95 28
38 82
28 69
63 73
63 34
41 37
91 38
10 74
26 11
86 10
8 3
52 45
45 93
73 55
17 30
47 9
56 86
31 57
10 13
26 44
95 10
17 69
36 24
84 96
14 87
6 47
41 46
57 56
49 96
9 95
75 19
20 0
53 34
24 55
76 33
74 45
70 91
87 32
60 17
7 3
58 39
26 16
23 85
43 22
47 85
24 19
75 11
46 7
38 78
73 17
62 80
1 19
98 91
77 25
26 7
58 22
20 32
38 28
64 75
71 53
70 10
42 39
7 63
9 69
63 15
10 39
64 38
14 41
89 80
24 78
54 52
53 52
3 56
61 64
4 6
80 58
12 20
8 72
98 82
30 58
19 77
84 92
82 7
83 20
1 39
55 84
6 99
72 91
12 27
74 82
38 79
76 28
90 78
68 31
91 56
94 40
5 2
12 47
31 13
83 78
40 45
73 85
26 0
20 98
86 90
71 36
87 88
99 75
96 64
27 79
73 98
62 94
22 80
96 85
87 95
72 42
35 23
1 82
65 69
86 53
66 97
31 91
11 10
3 79
50 11
82 56
14 85
95 10
66 8
62 58
75 32
26 56
64 52
73 17
78 68
27 23
38 90
54 89
40 58
36 85
86 90
78 99
60 62
21 59
20 48
97 66
12 63
26 4
61 28
16 90
27 67
14 67
52 24
10 93
18 93
32 12
73 64
16 78
33 32
59 80
78 69
4 7
34 4
32 36
11 81
65 64
31 37
54 89
86 93
26 55
94 58
18 29
21 6
18 5
90 41
46 80
93 35
2 55
37 74
5 74
43 51
35 97
8 79
20 35
43 70
67 91
28 0
37 35
61 50
3 23
48 10
63 5
95 70
94 10
70 29
18 36
86 44
82 5
91 45
97 37
51 75
27 17
14 6
51 12
92 0
44 35
80 99
13 87
73 59
26 81
18 44
67 68
29 88
2 81
62 7
98 33
32 71
51 72
75 7
34 67
99 49
64 43
32 88
53 11
2 52
21 67
99 77
83 21
42 32
89 37
78 59
86 11
99 46
80 65
26 65
42 33
99 87
21 69
38 56
79 34
59 74
85 65
78 17
79 38
58 12
43 81
14 43
78 70
87 83
2 83
78 95
62 4
18 89
19 68
22 55
16 69
91 83
35 46
35 32
63 53
72 13
35 97
17 85
21 38
16 75
17 44
79 70
58 14
21 23
90 26
62 46
95 77
15 97
53 6
78 63
59 23
81 73
1 82
82 75
65 22
96 48
79 36
34 80
7 77
26 8
9 70
94 70
97 35
65 3
6 13
65 80
64 33
97 28
28 68
18 50
68 45
82 19
65 56
11 39
93 67
39 23
47 48
26 13
18 70
28 98
73 51
26 52
74 22
56 48
28 83
34 0
71 91
71 74
55 83
40 28
31 42
39 58
56 5
98 82
4 25
52 10
31 5
59 96
33 63
11 1
84 46
99 11
73 99
89 50
18 59
90 31
7 60
29 88
85 44
86 65
37 8
0 11
10 6
31 75
12 55
48 37
77 61
35 8
50 39
63 70
37 46
0 75
86 98
75 72
73 3
3 37
34 41
81 13
92 12
26 40
73 47
3 61
90 62
3 10
78 14
61 23
71 0
74 8
98 72
97 66
34 23
0 15
52 17
6 88
78 69
44 34
57 37
86 95
55 96
82 25
48 25
11 98
0 95
79 47
68 13
34 59
67 79
46 89
46 99
26 6
18 88
97 26
77 79
78 1
88 82
51 3
83 62
71 43
49 57
21 1
80 85
85 48
61 66
86 4
64 73
52 4
11 94
79 24
86 78
60 54
76 6
22 68
42 94
28 10
99 41
4 24
74 10
99 42
9 3
61 93
25 33
30 93
43 39
18 87
2 73
51 97
37 7
21 20
41 0
99 74
66 16
69 12
45 77
11 77
49 98
37 79
65 19
52 45
3 47
38 68
11 2
31 11
66 71
38 2
18 65
9 44
48 41
11 3
4 59
61 11
28 50
33 99
8 33
97 40
17 50
18 68
81 3
97 53
57 91
72 47
34 30
46 3
62 22
12 48
13 32
90 45
17 23
1 42
91 74
37 88
22 83
43 3
39 49
47 75
75 16
26 89
80 37
60 6
16 54
74 28
96 18
59 75
13 78
94 50
53 22
34 16
33 6
82 94
54 21
22 71
86 37
12 38
97 46
52 90
21 25
57 54
3 77
40 1
60 58
52 30
46 44
40 6
64 63
91 66
31 26
88 67
76 5
58 85
22 88
7 27
41 7
79 62
35 67
16 65
52 33
31 3
2 13
25 91
60 19
92 23
76 13
11 60
1 12
47 93
74 29
80 18
37 48
92 77
80 77
11 12
5 42
20 3
36 28
74 27
72 30
56 40
47 87
51 36
32 79
59 52
28 50
23 89
78 28
58 18
47 15
67 69
94 53
42 33
33 11
42 19
53 93
26 80
4 98
88 65
68 16
87 49
45 91
32 27
4 83
58 82
8 31
95 34
61 25
29 41
0 32
36 61
98 97
44 34
68 79
78 55
39 86
79 75
98 73
77 80
64 90
7 24
91 46
54 90
13 41
69 76
16 59
35 36
45 35
64 24
23 32
11 67
22 90
43 91
67 85
58 70
29 88
11 10
25 52
49 74
53 63
18 65
87 2
91 39
74 76
12 8
71 75
25 58
50 12
37 13
23 38
10 2
97 14
36 79
22 90
45 85
73 66
49 38
54 91
93 58
94 95
77 78
36 47
52 17
34 31
43 52
16 49
36 51
86 20
29 41
66 67
69 7
70 35
21 84
30 89
85 97
80 27
74 3
64 43
49 52
54 16
86 80
85 39
66 15
51 92
12 59
83 76
12 50
6 62
34 0
66 69
38 49
64 37
1 72
41 99
41 86
96 57
96 74
40 17
96 39
11 95
1 67
45 74
56 68
8 92
65 10
51 1
47 7
94 34
6 62
69 77
35 90
23 45
75 27
31 13
72 60
4 27
77 8
21 98
1 21
93 77
9 17
46 1
95 47
16 50
31 84
20 75
27 69
38 4
60 87
74 48
8 58
24 47
91 62
70 17
69 37
70 13
30 97
28 61
57 48
14 85
99 70
50 5
16 0
47 89
13 12
79 39
52 4
26 20
20 43
31 40
34 2
82 8
68 28
45 11
50 63
89 30
16 82
70 28
95 90
43 42
5 62
78 90
78 39
18 31
60 39
35 55
56 17
23 46
3 33
54 17
53 32
17 37
88 80
28 94
88 49
93 60
4 27
40 46
18 33
10 85
3 7
76 39
32 90
33 71
80 77
33 44
95 86
83 8
78 90
26 64
11 58
49 80
30 39
30 95
7 54
62 69
26 4
77 85
10 81
36 47
39 19
21 26
71 93
73 96
95 85
91 7
18 25
40 76
67 65
96 58
39 40
2 92
73 15
10 5
72 21
8 77
43 69
67 64
0 88
90 55
60 41
89 46
36 32
41 30
83 81
57 42
0 31
12 88
93 26
15 32
57 39
64 40
62 60
92 10
68 87
6 82
65 39
83 76
50 4
47 4
32 73
52 53
5 28
83 65
98 14
17 35
93 10
34 52
52 36
83 44
16 40
71 58
21 36
35 81
36 35
68 2
15 88
30 17
97 22
91 15
49 94
27 47
14 66
92 31
74 92
91 38
97 16
71 62
43 21
10 88
86 14
25 82
11 86
12 8
9 68
27 32
75 63
51 26
23 71
40 94
48 8
27 25
72 56
91 82
27 69
3 45
92 63
55 52
84 55
47 46
25 4
94 81
87 38
81 82
2 52
43 75
2 44
24 51
29 46
90 34
96 11
41 68
48 19
74 72
27 90
74 27
46 13
5 8
73 34
23 35
65 49
60 52
2 78
98 30
71 50
68 84
60 91
67 41
74 81
24 70
35 80
52 47
32 45
8 53
65 73
83 45
49 97
37 52
38 87
79 61
72 64
15 97
2 35
87 0
47 14
38 66
97 1
15 91
93 12
67 54
22 21
13 33
97 45
92 44
55 42
40 9
47 55
81 7
96 67
14 19
44 20
11 77
25 55
75 64
40 49
64 75
61 41
1 59
38 35
35 38
66 42
79 96
36 34
1 34
51 86
58 63
48 13
92 24
87 42
37 74
17 57
9 62
41 49
28 86
48 92
9 42
44 10
78 47
96 92
30 97
66 94
85 64
70 45
63 99
24 42
55 10
30 83
45 80
7 37
24 9
10 3
60 28
76 33
55 26
23 74
73 19
60 24
29 39
35 68
35 51
43 3
69 13
41 58
90 65
17 24
2 28
30 6
67 97
61 48
59 75
79 11
64 85
20 47
31 61
24 33
14 32
49 71
57 7
83 26
8 55
41 95
97 60
84 81
10 2
27 3
41 16
21 99
70 98
57 44
25 64
17 23
39 14
56 81
1 61
91 77
60 1
85 19
68 23
48 16
71 10
89 12
78 88
13 83
93 68
70 86
34 44
43 63
15 12
7 98
3 66
73 91
41 68
78 65
72 65
93 6
95 24
85 13
52 84
52 23
70 65
19 23
68 34
45 57
80 37
99 68
33 87
92 71
33 94
81 9
87 37
4 63
92 36
99 31
54 50
20 85
42 27
74 4
44 69
73 92
70 64
99 49
97 73
8 43
43 41
38 59
47 11
8 92
28 66
34 57
49 76
27 67
46 32
92 10
17 43
37 40
52 55
99 90
19 54
84 7
29 88
45 47
79 64
87 99
51 33
54 84
5 1
56 80
27 50
65 89
74 2
50 6
46 74
33 98
45 0
16 66
7 86
69 48
8 29
65 72
86 98
21 91
45 36
25 60
54 36
36 27
77 96
96 73
56 46
18 44
16 57
61 22
98 92
25 7
91 37
45 14
55 27
34 2
10 87
34 32
6 79
11 28
67 34
4 22
26 61
82 75
72 25
86 51
98 82
18 94
53 70
56 98
16 29
27 36
53 64
84 3
24 54
56 8
59 14
25 7
88 69
64 62
55 3
77 96
44 1
85 71
64 0
0 9
4 21
5 29
62 57
95 54
25 59
63 19
80 63
76 73
97 36
45 61
52 28
55 21
31 27
41 71
60 74
35 90
89 87
27 40
25 32
71 62
22 94
29 88
64 83
30 60
22 17
34 88
18 77
56 27
90 0
81 86
15 76
28 82
94 58
65 1
32 56
38 46
32 24
89 14
97 70
34 38
31 3
79 29
35 98
31 49
56 38
44 35
38 91
78 1
31 97
37 86
96 15
26 35
27 21
50 46
97 84
11 44
65 64
16 57
60 45
83 66
36 77
97 24
45 15
56 77
77 73
47 18
91 24
29 10
20 43
51 89
57 27
40 53
59 90
59 73
54 97
2 26
55 97
85 82
67 53
0 13
98 70
2 30
66 95
6 75
87 83
40 17
5 61
67 7
45 72
74 31
79 15
34 31
92 61
77 65
31 44
22 31
53 47
73 19
89 69
86 4
73 88
70 23
21 97
92 67
57 10
36 9
17 59
14 6
67 46
18 51
80 59
73 94
92 66
5 64
75 34
59 94
55 99
97 81
88 74
87 98
39 12
57 83
98 8
0 12
90 72
92 41
61 74
82 99
0 9
54 16
27 91
92 12
83 11
74 10
90 72
21 62
41 15
32 0
30 78
76 12
87 54
62 75
27 70
62 7
75 94
70 11
54 48
6 45
83 25
3 78
62 46
82 20
55 78
35 45
28 65
61 35
97 91
4 47
87 65
16 78
4 47
98 18
27 91
82 22
82 47
97 32
64 73
87 53
66 29
31 8
1 45
15 40
6 13
27 48
95 60
40 37
40 0
98 13
63 14
21 36
58 86
76 86
69 28
64 91
63 44
48 15
43 28
49 31
17 79
48 22
49 90
73 27
82 11
57 72
21 34
77 39
16 22
94 83
55 48
13 93
27 73
13 11
35 23
40 49
2 43
66 20
36 37
74 21
88 49
58 47
53 37
10 11
22 15
26 91
63 23
21 77
76 83
4 54
66 19
80 23
22 79
75 40
59 49
37 18
9 56
36 99
46 62
46 3
18 7
70 30
10 71
75 87
32 35
91 76
37 73
44 34
28 4
10 70
59 27
22 63
14 6
35 64
78 50
56 28
56 73
69 73
2 36
8 93
86 6
60 20
78 84
51 55
35 20
42 91
86 16
16 31
79 80
29 87
27 85
59 51
60 3
0 83
10 45
94 20
11 51
87 73
13 83
32 80
92 43
10 79
71 37
63 18
85 50
96 76
8 65
81 27
40 15
8 2
42 84
8 85
37 32
16 51
98 73
46 68
79 48
36 78
59 77
94 48
17 23
39 14
77 35
82 86
26 57
24 82
26 65
66 75
59 55
55 33
5 27
47 22
90 95
61 59
63 84
17 99
74 25
89 51
2 97
59 60
7 98
75 61
38 13
71 14
70 51
92 19
38 24
67 94
53 21
76 37
60 89
76 68
95 51
95 64
59 75
46 35
51 12
34 3
14 11
42 73
88 60
88 44
89 31
5 40
50 80
67 6
37 36
49 89
71 77
48 37
39 75
56 47
8 13
77 99
80 32
49 73
24 55
41 21
50 78
65 47
24 4
54 0
47 92
78 20
26 38
81 60
34 48
75 1
46 61
11 41
63 24
56 3
6 26
53 82
90 37
94 24
61 15
31 1
57 89
24 36
55 36
40 38
67 19
39 20
20 97
68 76
44 66
35 86
49 84
96 9
71 4
74 90
79 67
72 86
18 67
48 60
94 16
9 68
56 63
8 2
60 81
43 28
26 31
20 66
38 25
27 28
74 21
92 24
57 8
59 2
61 32
37 92
27 47
94 48
60 43
77 55
41 31
42 72
32 51
28 45
93 39
32 92
80 44
78 65
48 44
69 93
21 14
72 56
42 78
80 10
37 32
12 59
49 12
6 86
35 81
16 36
93 16
2 49
68 45
64 65
62 87
83 63
94 32
17 78
15 66
94 7
26 93
4 95
67 30
28 52
73 72
83 59
18 12
2 96
5 21
33 12
93 30
1 6
69 80
48 66
84 87
67 85
45 37
33 40
33 81
31 57
64 90
2 5
14 75
62 20
23 26
51 61
15 2
23 60
56 11
8 81
2 1
31 64
5 36
35 95
62 39
29 78
8 62
88 39
59 50
27 22
96 76
76 3
10 94
66 34
23 62
7 89
64 48
54 15
35 7
73 83
52 43
42 21
78 69
24 33
52 63
70 0
87 54
15 79
29 19
54 42
58 2
37 71
11 2
30 41
75 47
67 35
47 62
16 48
58 81
0 27
18 25
18 2
40 17
21 46
27 90
16 9
91 45
26 89
74 65
68 82
12 32
8 97
79 6
42 53
36 67
89 20
43 52
80 74
98 62
48 83
89 22
58 21
6 46
71 29
74 7
79 77
32 68
80 71
41 22
59 42
11 40
41 95
14 74
70 1
43 96
42 95
16 92
75 91
39 9
32 76
11 87
77 26
22 40
2 35
56 83
13 69
53 85
31 10
26 17
63 23
97 57
52 22
97 74
70 67
17 39
42 28
44 1
8 51
23 53
65 56
83 10
61 15
65 41
57 21
88 56
46 45
79 33
78 36
50 1
28 98
6 86
49 88
58 24
82 64
95 90
45 88
46 93
76 31
27 33
89 98
68 80
19 98
42 45
40 55
92 24
34 44
39 29
23 31
1 0
26 56
86 5
18 36
79 74
66 76
21 6
69 28
60 63
25 35
52 96
1 48
50 94
75 56
43 33
38 54
80 69
61 73
23 87
17 87
98 46
97 20
31 30
33 86
30 16
22 14
99 90
86 95
28 75
9 93
59 96
79 54
99 25
63 56
84 75
72 39
39 18
12 61
4 61
42 48
86 77
75 22
92 26
61 86
21 55
6 85
16 42
69 42
99 62
5 7
74 93
24 40
58 14
16 29
14 86
5 71
46 64
83 55
38 18
87 82
53 89
98 78
69 67
8 72
18 43
55 44
81 55
62 3
82 51
6 29
89 26
13 99
87 89
37 79
80 35
15 97
56 89
45 86
69 39
12 2
31 49
0 8
35 57
41 46
4 96
77 10
68 46
14 81
23 29
89 71
0 98
56 97
97 56
81 14
20 64
60 93
15 90
75 28
86 32
19 26
44 27
75 97
63 2
77 49
2 74
7 78
85 78
11 4
86 72
29 6
39 29
83 37
25 62
9 79
38 22
34 49
46 37
77 14
74 50
58 82
45 36
99 49
89 67
46 97
66 56
17 18
30 50
89 88
20 80
45 16
66 98
92 96
13 21
42 97
55 31
93 24
22 80
99 91
81 33
79 76
67 70
75 12
16 40
61 60
1 32
93 5
60 34
56 18
71 37
67 16
86 63
15 89
29 43
90 87
32 4
2 76
24 71
60 3
16 70
35 98
73 99
27 28
76 74
28 77
65 44
71 0
57 41
38 5
97 90
55 25
29 92
95 6
25 3
89 37
63 57
83 1
56 72
83 43
23 0
9 91
73 50
42 16
28 25
83 8
3 17
82 57
66 89
57 27
89 91
47 25
40 80
2 1
49 38
15 26
67 93
73 9
35 75
51 82
93 89
58 83
57 67
13 20
31 86
36 34
69 70
63 16
58 17
38 70
66 74
24 59
17 24
62 41
16 22
34 27
45 18
55 68
75 23
94 75
7 11
92 3
94 95
95 43
15 16
55 45
62 89
30 15
82 46
64 79
10 78
75 91
73 31
70 86
83 66
60 68
27 96
22 74
25 56
67 33
5 43
32 76
7 76
79 17
24 31
93 63
39 11
38 88
17 40
45 55
69 79
68 52
90 98
21 60
98 99
8 85
19 72
95 33
38 51
34 50
22 62
81 99
72 17
98 88
57 33
82 70
20 49
69 2
63 7
37 87
22 93
61 86
64 7
61 67
87 33
12 91
1 59
1 21
57 90
9 33
68 99
54 51
78 96
50 75
23 34
76 20
80 40
6 50
50 7
56 30
18 15
27 61
73 0
28 71
47 34
78 44
16 34
90 6
84 8
99 71
78 17
71 79
79 95
23 78
75 97
64 75
18 66
38 18
54 98
91 66
32 27
99 58
38 79
10 55
28 98
21 30
41 24
47 58
52 97
67 37
16 99
82 92
70 91
82 76
80 30
94 39
92 28
5 97
44 21
21 34
27 86
66 70
43 20
5 3
0 14
64 20
5 82
34 62
16 35
71 68
98 39
86 81
45 60
93 4
4 72
65 12
78 38
61 95
15 95
68 56
55 69
87 38
41 4
34 31
75 82
96 25
89 77
96 8
54 41
4 17
84 50
31 58
81 29
92 87
45 11
90 33
20 73
77 34
74 44
59 89
95 43
4 55
64 42
97 10
22 72
33 47
41 26
26 28
38 73
55 92
93 2
85 12
3 68
23 52
2 50
37 88
19 77
51 15
14 88
45 60
84 22
61 95
36 86
66 78
12 59
80 8
95 80
61 10
90 94
98 25
42 76
22 5
30 62
19 53
62 65
53 10
97 20
0 43
50 8
40 28
23 96
0 31
42 25
92 75
76 57
8 55
99 69
58 50
89 14
78 60
12 2
63 62
83 77
74 42
5 84
42 92
58 90
68 92
61 54
43 11
22 30
37 49
84 65
3 0
15 45
50 22
90 19
31 38
85 20
33 41
69 84
44 19
11 45
86 94
71 84
17 67
68 15
34 50
4 59
0 33
34 76
94 58
21 75
75 92
53 70
75 51
26 71
51 75
30 16
12 48
17 14
0 16
7 24
92 94
28 60
3 51
25 95
52 12
67 33
41 57
83 32
94 99
27 42
24 60
84 52
45 34
76 14
63 93
40 4
62 17
21 40
69 80
94 12
62 26
37 91
74 38
23 4
91 43
96 52
31 44
65 58
43 6
31 39
86 40
83 55
36 30
16 37
30 11
66 28
10 86
86 60
84 26
26 92
38 74
71 86
84 3
79 2
85 54
82 92
24 85
79 58
45 20
73 65
85 87
34 98
70 49
39 84
63 67
32 18
38 17
49 78
35 92
33 26
73 2
44 99
88 94
73 21
24 7
93 40
14 22
22 70
77 13
61 98
20 14
85 73
15 22
0 10
26 89
95 3
3 35
2 59
57 82
97 78
81 22
66 97
20 48
36 85
38 5
43 96
94 92
45 53
84 90
23 2
86 27
79 92
50 64
67 45
92 20
94 90
2 23
7 6
23 70
5 78
92 64
47 97
54 32
55 80
82 16
93 59
87 42
73 11
2 41
24 23
53 81
94 33
65 70
47 11
62 51
27 3
20 63
24 86
43 76
42 14
53 99
76 40
42 67
67 29
50 94
82 36
37 10
91 96
14 30
34 24
8 72
93 0
72 45
4 24
30 21
46 56
44 15
55 11
84 21
90 51
15 17
84 29
24 79
8 80
39 18
33 70
26 29
39 71
73 32
88 40
50 58
90 84
77 43
51 98
84 2
47 22
18 54
38 73
43 42
13 42
34 79
77 87
54 26
15 37
91 53
85 53
87 56
38 78
19 38
82 34
20 13
24 63
31 94
32 76
65 22
49 85
98 80
81 11
38 75
81 68
42 39
4 99
89 98
87 85
20 87
64 45
38 64
57 73
98 88
33 96
41 3
94 22
66 5
34 31
63 62
1 29
82 71
91 18
68 33
40 31
48 44
85 34
75 37
73 78
17 51
11 59
29 77
69 95
66 61
36 12
31 54
13 36
91 74
50 3
14 21
42 49
15 46
28 72
5 12
25 31
95 56
11 18
88 8
80 76
24 67
35 84
50 41
44 68
69 44
90 50
88 0
84 71
25 95
82 16
55 1
21 31
60 19
89 58
91 30
45 79
21 52
77 73
39 85
61 36
40 7
84 12
81 69
69 30
3 86
34 26
85 35
36 68
63 52
1 14
77 80
8 44
81 34
28 67
78 36
62 3
64 56
2 47
83 45
87 42
2 70
26 66
5 67
46 10
88 92
92 38
16 3
96 50
63 69
51 74
45 30
72 14
66 88
80 3
52 70
0 54
88 60
18 74
88 25
83 20
93 2
74 21
34 44
91 82
93 62
38 44
82 4
17 98
32 56
60 16
7 99
19 71
46 98
94 72
68 93
64 1
75 0
18 22
47 16
50 62
81 73
31 10
90 79
28 72
40 74
0 72
3 59
23 19
80 34
11 88
26 95
15 35
4 33
36 69
29 17
7 39
5 19
65 78
22 24
2 94
52 57
99 23
23 11
86 24
8 82
55 83
52 91
31 30
54 56
81 17
86 79
3 96
31 42
5 86
43 66
27 43
54 32
15 38
65 93
35 51
69 47
31 29
67 66
89 26
22 69
97 42
74 37
68 21
54 22
67 72
8 21
18 13
71 33
93 59
71 88
60 34
37 70
21 66
17 85
75 36
9 10
99 97
96 90
68 62
6 14
53 19
54 38
46 43
86 45
45 60
35 37
22 63
14 40
70 30
29 63
83 51
68 17
45 66
81 83
19 10
34 58
61 56
14 63
60 62
54 35
93 82
22 16
25 18
72 87
69 98
82 92
15 58
98 33
55 50
73 5
85 79
13 11
11 71
20 37
15 70
93 76
11 81
3 63
50 41
24 78
54 49
2 35
98 81
70 87
72 6
32 65
19 73
71 69
15 51
16 79
75 69
38 7
16 32
50 68
83 31
15 39
4 18
50 8
82 52
45 40
16 23
69 81
49 70
38 59
45 9
70 86
67 60
30 39
8 98
98 99
51 43
17 66
86 73
69 94
9 64
59 35
24 46
19 9
53 37
69 28
24 52
45 47
21 15
41 97
40 9
50 72
88 26
28 8
78 5
17 30
35 27
12 52
64 94
79 33
72 69
78 45
79 35
35 31
6 56
48 33
12 95
78 67
69 88
2 99
27 19
90 2
18 23
74 20
36 7
34 29
37 9
73 0
26 3
85 60
54 2
67 89
21 79
56 40
22 73
64 75
16 13
80 36
98 88
75 25
66 41
81 9
56 0
38 8
51 73
53 71
61 19
79 47
98 50
93 28
82 36
31 34
50 47
67 25
89 88
88 6
81 26
12 78
81 93
87 12
73 44
77 56
75 65
10 85
43 60
57 44
36 50
22 27
19 14
60 95
31 82
84 38
73 9
6 93
32 90
75 60
62 57
93 56
13 81
64 86
10 45
62 26
82 90
42 59
7 42
53 91
64 33
37 79
6 58
82 84
57 27
48 20
43 47
24 48
36 86
68 94
6 15
43 72
76 61
96 57
61 80
19 36
1 73
78 17
48 80
11 98
72 40
43 98
26 82
3 53
24 63
2 26
28 71
30 75
94 97
22 42
94 20
8 21
72 70
60 24
17 50
17 57
2 38
33 81
30 66
9 77
57 27
70 38
97 77
34 27
36 12
61 87
64 75
12 54
32 5
76 41
10 72
74 12
46 90
31 62
63 33
97 46
50 62
94 36
72 50
43 99
21 24
64 86
62 9
10 57
33 15
85 64
95 56
4 25
12 58
70 24
58 11
4 41
55 96
37 18
8 90
69 77
96 8
83 68
40 36
51 26
88 6
91 13
83 84
85 14
27 79
13 9
78 90
6 16
5 49
64 82
53 41
43 82
11 26
38 84
45 5
42 30
24 17
33 42
59 77
76 83
34 15
89 16
33 90
3 22
35 60
8 80
88 25
72 26
34 63
93 51
8 39
88 19
20 6
86 42
75 4
20 44
24 7
7 58
84 16
19 96
96 13
24 1
32 30
34 57
26 5
63 12
95 76
15 98
32 17
29 46
1 8
75 36
38 67
51 50
60 32
72 7
85 66
73 32
6 18
4 84
7 70
41 92
1 61
82 24
35 40
68 66
4 39
70 45
40 97
58 77
63 52
68 75
42 22
80 69
30 51
29 22
94 79
45 69
95 97
34 66
52 25
39 27
74 72
6 80
4 44
52 3
22 60
72 21
12 69
70 60
26 69
18 88
67 30
29 89
20 51
97 49
55 3
66 50
44 68
95 75
72 58
73 84
5 14
83 41
31 60
56 42
3 42
43 78
43 17
93 51
86 79
65 55
92 76
49 96
68 5
79 28
21 83
39 5
84 85
24 21
46 9
31 18
79 91
82 55
91 22
0 74
58 21
32 54
0 1
28 27
67 79
32 73
73 80
68 27
98 87
14 94
73 88
82 67
38 51
70 97
29 8
62 11
15 94
18 37
67 46
26 75
58 6
35 42
80 82
17 85
52 5
61 36
21 74
96 58
67 7
16 67
95 36
61 78
91 39
65 84
79 56
46 82
97 86
62 70
6 29
89 82
33 88
99 38
54 90
28 94
30 59
1 91
98 96
79 81
7 87
21 14
11 87
59 67
58 91
23 85
24 26
5 63
62 4
13 38
70 48
81 40
1 67
6 5
58 13
52 82
63 97
14 83
26 82
36 20
2 92
12 79
99 4
52 44
48 31
76 39
72 74
25 46
16 25
69 17
45 17
60 62
23 75
48 42
86 27
76 0
1 29
65 81
55 24
3 0
8 80
6 67
31 25
60 21
53 34
44 28
55 32
63 91
84 72
13 74
1 80
5 14
55 59
62 90
41 80
48 69
4 89
3 64
71 14
60 12
9 38
95 8
54 97
31 12
24 53
50 91
41 11
6 23
23 27
50 61
9 35
57 45
56 34
4 41
46 1
73 56
65 58
64 59
51 32
13 20
14 28
57 45
98 65
46 18
46 67
14 15
87 71
78 90
9 79
55 5
82 95
32 13
14 89
38 26
21 80
0 16
57 12
34 68
63 84
14 61
69 66
94 76
2 42
65 92
56 73
78 64
2 46
25 24
68 86
4 42
80 9
57 5
44 57
63 6
68 14
29 65
25 91
35 33
20 45
21 73
76 45
37 51
95 3
62 94
32 69
1 18
24 68
73 90
9 59
52 41
60 3
54 64
10 3
13 29
71 63
23 99
57 64
8 82
30 3
58 57
16 37
2 32
51 39
93 48
37 48
11 34
87 3
72 95
64 2
61 6
5 39
52 62
16 2
89 47
59 76
4 83
94 46
34 71
29 26
27 80
93 50
60 12
31 54
83 73
61 62
61 91
23 7
40 63
79 17
17 69
35 2
93 69
67 72
16 55
22 72
19 36
87 31
41 92
45 74
19 80
5 46
58 25
37 30
43 88
57 61
79 99
6 31
46 99
77 95
36 43
35 59
18 36
51 11
86 3
40 10
42 11
92 15
73 94
12 76
26 59
70 88
32 90
89 87
51 44
85 10
61 3
63 87
6 88
31 60
14 18
76 40
45 80
59 46
18 77
36 67
87 67
93 48
51 44
39 40
39 83
91 13
18 5
34 6
79 51
87 75
24 70
56 64
60 84
88 10
54 17
49 61
54 13
88 80
52 22
7 95
98 78
83 0
5 48
97 30
73 40
82 77
67 50
30 58
77 86
16 49
96 89
49 66
87 50
87 50
80 27
85 19
37 60
59 16
22 3
86 69
70 13
33 14
50 45
74 48
95 67
42 8
92 77
5 84
75 70
64 63
2 88
19 94
99 30
80 63
39 27
49 74
35 33
21 66
70 4
23 76
35 73
56 47
97 56
26 50
82 18
61 76
5 29
24 32
47 7
17 63
25 18
78 42
17 55
55 6
18 28
81 57
89 29
16 80
56 25
13 6
38 61
22 28
4 49
65 73
63 34
47 6
16 0
18 71
5 90
37 31
22 97
68 80
63 6
92 2
96 25
24 99
13 42
60 65
3 29
72 65
5 31
37 38
66 72
26 85
36 20
76 18
22 65
16 3
76 64
65 1
78 89
15 36
24 79
38 29
98 60
99 80
79 69
84 51
36 16
71 6
75 55
63 49
75 98
76 70
18 26
54 14
36 62
85 40
70 84
51 4
94 20
28 7
66 32
8 88
63 98
92 14
48 67
53 0
8 90
84 60
91 60
58 77
6 11
6 27
37 56
61 27
99 41
17 3
45 80
7 24
33 23
97 96
10 95
78 58
0 40
25 30
91 82
91 90
75 71
30 92
51 86
49 43
35 3
34 36
48 31
44 3
31 24
55 52
31 26
3 82
66 6
56 75
29 9
82 48
90 13
80 93
67 41
12 50
3 13
76 3
11 8
19 52
9 55
11 78
37 51
6 10
99 18
46 64
41 22
11 10
58 47
9 21
48 92
64 44
94 7
72 46
75 11
63 57
89 27
81 10
8 37
5 63
92 38
51 35
52 35
16 92
23 21
32 6
63 46
99 89
78 21
76 69
7 1
2 39
39 0
97 54
91 79
44 50
63 94
44 96
24 85
6 91
15 34
25 81
92 43
55 20
51 10
33 36
87 10
7 38
5 77
10 7
39 8
30 41
58 30
43 72
6 57
41 81
80 59
94 66
46 97
82 69
17 50
94 55
6 55
73 79
28 64
72 91
79 98
47 25
16 40
78 30
62 37
52 56
27 17
19 41
55 65
33 17
3 9
43 9
76 92
85 69
38 66
93 68
21 80
31 26
89 65
84 70
96 11
67 57
59 18
50 68
9 53
63 11
15 98
98 66
81 38
80 11
74 88
7 19
46 91
50 37
91 73
20 49
77 12
68 50
20 18
66 77
99 53
88 59
23 60
19 99
70 73
38 20
77 49
29 14
15 53
66 96
42 9
32 34
78 82
17 46
8 46
21 22
44 11
96 54
14 62
12 67
96 47
87 73
52 14
73 43
92 98
19 89
52 12
36 3
34 96
1 9
5 4
10 58
64 53
1 53
61 73
16 56
97 78
25 3
0 66
19 88
55 57
29 16
27 82
45 15
72 85
60 89
38 66
84 6
83 16
8 1
39 83
42 18
47 32
44 19
68 72
91 27
1 93
80 54
23 44
38 84
78 16
44 89
58 94
34 17
53 98
24 92
80 70
65 91
31 38
76 62
57 35
90 35
21 28
19 63
1 50
65 9
68 89
47 18
61 85
1 4
80 50
24 89
20 78
45 63
70 60
85 78
54 12
9 27
34 1
10 8
52 18
51 25
76 59
97 94
74 86
96 46
15 14
36 51
28 40
59 28
60 58
15 77
66 43
70 22
12 84
39 40
86 53
98 83
93 50
21 0
81 24
96 2
28 19
38 39
95 56
1 29
3 33
84 11
6 52
4 65
81 89
82 25
6 69
88 80
76 19
33 88
14 29
1 20
23 56
40 53
10 66
12 31
4 9
83 98
78 0
53 54
41 70
7 92
80 20
27 7
67 3
31 94
88 44
42 38
56 92
24 36
61 19
12 75
93 43
0 91
48 54
15 17
75 74
73 47
40 55
19 35
67 17
44 49
48 9
3 4
1 29
30 18
43 12
73 21
34 69
80 87
14 76
58 52
80 18
43 84
6 77
97 6
74 15
15 2
55 74
99 63
96 49
9 84
1 84
98 22
16 10
7 80
52 76
67 98
63 90
15 50
23 76
74 53
36 78
91 31
77 23
58 26
67 53
76 2
85 72
18 59
0 80
38 85
2 45
80 84
69 82
21 10
23 24
49 33
95 11
10 6
21 85
28 86
5 39
98 30
3 0
68 18
10 76
53 71
29 82
41 68
65 3
78 57
88 60
60 70
88 89
58 54
92 63
37 22
99 25
12 61
18 47
85 40
10 50
14 2
4 66
36 90
56 80
33 68
78 13
48 85
38 77
51 63
78 14
63 67
5 18
44 55
53 82
72 55
65 60
58 68
73 51
9 52
7 18
97 44
61 15
58 67
92 13
81 90
10 13
40 0
0 11
92 66
51 81
25 69
14 16
84 75
65 59
88 39
29 28
16 59
93 61
73 33
51 64
86 55
22 71
54 63
27 62
30 8
88 4
67 58
16 11
25 64
23 99
16 38
86 92
18 53
42 15
12 39
17 42
6 84
2 17
46 67
1 7
85 67
51 66
98 52
59 76
41 3
66 38
36 29
11 56
39 41
49 46
79 18
80 62
61 70
8 90
94 80
16 15
82 75
89 85
74 68
46 52
28 78
30 41
27 4
26 87
98 67
55 13
99 42
56 80
44 93
6 97
53 96
50 79
10 11
74 79
8 9
56 45
87 82
50 47
11 19
98 56
49 83
89 28
25 48
82 79
1 39
92 87
60 20
57 52
6 8
22 95
19 75
52 78
7 8
82 92
79 20
77 92
35 82
85 60
96 57
44 99
71 67
32 53
55 65
42 34
36 96
52 57
42 49
31 42
5 45
34 81
89 36
63 4
3 47
67 34
58 96
46 7
72 20
26 62
31 11
40 14
61 93
12 47
81 39
56 15
72 63
76 90
10 69
0 45
42 51
90 77
35 72
9 62
91 25
38 51
4 30
46 5
49 97
76 64
84 23
17 55
36 85
58 5
16 82
44 53
12 95
62 67
43 45
10 36
81 58
9 28
69 34
99 37
63 3
70 10
43 57
53 78
75 35
94 14
79 10
53 70
0 70
51 37
7 13
21 35
33 78
21 96
32 24
39 30
76 79
26 85
74 81
75 88
14 11
82 14
82 51
57 19
4 30
2 89
49 39
67 77
80 97
6 32
92 4
20 89
10 53
26 7
40 2
1 45
65 74
37 55
85 83
58 59
94 39
57 74
10 81
10 40
58 90
71 34
36 71
34 43
58 34
61 91
94 87
8 32
67 46
37 55
15 11
30 88
82 56
84 85
9 52
22 52
44 33
13 44
74 77
6 44
25 11
37 31
57 36
29 52
40 20
46 85
84 82
20 74
25 49
24 6
28 15
76 7
74 94
60 35
83 71
42 5
31 19
43 59
85 18
90 42
97 59
92 27
53 18
71 2
82 54
36 93
45 85
55 77
81 9
42 2
84 43
16 37
54 87
62 77
62 4
33 69
58 93
95 73
68 81
21 97
16 95
78 12
85 32
58 65
3 17
50 71
58 76
31 88
22 37
47 60
5 3
90 74
49 73
63 45
85 71
71 29
18 50
32 6
74 92
77 64
26 89
4 0
41 64
17 30
24 21
45 27
81 11
52 27
71 16
78 61
25 76
45 14
26 49
66 38
45 84
56 50
88 65
86 90
76 48
89 22
18 49
89 66
72 81
73 32
65 53
7 53
36 22
84 23
11 13
73 75
84 73
77 79
47 73
52 1
91 90
33 41
76 49
89 24
56 73
14 22
5 75
76 64
23 84
72 11
57 42
15 20
85 43
58 61
68 8
45 96
10 28
77 6
24 43
76 93
40 67
9 63
51 39
16 82
32 42
95 68
7 13
44 87
28 50
60 27
12 68
79 17
48 99
51 23
51 2
1 63
88 50
79 13
14 64
43 6
27 92
12 13
46 23
4 38
43 58
37 55
45 28
28 61
57 49
2 93
67 78
41 27
3 70
78 17
7 6
92 94
55 43
92 51
76 53
82 11
71 54
61 38
53 58
70 77
67 31
91 54
60 29
72 7
29 2
60 44
41 51
57 45
85 46
46 15
24 67
29 88
97 14
78 74
84 33
76 53
27 56
0 13
26 33
11 5
77 54
66 45
71 59
45 86
7 29
8 92
5 59
42 66
51 18
69 6
69 28
22 19
70 89
44 73
61 54
16 66
84 77
26 99
67 56
69 67
90 99
82 59
12 81
42 2
4 83
87 31
67 8
74 97
83 4
65 96
6 31
57 44
47 39
41 32
97 72
34 28
75 36
54 13
75 3
40 51
5 12
21 50
95 48
51 23
60 67
64 86
44 25
30 53
84 18
13 58
8 70
87 43
49 54
44 74
59 28
66 31
86 3
78 15
64 66
50 91
43 87
77 83
23 32
9 50
15 26
59 3
68 99
17 6
36 0
78 69
28 58
68 59
29 77
87 74
10 49
95 69
13 91
23 52
80 53
1 67
16 74
38 74
38 3
11 64
22 66
64 51
41 76
94 93
72 21
60 8
74 86
85 95
48 80
71 96
2 6
81 97
23 4
12 70
29 30
84 81
18 23
93 27
81 71
44 22
42 55
74 86
51 40
56 98
47 24
77 24
5 43
18 16
16 95
2 54
88 36
21 64
41 6
22 59
82 25
84 86
43 69
54 13
19 92
45 76
20 8
55 15
8 60
40 85
11 75
38 49
77 88
98 32
71 26
89 19
12 42
92 18
84 31
72 17
69 94
89 32
6 96
66 63
32 59
69 32
76 6
92 25
93 22
46 77
51 65
69 53
93 60
12 62
22 51
35 70
17 75
13 81
71 0
53 10
17 16
7 98
6 55
70 63
86 40
30 81
73 70
69 17
89 98
19 38
45 34
26 41
35 11
89 44
93 75
78 30
70 71
26 16
69 52
31 14
9 47
80 43
73 34
39 92
83 0
8 57
57 83
57 97
89 25
63 51
96 26
26 95
41 83
26 46
68 91
6 72
27 39
73 0
79 97
12 49
61 21
18 63
71 47
47 3
73 8
16 75
2 9
80 4
76 79
90 21
7 42
63 54
13 26
16 83
75 40
15 33
53 95
64 70
83 82
69 85
19 69
18 97
65 7
94 8
22 23
40 46
44 88
95 93
1 32
8 39
16 46
76 93
52 36
59 8
5 9
0 33
7 28
58 15
74 30
95 71
36 92
58 78
56 68
92 84
82 21
47 85
6 38
50 6
5 6
22 77
60 49
41 79
58 29
7 16
50 87
23 75
11 16
37 35
31 63
96 12
1 72
62 44
57 83
23 89
12 74
49 52
98 14
46 59
49 1
30 87
29 26
47 88
53 87
44 3
33 15
11 58
40 89
5 4
12 80
30 63
93 8
96 33
26 77
14 73
77 31
35 76
56 20
82 56
17 77
2 87
89 6
93 86
53 34
59 70
97 41
5 46
58 16
83 27
10 90
65 51
34 67
71 86
73 84
49 79
87 98
81 19
44 9
8 80
84 11
58 92
34 20
12 63
28 96
0 79
34 12
79 47
0 98
34 13
53 33
63 11
19 66
10 32
54 71
34 71
24 13
69 60
91 53
11 41
2 54
52 0
49 21
94 13
6 52
38 61
8 5
60 88
15 89
82 51
19 44
34 50
5 21
90 67
16 27
85 73
25 89
71 19
66 28
16 18
57 28
46 28
27 62
49 20
86 70
72 9
7 39
52 42
22 34
17 13
23 99
27 67
10 89
79 13
37 39
39 50
67 40
99 91
28 93
19 16
42 66
68 42
57 85
27 38
66 71
40 36
19 20
46 28
30 3
20 16
69 13
6 53
98 97
13 20
17 82
35 59
27 62
69 2
91 25
62 85
16 49
97 8
93 6
5 34
66 50
21 94
41 10
27 50
66 12
91 47
7 13
85 64
80 43
1 18
47 55
90 86
88 17
41 64
33 74
46 81
71 68
12 45
96 33
76 53
65 22
38 6
68 52
88 77
51 89
85 14
62 10
18 31
6 87
58 70
3 36
72 42
56 1
4 13
14 59
81 58
81 27
46 33
9 23
13 8
84 8
59 66
94 76
90 50
13 94
28 66
12 56
95 84
52 8
74 47
96 52
93 21
21 70
66 76
44 15
6 53
70 17
93 2
17 58
46 88
5 84
52 12
95 47
52 85
72 4
47 71
53 30
62 56
74 87
75 90
29 88
72 4
88 5
51 11
99 90
57 48
89 82
58 7
58 11
39 70
19 34
14 56
90 74
94 27
20 99
35 18
69 31
27 95
51 79
82 91
2 46
87 34
66 78
92 63
10 85
95 98
34 50
73 28
27 46
34 70
79 61
24 1
52 96
9 52
51 34
75 47
62 65
90 9
41 54
62 44
12 80
0 36
70 47
97 66
58 91
47 49
4 63
16 26
37 44
22 97
88 44
57 24
97 80
18 58
38 34
20 83
31 97
89 33
95 87
12 57
58 67
42 65
38 91
17 74
58 72
56 41
28 74
61 10
31 83
49 63
91 17
14 5
96 20
64 15
81 51
25 90
83 45
92 73
44 50
29 57
69 26
94 21
85 89
80 71
90 68
25 57
91 30
97 27
90 42
73 88
79 62
2 93
13 1
0 25
98 3
27 68
75 56
77 22
54 63
37 12
50 6
88 99
82 89
43 33
83 74
31 27
16 30
97 89
83 20
69 77
54 90
13 98
46 58
44 46
41 45
62 33
62 88
36 90
31 25
99 88
0 25
15 87
21 8
0 1
24 70
66 39
72 44
26 50
12 63
9 61
9 84
83 96
61 44
43 72
71 80
34 8
34 13
90 43
56 54
78 73
77 60
11 41
90 46
32 4
67 64
33 84
92 97
97 2
42 45
29 33
16 9
47 99
74 30
76 46
29 66
55 70
91 85
1 38
26 14
6 41
97 82
28 21
48 16
57 58
78 72
81 93
67 59
1 16
45 99
39 30
18 81
4 13
21 50
55 5
89 42
4 14
80 0
70 83
78 62
57 39
60 62
91 80
39 16
25 29
63 36
56 76
61 36
39 9
73 14
24 1
83 85
97 46
91 8
79 67
76 33
82 93
97 15
47 97
76 63
87 92
54 28
73 74
71 26
67 57
20 12
50 73
87 90
3 6
57 55
74 2
68 2
42 32
23 51
11 69
69 87
34 88
77 94
4 77
82 90
56 98
40 1
47 59
47 66
81 73
49 73
12 97
19 29
15 54
47 35
45 90
29 47
96 4
38 41
91 21
35 23
28 31
25 90
3 42
67 40
57 10
32 28
82 2
63 14
65 1
76 96
66 47
37 90
53 9
16 67
57 24
82 17
54 41
72 67
55 39
27 16
88 85
49 11
45 27
6 76
82 29
33 2
44 71
53 59
8 74
29 0
58 36
25 95
43 41
12 83
46 49
52 6
59 88
82 14
18 31
56 60
23 95
40 76
13 90
70 51
31 75
17 75
3 48
92 99
45 72
70 81
99 92
27 30
32 21
36 18
5 28
39 59
64 38
87 6
1 22
43 90
5 94
64 55
77 90
8 29
18 19
99 62
75 43
98 10
41 28
8 94
3 70
7 92
7 87
15 44
70 55
45 91
79 37
1 74
43 29
87 94
77 56
24 13
37 9
26 37
3 95
47 1
2 56
48 81
65 97
74 31
49 54
10 4
86 30
73 85
14 56
66 18
70 32
49 92
25 22
74 62
37 29
1 70
87 76
47 72
27 61
64 98
32 2
47 18
69 47
39 89
94 36
76 67
93 1
75 8
73 81
43 14
18 13
70 83
2 82
60 31
80 96
62 36
45 28
34 73
64 30
21 80
6 44
7 9
73 20
85 29
53 93
81 58
91 48
22 95
47 72
64 24
88 6
30 18
37 71
97 61
22 29
7 72
87 46
19 96
84 48
59 63
33 42
3 15
74 50
20 34
73 60
61 74
28 29
57 74
73 36
39 99
91 4
74 67
36 8
44 19
95 67
53 3
5 27
49 17
7 39
43 23
39 5
84 2
41 88
16 46
73 41
87 3
49 35
99 81
61 26
92 93
80 28
59 25
82 2
65 21
63 12
14 31
28 40
57 9
56 26
52 3
19 61
72 36
78 47
36 23
7 0
17 32
0 89
73 7
94 8
81 3
90 9
85 18
18 92
16 9
70 64
21 20
77 50
96 31
31 37
22 47
76 31
85 93
44 42
24 34
85 59
85 22
54 64
65 7
23 5
28 73
10 23
54 77
49 41
84 50
80 26
1 79
17 20
50 79
57 59
30 38
22 47
2 26
2 52
45 77
43 34
54 15
35 94
48 16
88 74
32 9
16 74
67 8
71 64
57 12
19 44
22 21
69 88
23 50
0 42
21 68
4 25
92 98
70 10
8 3
47 66
65 19
93 52
13 79
10 11
73 85
36 9
43 24
2 48
26 55
61 52
71 43
92 58
57 54
77 4
6 5
42 0
35 85
0 7
52 7
49 93
23 94
3 81
20 86
91 39
7 68
93 59
69 24
76 54
4 85
64 90
61 18
93 72
46 37
92 96
42 32
6 87
39 50
50 25
9 72
2 36
54 27
53 35
56 50
79 7
54 51
75 93
99 53
9 7
49 9
89 17
61 77
24 31
70 2
46 91
89 68
44 5
24 85
66 67
72 0
3 21
7 86
98 7
56 44
21 2
65 19
52 41
56 67
88 92
57 17
88 96
60 46
3 42
13 73
98 41
40 56
16 51
82 88
96 21
72 88
4 71
15 6
15 51
67 96
60 93
41 48
6 95
35 24
72 81
17 53
28 58
11 78
46 35
76 86
90 86
23 46
98 26
15 80
73 97
8 98
85 20
12 77
81 15
85 40
85 37
3 57
15 29
16 89
58 27
83 16
25 38
80 84
97 3
56 80
29 8
21 60
60 40
79 12
55 33
52 18
95 12
71 26
14 72
48 66
93 50
5 36
90 58
76 92
4 71
22 60
9 91
1 73
57 18
36 64
4 42
2 94
46 61
37 51
91 41
1 30
99 77
91 76
55 54
36 75
16 68
93 58
2 30
11 28
48 39
27 90
49 22
91 2
5 79
95 93
80 65
38 86
24 6
18 25
61 48
68 28
52 46
31 88
41 26
81 13
67 16
26 61
74 17
38 2
33 9
14 96
8 97
60 28
18 62
88 31
18 52
98 73
98 35
7 63
78 64
75 76
1 10
5 24
68 49
23 17
80 81
82 87
77 2
77 26
65 34
66 64
77 54
84 43
43 16
6 87
80 30
78 33
8 91
74 92
94 80
29 20
40 92
39 63
14 39
99 27
21 24
29 96
80 21
92 5
80 45
75 79
36 66
88 59
98 27
4 2
14 20
81 44
96 32
3 14
47 7
13 81
34 91
55 50
8 81
21 98
48 91
84 39
87 23
42 22
87 81
51 79
76 7
57 15
77 54
78 85
49 25
65 43
63 69
21 7
84 6
1 50
81 1
98 91
37 75
68 48
28 1
57 68
27 18
72 47
28 48
82 35
58 74
79 40
2 93
20 40
44 60
9 67
24 10
78 11
48 56
14 46
83 97
75 27
38 76
91 37
85 78
16 12
61 97
37 12
81 56
66 84
99 43
31 60
72 61
66 99
76 36
59 68
27 95
57 80
57 28
14 89
65 56
44 19
46 82
42 30
83 15
89 32
57 73
90 98
95 7
88 51
92 1
64 96
19 30
90 97
8 69
57 89
31 99
87 12
7 67
43 90
44 27
40 33
3 87
2 27
25 66
99 94
3 6
75 14
62 70
78 76
26 22
56 36
91 30
91 82
74 96
15 77
99 23
75 45
2 40
40 10
97 91
42 91
89 49
96 66
83 12
62 56
47 15
73 57
34 71
54 80
17 66
71 67
4 28
82 25
36 53
95 59
67 58
89 4
35 57
14 35
83 46
11 48
26 52
36 61
14 63
47 56
85 21
43 49
99 26
54 19
34 7
26 15
84 75
51 35
14 32
43 82
87 8
26 34
70 96
67 94
84 36
79 12
50 31
51 84
95 16
16 39
11 82
76 45
72 62
34 32
11 85
19 68
25 52
14 92
0 55
67 76
39 34
40 73
2 88
53 12
89 74
92 40
9 73
24 81
13 60
56 57
25 16
56 64
51 46
75 26
59 81
65 66
78 27
94 30
2 42
45 2
65 21
59 72
53 32
10 75
46 86
42 51
40 59
48 46
85 87
99 38
76 21
41 64
45 53
65 47
88 33
40 59
6 15
7 35
90 22
76 73
56 1
6 79
48 79
38 71
73 41
71 0
94 7
99 36
1 0
96 25
72 78
62 2
62 58
87 82
53 41
47 79
83 22
88 42
89 92
22 39
2 52
44 12
29 20
55 19
10 31
8 53
2 38
20 5
52 68
49 38
0 2
26 70
96 85
35 55
98 56
35 63
43 4
44 60
45 66
34 86
74 47
40 72
8 85
78 66
77 60
64 15
2 99
37 94
70 2
89 21
54 76
81 54
70 88
97 24
16 54
19 37
41 59
26 48
2 96
8 69
73 23
98 6
