20
1 2 4
1 3 63
1 4 23
1 5 3
1 6 48
1 7 23
1 8 78
1 9 86
1 10 46
1 11 67
1 12 25
1 13 8
1 14 79
1 15 29
1 16 51
1 17 27
1 18 92
1 19 79
1 20 69
2 3 62
2 4 93
2 5 94
2 6 93
2 7 9
2 8 16
2 9 2
2 10 53
2 11 42
2 12 60
2 13 81
2 14 99
2 15 88
2 16 24
2 17 69
2 18 74
2 19 58
2 20 40
3 4 25
3 5 59
3 6 65
3 7 44
3 8 76
3 9 80
3 10 35
3 11 80
3 12 96
3 13 98
3 14 41
3 15 62
3 16 92
3 17 37
3 18 9
3 19 63
3 20 89
4 5 79
4 6 76
4 7 72
4 8 49
4 9 13
4 10 3
4 11 80
4 12 53
4 13 44
4 14 83
4 15 97
4 16 41
4 17 83
4 18 91
4 19 3
4 20 20
5 6 34
5 7 63
5 8 84
5 9 83
5 10 59
5 11 76
5 12 61
5 13 40
5 14 25
5 15 92
5 16 17
5 17 53
5 18 53
5 19 76
5 20 98
6 7 68
6 8 6
6 9 61
6 10 35
6 11 41
6 12 5
6 13 94
6 14 31
6 15 80
6 16 17
6 17 72
6 18 69
6 19 57
6 20 83
7 8 31
7 9 89
7 10 71
7 11 15
7 12 67
7 13 77
7 14 14
7 15 18
7 16 45
7 17 32
7 18 28
7 19 63
7 20 84
8 9 46
8 10 33
8 11 34
8 12 69
8 13 48
8 14 96
8 15 48
8 16 20
8 17 100
8 18 35
8 19 65
8 20 16
9 10 91
9 11 11
9 12 37
9 13 64
9 14 25
9 15 13
9 16 96
9 17 43
9 18 98
9 19 13
9 20 89
10 11 52
10 12 71
10 13 55
10 14 48
10 15 49
10 16 3
10 17 34
10 18 89
10 19 78
10 20 36
11 12 30
11 13 4
11 14 47
11 15 95
11 16 94
11 17 94
11 18 30
11 19 0
11 20 72
12 13 88
12 14 76
12 15 18
12 16 31
12 17 62
12 18 7
12 19 49
12 20 75
13 14 7
13 15 84
13 16 37
13 17 71
13 18 1
13 19 4
13 20 67
14 15 57
14 16 86
14 17 80
14 18 66
14 19 98
14 20 39
15 16 10
15 17 46
15 18 8
15 19 11
15 20 4
16 17 70
16 18 19
16 19 66
16 20 3
17 18 97
17 19 60
17 20 16
18 19 39
18 20 72
19 20 78
