2000
2000
1148 61
38 154
612 1261
1581 364
943 900
339 868
750 909
538 629
647 1207
1236 129
1355 598
1448 1636
441 1355
188 550
50 51
763 509
1178 537
1802 1515
524 235
78 1127
651 1340
1877 317
1345 1930
1285 97
412 899
862 1468
26 1625
1582 1098
527 54
1250 478
335 1727
840 1487
1531 1525
1544 1346
1890 1255
1737 1442
734 1163
1804 1150
1342 95
675 126
1967 1184
387 1887
1392 1541
723 436
1101 331
1808 656
1420 490
704 1768
510 462
426 1088
1520 185
1779 249
498 1720
872 333
284 1752
1872 1444
1791 322
1825 882
1573 1053
1428 1362
1426 256
574 1798
1988 961
1297 721
89 690
232 1362
1912 460
471 1198
976 1637
1288 868
1636 810
1443 1154
257 1522
1654 958
741 130
341 1499
566 855
1283 1159
1728 1641
1629 1597
1420 1511
1583 1935
758 446
635 947
1003 1613
1238 1963
916 522
1737 651
1735 985
1826 160
1642 709
45 1306
199 1745
1257 1476
1562 561
1756 1391
334 1080
1844 116
799 1575
1089 165
431 1525
1413 1213
1546 109
608 660
1192 322
1085 1152
620 1665
1186 401
1552 196
1425 244
1989 229
1342 255
1549 89
878 1686
1193 645
309 457
415 1943
1146 1957
272 51
690 19
1592 10
832 1713
1212 1776
228 385
1207 311
1672 1422
1468 429
211 795
1808 678
1733 1845
36 474
1089 361
586 1064
22 1045
130 1463
1535 288
208 1093
1499 200
576 1106
582 1298
970 1516
1061 346
896 874
716 1443
664 1786
147 1291
342 1945
1165 1502
1008 1054
967 514
467 213
1389 1373
1977 1015
1952 1122
1780 284
1906 1414
1929 171
616 717
1178 935
1482 1589
452 1674
1579 1926
344 528
1975 1110
1562 1943
112 438
673 570
736 1249
1890 1350
843 1786
1060 1284
1798 581
263 1088
1097 914
459 1041
1356 325
763 1132
654 853
1105 773
1196 0
445 1148
1906 670
1370 935
1032 297
1987 722
1466 23
1230 1239
180 261
1752 1134
1155 317
1669 1267
1062 992
1891 1494
87 328
947 706
1429 630
1834 36
1293 667
1922 1417
610 1012
1729 1463
1698 1963
1159 93
1417 1870
1471 795
1234 320
1117 1813
267 38
1924 1837
1400 416
1897 301
1613 1369
888 1379
127 1943
805 1138
1391 1317
1150 226
1070 879
1319 291
855 1673
1619 1898
1726 240
777 880
415 1480
157 480
1384 1124
1055 63
1168 1654
1243 1069
143 951
1715 1641
464 1628
1022 781
479 1162
321 770
1371 1225
229 1018
1983 18
1592 1728
1037 666
1647 1610
991 1951
904 1445
1313 1537
1564 557
929 666
119 1598
1483 1026
239 256
1995 1669
1552 183
1080 1969
1565 1620
1412 933
406 1029
1988 495
879 1386
351 1988
1067 804
1563 641
1391 924
1670 47
1569 1836
522 1913
783 563
1807 236
1674 819
1996 658
706 462
1041 795
611 201
579 1050
1156 1670
1360 1587
1018 393
1538 1533
975 199
945 1872
1296 1494
1105 1955
712 1437
1926 159
1494 358
381 658
1891 312
1560 1565
14 86
978 1329
38 787
978 1990
379 506
1393 896
1194 972
577 1488
1306 1313
304 853
1390 770
1290 1678
1167 1791
565 431
67 256
19 1845
1825 1434
400 279
949 658
1459 1610
1613 1383
1724 1778
1368 210
284 1984
1078 1671
1068 1606
315 255
1724 494
1965 312
1416 1326
139 1988
1694 225
928 1842
1963 225
608 1352
1997 1863
1017 234
945 1295
748 961
451 564
763 1071
1725 1181
1392 444
1203 35
1010 374
1064 328
286 944
67 850
1772 1231
1802 1400
219 1953
703 542
1476 262
828 1836
1243 1128
1987 1306
1707 1826
1590 1025
330 773
1659 361
247 1938
165 1056
1421 431
893 1996
300 466
29 1715
1613 1928
351 1437
1012 1697
1887 789
130 1768
738 813
1782 718
612 1990
1253 929
577 67
275 455
1991 1577
1393 409
688 1820
502 1820
282 1040
1961 635
190 167
121 1205
674 1721
321 1788
432 228
867 1298
1223 813
312 1070
131 1660
1112 456
1360 102
516 1626
935 1588
1100 1784
1309 307
1486 1560
1799 230
303 695
1675 766
1561 1636
1847 676
475 458
1714 1283
1419 1556
205 342
1891 1899
1632 1472
681 898
1772 1064
878 469
1026 1742
79 1252
378 1962
1187 101
932 1557
652 330
1515 1931
635 24
1100 1054
303 299
1749 1613
1988 1924
723 1917
158 613
1317 1921
1763 250
628 1722
376 496
843 273
1815 766
1277 404
1808 909
1609 1459
295 1846
317 1380
1380 364
120 1940
484 1686
225 1730
1811 1428
813 687
180 713
1225 194
781 50
1225 1049
1221 616
38 589
363 1123
62 1171
140 940
832 760
1247 296
745 1662
617 1725
252 1832
1051 801
700 409
702 919
1825 1768
348 897
1645 391
1349 1147
1835 1952
962 1230
725 1122
1910 487
21 1416
1419 200
161 1381
683 112
11 1070
1820 730
412 1592
1224 1456
811 1990
1331 554
1603 433
1585 814
569 938
1518 128
1168 1263
746 551
701 1520
305 1895
1361 1547
874 1604
1821 943
1952 1683
1081 143
972 181
439 362
377 533
160 1550
492 227
1049 79
1385 1665
1402 98
1230 1740
1460 161
1382 85
1342 1071
795 72
1227 1244
1108 1623
664 1916
1815 1025
1791 1657
1907 1298
660 1171
159 1265
1837 524
995 685
1822 1183
504 826
1806 1035
188 1500
1831 963
1948 453
1657 1114
1593 141
1094 655
1495 1526
1961 1788
1144 1641
387 1098
991 285
15 1445
174 581
1946 1172
1507 1552
715 1182
269 625
785 1443
250 254
1479 796
187 1665
1146 1345
1682 232
1704 379
1748 1109
1151 1637
159 107
1154 1801
601 116
885 1970
685 975
1314 1055
610 931
1781 179
957 1565
147 787
1360 1844
400 155
866 1813
1604 819
598 1
889 591
214 1339
269 1567
395 1174
255 1997
1398 1568
424 1557
1694 1269
870 402
1254 827
224 887
1417 1970
1682 1927
559 1266
1081 969
1094 1054
1063 929
1466 1726
1457 1762
1668 237
339 212
879 1134
801 226
1340 559
525 134
248 1821
334 1580
973 1951
1751 1802
1471 525
1440 907
275 1481
84 1321
1848 510
880 1791
353 1284
646 1980
277 1642
784 984
359 1698
342 1955
1136 1184
1276 95
993 894
1275 483
967 358
1995 1622
1369 1299
359 1715
1609 1733
507 476
885 1590
1147 573
1675 175
242 1918
217 1054
1570 554
1321 1204
1553 1647
1186 1915
93 1167
96 232
330 335
1267 1617
1468 364
1540 367
8 331
1973 1939
465 799
1533 1157
1754 342
421 898
576 368
989 319
18 1095
471 1221
0 292
428 1441
1316 414
1367 260
1163 1256
643 1149
1837 1777
1395 746
641 61
1860 339
1242 867
744 1742
1550 1472
1101 1508
1573 1840
1903 451
1355 1843
1810 1304
1687 556
127 649
1513 1424
1457 501
274 1896
1336 1349
1620 414
1547 1878
274 1080
1970 419
1025 1333
443 1897
680 1848
770 1538
638 633
1568 12
1284 1936
774 1043
1968 572
503 983
1209 1826
1909 1604
334 586
1058 1982
1012 1396
94 308
1329 718
1411 990
393 721
985 1014
1120 1217
667 707
600 379
85 1199
973 804
1271 1359
1954 1407
101 60
1162 179
816 598
46 1374
174 1062
293 19
1594 1719
1858 862
1647 44
210 289
535 1309
424 582
334 1555
461 714
863 1807
590 19
1757 14
649 365
224 1020
481 581
439 1935
567 671
83 1095
361 1971
1389 1704
1044 1130
686 52
1513 920
87 310
331 217
1877 609
710 1050
303 1380
1622 1925
1281 1029
178 1895
419 1909
1590 1003
123 537
339 593
1138 1447
1420 1642
1658 1432
1029 1098
1427 1495
183 302
689 9
156 310
556 1784
109 750
707 1400
1332 1607
426 265
434 1039
548 1886
918 1600
1258 19
1826 1238
1593 1651
11 1836
914 1913
497 1638
780 991
22 477
302 1660
16 574
1837 23
1228 332
1628 1838
782 1719
179 296
1756 523
1313 1326
434 1997
962 98
1696 824
1106 1155
1459 1390
813 1001
708 1427
1853 267
375 1119
258 1344
1780 599
455 548
880 287
1009 82
466 1012
1256 1773
1023 301
692 1460
473 654
1899 1565
832 1726
1925 855
1954 311
1409 1605
419 161
1755 1851
16 109
1773 935
1276 876
692 1527
1995 449
1193 267
1044 62
1443 1362
578 1125
443 1824
1053 10
545 268
1449 387
940 1305
1896 1157
198 477
707 1434
1870 1154
774 1665
1616 449
498 829
1650 1697
200 913
1493 1258
897 345
433 306
1880 955
312 315
515 1341
1701 1711
353 948
710 1448
809 30
305 1370
804 249
1393 1682
944 1755
915 35
1125 680
918 376
1462 1162
209 1127
719 1966
437 1259
348 980
564 343
1158 317
760 1232
838 756
820 444
1061 1625
1858 838
1273 615
1416 542
295 156
998 5
1722 1603
1172 376
1217 1428
1506 647
1302 577
1357 1694
233 1188
714 3
602 939
1360 1147
604 425
1629 295
1640 1742
1843 1810
1419 1480
1203 445
1950 592
1152 101
280 750
1297 1133
917 1560
453 1147
1178 449
1673 1021
650 639
1780 1761
443 550
1987 325
1070 1191
1847 790
1552 1226
1654 925
904 1103
342 1115
1678 617
1527 672
1183 545
329 1515
41 1968
75 484
289 617
1737 933
1476 407
1695 1487
1175 675
364 1730
419 1825
740 1858
525 444
1067 435
1185 768
822 16
950 1839
1525 28
416 1438
1197 893
614 1196
602 752
1624 1069
844 1447
257 584
635 272
1389 427
1987 619
305 573
114 433
685 1775
1848 1055
459 587
1407 1081
1223 249
1542 1616
821 1623
782 813
1015 999
38 1249
826 1716
1142 955
772 313
630 193
1032 1197
324 1895
557 1078
1638 981
126 538
1428 1505
446 1393
646 865
566 779
745 1605
1235 1630
1732 192
1317 1906
158 282
1652 1909
579 467
1170 187
1502 1573
552 183
1819 1459
118 1499
914 754
298 650
1135 248
944 779
1295 182
842 317
1582 1236
810 263
301 852
1020 237
1125 349
1539 971
347 1499
157 1623
1995 760
1987 1775
1939 1224
1296 31
423 506
1971 1912
484 565
1379 88
1754 1570
1393 816
1270 1688
1635 1540
702 1345
1307 774
1243 1411
1910 1074
1401 1983
853 1487
1967 1586
1773 601
38 1472
1241 2
1616 1993
1776 1069
834 1606
930 199
1278 1152
1000 1634
1817 1194
53 1725
985 1307
645 1687
709 503
602 933
1979 990
1884 1562
643 872
332 1113
1939 1875
519 1513
1094 1054
324 802
222 891
1441 113
1040 1264
1537 516
599 1365
477 288
13 1966
444 16
821 1691
1195 6
89 1849
1559 1015
114 1935
152 1065
789 1878
1638 409
1490 1506
517 875
1894 1350
1280 1863
1058 1246
778 1362
462 1048
13 567
1402 1689
1279 1261
1557 1660
204 208
1320 395
1614 443
1937 1582
66 1530
1552 1251
248 1286
1897 105
1659 363
1707 894
6 868
1927 956
1426 1925
1739 1407
586 71
251 483
706 94
1878 1960
1819 348
1525 1872
198 1798
522 456
1622 772
1653 159
762 141
1885 944
919 1752
1378 1211
1821 598
1634 1222
1675 636
283 1190
843 1634
1324 1333
1158 13
260 981
949 1261
281 636
812 596
249 1848
130 615
594 1992
1721 120
1809 1067
514 358
1146 1199
119 749
1422 123
1044 503
1500 1994
1766 812
1827 994
1817 1725
1127 117
667 1928
519 300
1951 849
264 543
1617 1727
1935 1768
1207 483
502 211
1828 202
342 1813
867 291
751 618
1579 301
378 1316
430 1519
133 1305
865 645
141 854
1742 898
1830 1990
1944 902
805 697
1133 584
303 1627
1916 1231
238 1812
866 675
1640 1127
827 110
479 1780
256 1836
1548 1331
1260 1425
1520 1394
1606 865
1806 392
1947 948
1032 706
219 968
759 922
1382 1471
1315 522
106 1647
1243 1489
667 589
280 1348
1679 489
117 1900
1006 1678
1213 1868
203 1855
1294 1984
1415 1589
1665 288
474 406
448 1183
1352 162
921 895
1581 891
14 503
37 1494
652 1287
1148 1120
83 960
1897 1579
1372 649
1613 682
610 1136
486 1667
1489 797
297 1526
1370 487
374 713
665 393
1067 830
1210 621
1766 94
1299 1049
38 1172
1233 1372
1993 1018
4 641
751 1647
443 266
311 1232
1083 307
1787 705
1876 1482
92 200
135 1317
1762 1866
1392 530
1219 1144
866 371
597 418
1928 1061
807 56
746 1660
326 1518
808 1867
911 879
1192 157
571 1147
1334 1386
353 1367
1660 1456
1385 1847
236 1017
313 1595
885 224
1796 335
1591 1738
1583 1414
763 1828
438 1256
564 1604
1989 166
1945 814
1190 1110
748 534
119 498
1139 725
1404 1476
842 1916
770 191
776 1453
703 1007
938 1133
1592 1415
146 1361
1139 469
1792 1990
1929 735
954 1864
894 424
212 1319
897 1156
1828 734
1383 1640
1197 757
1081 208
414 1541
1233 1903
844 1831
870 1682
384 229
1803 1012
533 1009
1365 1694
1030 1020
1066 61
1158 1674
627 1636
179 958
107 806
479 1874
1425 557
1427 301
1824 686
561 213
549 887
1361 1937
784 371
1422 553
1689 1090
273 1472
1152 1447
580 568
759 727
1111 1015
1709 1289
1052 1077
587 1780
550 1685
1821 425
1415 24
930 1289
342 393
93 1558
978 336
643 1291
1577 41
1916 147
464 1686
133 1961
342 755
1062 1628
56 220
1826 698
47 1205
1027 1023
26 712
1056 1608
1886 1031
737 1899
875 1545
336 1839
681 538
1889 1157
1882 758
761 1998
105 166
377 730
442 109
244 951
1972 1194
177 54
917 109
759 1542
1194 50
358 556
60 198
989 1506
320 941
1840 1587
564 1398
611 1099
1946 843
1764 1135
1622 444
548 1553
457 1199
1982 838
990 385
1047 474
1340 1228
646 1937
303 1335
1974 1567
270 905
1785 508
1207 271
1067 645
536 360
1292 629
1209 1067
1361 1885
309 843
488 395
1531 1295
150 950
1925 230
567 1809
1465 1476
884 1083
587 1885
1538 1910
560 506
1543 805
1775 694
805 1742
1349 1070
1135 900
479 549
1925 95
918 1453
599 1731
592 392
876 351
1389 1957
690 53
103 75
1268 88
1492 1380
562 596
1176 1285
144 270
1326 1651
748 404
213 584
1599 319
306 1566
1037 1770
1541 520
584 235
1405 1288
1562 377
1940 1653
88 938
398 960
781 1638
444 1702
910 600
482 1179
457 102
1604 1766
135 1741
1619 1575
1554 471
557 417
34 368
1379 84
1615 1037
1555 1392
506 947
596 1628
1530 1515
1042 751
737 116
242 167
1029 1687
1808 1526
1845 1114
407 1025
1328 1723
1048 434
748 1892
19 1434
722 1140
162 1260
1513 12
1718 1130
466 937
1785 606
1395 380
1 1103
749 246
896 737
910 1195
197 734
1124 1077
1612 208
1199 309
1472 387
1034 1370
61 1829
1225 13
1681 1737
796 1532
1441 554
562 177
497 1122
684 848
31 1595
1509 1932
273 1464
103 289
1837 905
1060 1823
1258 1351
1291 1157
520 1312
530 1696
816 1656
726 181
1547 767
1623 1533
391 1174
1226 325
289 809
623 1578
1053 349
1882 1951
1105 966
1949 1228
1424 327
860 1751
343 1155
353 1841
1236 673
363 1664
1102 1571
30 1602
1295 176
1790 130
576 1286
1614 100
1239 1688
1887 217
1359 1613
207 1346
600 359
231 530
1664 491
1261 731
1061 1750
1518 151
936 50
1993 1885
297 448
1083 1708
481 1111
279 68
81 1231
1467 1312
1419 670
1767 1160
1010 1102
1889 559
1558 1864
1718 73
447 828
326 1778
1060 261
1302 349
117 1421
1371 772
448 363
1798 41
1474 1921
616 702
1426 167
268 276
1 85
1650 1108
848 1030
267 1610
1587 987
319 1075
961 1760
292 1937
364 361
1026 414
802 1329
55 102
1484 634
1499 1883
760 755
683 1984
1849 1542
1890 1962
232 1654
1410 593
1282 1750
824 1666
570 946
901 1517
1270 397
542 1776
848 377
448 1119
1735 1942
1482 1497
510 39
1511 565
977 239
1592 129
318 1227
275 1149
641 1487
462 1025
1600 1573
1427 1594
1363 516
1978 1611
877 60
1868 1678
1434 20
1392 1143
285 1727
211 1039
1249 1031
832 1376
1542 1999
851 1367
1702 95
391 1570
502 894
1572 1265
1124 393
900 1347
1783 128
1357 119
386 768
954 324
888 1685
1598 1389
574 130
1174 1409
406 515
271 1253
1737 889
1500 490
1964 467
124 1469
29 612
1649 334
1188 1988
1566 1606
1283 1179
239 1976
1048 108
1376 327
372 1197
725 1191
397 512
807 910
475 1445
447 17
1509 1184
582 1791
1654 1774
1779 695
883 633
1521 1532
561 1487
572 1704
430 1311
1912 1606
194 1096
1992 579
106 53
814 23
1505 894
1439 101
1391 786
343 178
239 442
274 204
771 1295
856 972
292 944
1214 1292
565 123
1040 1491
62 1007
1857 1862
1774 1163
552 706
1976 1087
479 1989
1585 1001
1182 1461
912 1847
175 359
785 967
1874 127
1621 1793
963 521
60 1312
1210 750
1326 6
220 1151
1438 1055
875 214
1420 1335
114 1579
1611 1219
891 1600
884 939
531 147
1197 1662
1238 1819
1811 1158
1375 1226
312 351
436 775
841 700
703 691
1299 1903
839 689
1587 494
171 1621
1989 1899
1955 1991
1227 162
1718 384
140 1601
993 123
3 1287
226 276
318 233
1236 1723
506 1627
1191 598
1500 1672
1147 1348
119 573
662 672
1563 621
260 1830
1788 583
1572 1715
1336 1010
302 141
1804 129
1329 1055
1323 1676
1479 285
1453 1301
1332 631
1242 1823
1152 1077
1450 1704
320 328
745 709
1868 592
349 1461
1348 1621
926 993
94 1385
642 1887
106 1468
1614 1652
1138 734
1795 1663
150 318
1051 271
539 976
410 1040
374 958
892 25
1937 579
843 971
1729 1818
1549 1601
1905 718
1380 764
78 1156
1951 46
845 667
1640 1773
779 1409
1559 1733
1707 864
245 235
1937 1863
867 869
234 623
1205 953
1512 417
270 1179
1498 429
514 700
693 1003
499 1641
1068 1123
1966 392
1296 1662
1529 417
1275 1878
1221 960
803 180
1689 900
1719 1910
1753 1260
1460 340
393 1847
598 825
871 1384
597 336
533 1441
900 1479
871 1766
1809 1442
300 518
1086 1640
1703 1102
1630 71
1716 630
751 2
297 1333
536 365
926 697
1150 999
341 868
1141 798
68 1032
102 684
563 455
1994 1192
420 1987
155 1115
50 1699
565 377
901 1709
1955 1429
1588 593
1789 382
1095 968
297 1997
855 73
1300 1508
761 1665
195 423
1813 137
671 1038
921 1844
1184 1399
616 131
1088 1147
493 556
1483 1179
561 825
1232 1500
999 1675
467 111
145 27
714 1969
65 889
1742 1021
1805 1057
1120 382
1464 115
310 21
727 621
803 812
1341 1255
1029 232
1917 1032
1864 1250
878 1985
1541 2
1193 1935
695 529
121 631
1017 1922
10 1189
855 131
893 1930
892 1718
833 1147
1354 1905
768 766
847 1277
1034 146
289 1748
43 1543
1795 27
1976 111
1273 1854
1899 72
1525 873
565 1146
45 1212
911 852
1339 1766
393 1099
989 624
1168 1326
1320 196
1055 35
1743 1539
1405 215
1693 616
1085 1458
1668 237
12 60
1752 1580
1756 393
927 633
1374 606
1407 471
1521 436
153 1221
1421 1817
1379 1047
1992 87
1849 962
1489 1977
1661 723
85 568
56 1953
1312 1927
870 1068
61 101
197 1604
1797 1998
705 65
5 889
1837 1229
401 1241
81 772
138 582
1804 463
1541 352
842 921
1518 1226
121 707
1474 1490
1164 185
1431 286
1280 1403
665 1127
138 1244
1334 1974
166 147
1942 665
240 495
1044 1965
1489 995
411 1723
1896 1386
1345 63
558 579
514 373
857 1831
441 1520
1011 1035
1704 406
1304 726
403 615
15 1234
1895 424
1813 646
84 1641
1616 277
938 1429
1984 1404
1572 1689
662 1543
1285 1490
708 1617
332 860
1758 0
175 1780
439 650
1835 1385
1514 722
975 1252
66 1161
1744 467
966 1765
1292 5
270 1191
766 138
1148 1900
1942 836
1494 1696
280 1153
102 1305
1964 1029
1169 911
664 916
268 4
1927 675
318 1670
589 1201
261 167
1626 965
1905 1044
586 54
1345 706
877 1156
1996 508
1232 1418
613 1527
1407 1472
1525 1872
1942 446
1551 560
547 1646
1883 564
1727 630
1911 1323
1161 196
1980 1637
725 1497
1300 1145
1684 497
1878 1195
63 1838
578 400
105 769
1638 442
237 997
560 1385
1047 234
1419 397
1754 920
882 682
1195 236
4 1183
135 186
565 886
1793 1943
685 1267
1114 419
268 3
1234 1080
1257 1791
1713 179
34 1455
878 1797
835 139
527 1083
197 1636
1197 268
299 907
1688 563
1159 1734
520 1847
685 267
82 1027
1782 1389
1397 868
225 535
174 854
1146 870
839 1092
140 1680
1262 115
1037 204
274 994
1550 512
1870 829
914 615
9 92
1181 314
118 663
615 1946
869 1586
339 548
28 1646
273 488
1942 1470
1912 391
1073 742
396 1039
367 699
1690 1338
514 1206
1517 1715
1182 180
1632 1075
446 116
45 1105
1344 1605
1646 433
968 319
570 1740
794 38
1106 1662
1880 972
1699 1383
1246 1994
950 1560
1234 685
614 70
