20
400
17 0
1 7
9 15
2 14
14 19
16 15
4 8
14 18
18 3
19 11
10 16
13 2
16 13
2 3
14 2
4 5
13 14
15 17
14 17
4 18
6 16
13 18
0 14
8 14
16 5
14 4
17 7
18 2
13 9
15 16
1 2
17 2
5 16
5 1
14 5
12 5
12 0
1 11
14 4
17 1
0 13
19 9
9 0
11 13
9 5
1 16
10 9
13 6
9 3
3 16
12 3
1 13
10 13
10 17
11 1
18 6
6 10
15 5
6 5
4 15
5 19
6 12
17 13
15 12
15 19
11 14
13 6
6 2
18 12
2 19
11 15
5 10
19 17
19 3
19 5
7 13
6 11
6 8
0 11
13 5
18 16
7 13
0 4
16 18
19 11
18 5
6 7
15 1
5 10
5 3
10 14
8 15
15 2
7 9
18 3
8 3
19 0
18 16
14 13
4 1
0 19
1 7
0 2
11 9
12 6
11 4
9 18
5 18
8 18
16 12
11 1
19 6
8 6
19 9
16 6
7 16
9 11
17 2
2 5
3 13
17 6
16 3
19 11
17 3
9 2
0 18
4 19
12 17
1 13
3 0
11 9
17 18
10 11
15 13
15 1
3 11
16 3
5 19
17 4
16 7
18 15
18 1
0 16
0 1
7 4
19 15
18 7
12 2
9 16
6 8
4 0
5 9
6 0
18 6
1 5
2 18
16 1
3 2
6 15
13 1
1 6
5 2
12 14
13 5
3 4
3 1
6 1
8 16
13 14
8 18
16 5
7 13
0 4
11 10
15 7
12 8
10 18
7 6
19 10
0 11
3 7
3 0
18 5
12 17
0 8
1 11
2 16
7 14
16 5
16 8
19 12
0 3
13 10
7 9
4 9
7 13
13 18
17 11
12 17
15 19
10 16
10 12
2 9
17 12
7 10
9 14
5 2
6 7
3 10
14 3
8 14
12 0
10 4
15 3
18 9
7 17
9 7
0 7
7 5
7 6
18 7
7 5
16 12
1 3
1 0
16 10
10 14
7 12
12 14
8 5
1 18
5 7
3 0
18 13
1 17
11 9
12 4
0 17
14 1
8 3
10 19
16 13
14 12
15 14
8 0
6 14
6 16
13 19
9 6
3 1
14 7
14 10
3 16
0 4
11 15
13 7
2 3
9 16
6 4
2 0
8 15
16 8
8 15
15 17
19 1
2 11
5 14
1 16
14 18
2 8
13 7
13 5
12 18
2 15
1 15
7 18
11 12
17 8
13 4
10 15
7 12
8 9
1 11
18 6
11 1
4 8
2 16
14 8
9 12
2 1
12 5
16 8
8 3
4 19
13 18
16 6
11 18
7 16
2 15
15 11
4 8
8 6
2 3
6 12
0 17
5 10
6 16
4 16
11 12
3 16
19 9
12 3
11 10
1 10
19 3
0 3
5 13
9 5
6 1
3 9
15 18
8 18
16 10
6 12
19 12
7 9
6 3
4 2
1 7
16 18
13 19
6 3
12 16
4 5
19 15
8 0
6 18
9 2
16 17
9 13
18 15
11 7
16 12
3 12
10 6
2 4
1 14
6 12
9 11
0 19
7 8
5 16
6 16
19 9
1 3
18 4
17 16
17 13
16 8
19 18
15 8
13 5
3 11
16 10
7 3
9 8
0 8
4 8
2 18
17 12
1 11
7 0
16 7
0 18
7 5
