30
1 2 31
1 3 14
1 4 9
1 5 70
1 6 73
1 7 23
1 8 4
1 9 0
1 10 52
1 11 12
1 12 67
1 13 74
1 14 31
1 15 86
1 16 42
1 17 13
1 18 70
1 19 85
1 20 34
1 21 94
1 22 8
1 23 20
1 24 94
1 25 12
1 26 10
1 27 20
1 28 25
1 29 53
1 30 4
2 3 69
2 4 22
2 5 32
2 6 95
2 7 21
2 8 12
2 9 83
2 10 65
2 11 92
2 12 81
2 13 59
2 14 31
2 15 88
2 16 32
2 17 97
2 18 73
2 19 4
2 20 0
2 21 44
2 22 67
2 23 40
2 24 39
2 25 0
2 26 80
2 27 8
2 28 2
2 29 34
2 30 67
3 4 89
3 5 9
3 6 16
3 7 45
3 8 24
3 9 76
3 10 86
3 11 53
3 12 86
3 13 33
3 14 31
3 15 9
3 16 32
3 17 100
3 18 34
3 19 60
3 20 43
3 21 55
3 22 78
3 23 68
3 24 52
3 25 74
3 26 44
3 27 73
3 28 80
3 29 3
3 30 91
4 5 7
4 6 100
4 7 29
4 8 63
4 9 42
4 10 88
4 11 79
4 12 47
4 13 93
4 14 58
4 15 1
4 16 43
4 17 13
4 18 94
4 19 13
4 20 11
4 21 83
4 22 18
4 23 68
4 24 35
4 25 34
4 26 17
4 27 41
4 28 33
4 29 5
4 30 46
5 6 13
5 7 17
5 8 52
5 9 43
5 10 62
5 11 51
5 12 52
5 13 65
5 14 11
5 15 35
5 16 20
5 17 69
5 18 53
5 19 8
5 20 37
5 21 57
5 22 31
5 23 37
5 24 64
5 25 31
5 26 76
5 27 49
5 28 75
5 29 5
5 30 78
6 7 7
6 8 75
6 9 33
6 10 44
6 11 51
6 12 2
6 13 82
6 14 85
6 15 67
6 16 50
6 17 52
6 18 73
6 19 89
6 20 36
6 21 58
6 22 72
6 23 64
6 24 70
6 25 16
6 26 1
6 27 92
6 28 61
6 29 29
6 30 61
7 8 81
7 9 97
7 10 84
7 11 85
7 12 67
7 13 52
7 14 51
7 15 85
7 16 2
7 17 87
7 18 62
7 19 54
7 20 73
7 21 92
7 22 76
7 23 1
7 24 71
7 25 68
7 26 87
7 27 37
7 28 77
7 29 5
7 30 45
8 9 88
8 10 58
8 11 0
8 12 26
8 13 40
8 14 42
8 15 61
8 16 99
8 17 92
8 18 37
8 19 92
8 20 64
8 21 48
8 22 16
8 23 9
8 24 31
8 25 5
8 26 69
8 27 41
8 28 71
8 29 18
8 30 0
9 10 27
9 11 8
9 12 52
9 13 1
9 14 62
9 15 36
9 16 31
9 17 87
9 18 74
9 19 36
9 20 82
9 21 48
9 22 36
9 23 52
9 24 74
9 25 42
9 26 86
9 27 2
9 28 18
9 29 37
9 30 2
10 11 76
10 12 36
10 13 96
10 14 53
10 15 81
10 16 61
10 17 4
10 18 78
10 19 20
10 20 93
10 21 71
10 22 4
10 23 92
10 24 34
10 25 37
10 26 71
10 27 21
10 28 2
10 29 13
10 30 51
11 12 15
11 13 64
11 14 96
11 15 45
11 16 45
11 17 90
11 18 76
11 19 33
11 20 67
11 21 74
11 22 18
11 23 50
11 24 32
11 25 24
11 26 18
11 27 58
11 28 79
11 29 91
11 30 68
12 13 80
12 14 1
12 15 57
12 16 69
12 17 39
12 18 57
12 19 98
12 20 100
12 21 85
12 22 54
12 23 42
12 24 70
12 25 47
12 26 12
12 27 87
12 28 3
12 29 1
12 30 83
13 14 94
13 15 37
13 16 76
13 17 91
13 18 54
13 19 25
13 20 92
13 21 16
13 22 57
13 23 43
13 24 82
13 25 11
13 26 79
13 27 66
13 28 18
13 29 9
13 30 14
14 15 81
14 16 60
14 17 80
14 18 50
14 19 69
14 20 20
14 21 8
14 22 70
14 23 65
14 24 30
14 25 52
14 26 28
14 27 64
14 28 41
14 29 19
14 30 18
15 16 8
15 17 40
15 18 56
15 19 72
15 20 77
15 21 26
15 22 5
15 23 74
15 24 1
15 25 51
15 26 72
15 27 17
15 28 60
15 29 36
15 30 52
16 17 22
16 18 94
16 19 51
16 20 41
16 21 66
16 22 10
16 23 29
16 24 38
16 25 19
16 26 53
16 27 62
16 28 74
16 29 72
16 30 79
17 18 44
17 19 24
17 20 53
17 21 99
17 22 65
17 23 63
17 24 56
17 25 67
17 26 10
17 27 6
17 28 36
17 29 96
17 30 80
18 19 62
18 20 11
18 21 18
18 22 39
18 23 41
18 24 62
18 25 91
18 26 4
18 27 87
18 28 18
18 29 56
18 30 63
19 20 28
19 21 76
19 22 59
19 23 23
19 24 73
19 25 86
19 26 70
19 27 61
19 28 74
19 29 25
19 30 1
20 21 57
20 22 55
20 23 74
20 24 52
20 25 82
20 26 52
20 27 40
20 28 23
20 29 70
20 30 91
21 22 58
21 23 31
21 24 46
21 25 40
21 26 51
21 27 42
21 28 57
21 29 82
21 30 42
22 23 55
22 24 58
22 25 57
22 26 43
22 27 75
22 28 82
22 29 3
22 30 70
23 24 44
23 25 70
23 26 63
23 27 22
23 28 17
23 29 39
23 30 21
24 25 88
24 26 73
24 27 35
24 28 15
24 29 74
24 30 40
25 26 15
25 27 89
25 28 50
25 29 26
25 30 46
26 27 96
26 28 58
26 29 89
26 30 17
27 28 7
27 29 32
27 30 71
28 29 67
28 30 20
29 30 19
