3000
3000
2606 1055
2377 859
470 1390
896 2415
922 1095
2640 1956
2822 1457
1503 1086
412 449
1834 1245
2927 1988
2346 1424
2506 801
940 2232
28 2418
1982 2223
1036 537
802 2154
2400 1140
2212 1859
50 35
1644 2921
2037 1202
1396 1712
2449 2978
582 2778
280 1375
2717 2181
1850 2090
2471 479
972 2527
1572 642
1216 750
1997 1348
576 2569
1118 1539
392 2676
2786 2703
2590 1245
2580 2471
528 391
2337 816
2813 2849
1587 1297
768 1495
2935 866
1296 1928
493 2110
2130 572
1627 802
163 1871
1082 2837
2623 2804
561 2130
1227 2643
1096 2532
1915 2026
1617 1389
2150 1363
629 456
491 1809
1760 792
2001 815
70 2264
2113 2139
2105 1642
2653 935
1948 915
895 2624
2392 2337
1949 602
1913 2100
544 10
306 216
2578 2770
450 1647
1331 2130
1071 1353
1430 2440
1145 1214
1069 128
1720 46
127 592
1556 2835
2029 1652
10 1807
48 2895
480 2934
1641 1584
2123 1502
229 896
2788 2278
2810 488
743 2151
956 1516
721 2664
1972 358
0 2433
1237 864
283 522
2676 749
2402 2833
386 651
2999 1007
2621 936
1080 2737
254 1235
2584 2275
2782 2392
2614 176
2073 606
2853 375
274 2572
580 293
1097 2762
1320 2724
990 2660
1322 2068
2883 2462
1275 876
2577 1666
773 735
968 296
1332 2872
1797 1398
2197 1795
1614 2333
1370 2199
2912 969
2144 914
2609 542
1487 387
132 2434
31 826
2846 1180
1415 2146
1818 1390
2962 1949
476 2418
1932 1936
2471 259
69 1028
765 811
2028 2436
31 2610
2024 1543
1360 2138
758 660
1992 2820
883 293
1694 396
866 1102
1097 2767
2212 248
550 2295
1472 324
1742 1507
1553 229
1451 2359
1863 2526
1746 2152
420 1965
2532 369
1848 1229
2602 2157
2325 2057
259 2904
322 2925
1440 1452
1934 497
73 1231
744 2131
2875 1352
941 363
1408 389
2119 1628
1781 2713
2395 1758
1004 757
2962 683
264 2369
1466 2687
1774 1482
1537 2346
1328 297
2264 2708
2666 1663
1209 2551
696 1657
602 835
1071 1321
2377 961
568 2092
1952 1370
1958 2812
2183 1605
1128 16
1637 1988
408 1242
559 435
61 253
2408 775
2492 1596
1126 1551
2767 1242
2855 2809
1643 1348
1498 717
668 1192
2218 1436
965 304
1545 999
1539 403
2117 344
679 467
2444 2504
2777 1223
2506 1926
2693 2961
2167 668
788 1367
1082 2171
1083 73
2797 1069
2529 1039
1269 1598
220 260
653 878
1635 316
2258 1702
51 191
1423 586
2471 859
1096 249
881 2077
297 1639
2658 2297
545 1262
2309 2590
1438 1509
816 2260
1923 46
617 1387
1547 1008
2506 1090
135 331
1955 2672
1736 2677
304 1697
1955 1244
810 1194
2401 1937
1136 372
962 1943
2032 2779
338 100
2428 2262
815 2987
2148 1470
1846 180
761 2568
1351 2144
1290 799
1275 1046
801 1859
410 2458
1234 2151
1249 2439
1682 2254
2788 2654
387 2542
2459 2011
1915 489
1331 535
2812 1874
2322 2541
2421 2209
476 654
2758 1893
2995 2191
984 1223
1372 1047
998 2062
1834 1506
2007 525
2587 1690
721 1015
2889 1140
1780 906
710 2918
515 2295
2432 2287
2154 1645
955 726
721 595
1224 2506
342 119
989 2107
532 2973
1386 2400
2723 2362
1113 1681
1724 1644
651 2380
421 668
44 2830
1913 615
2390 2381
508 1476
64 607
615 2568
2785 2903
2070 1520
427 2858
191 1412
2233 2266
2049 2287
1511 518
1645 476
2442 1443
2113 2774
2564 2984
2101 1812
2548 1556
2000 10
1354 155
1255 554
103 1074
2989 1890
1663 2125
28 290
1287 1979
1790 1917
1972 1164
2178 1479
2768 1711
652 2333
186 2990
2341 112
1035 2089
2785 300
1002 1480
127 2239
1130 583
60 1790
1426 61
1517 2024
2122 2901
2822 194
227 1455
796 2435
296 1710
2524 1380
2143 2633
924 2107
2280 1206
619 1501
681 1141
1325 1233
2471 1747
2394 1557
2752 726
520 1449
867 2956
326 2222
1257 951
1738 1345
2957 2871
368 1733
848 1396
2782 569
171 522
687 1072
381 2285
2525 1751
1608 2638
30 1704
2607 2846
2098 1323
953 1258
2632 1501
2355 1991
805 1830
251 715
507 973
802 1987
433 772
235 2278
2323 2040
68 2232
1128 1027
1554 2115
2206 2490
1170 2703
2462 1861
1458 1400
1712 2992
1383 2766
484 1592
2753 244
170 1713
1990 2203
2031 583
2876 358
2258 616
1205 1132
391 2540
1190 2224
1219 2328
440 1287
2226 209
519 2179
1936 1224
1583 1625
2425 617
1829 1206
2862 743
2029 1402
1273 1547
96 1946
136 36
7 391
701 2574
1173 1315
2865 212
2519 2559
2024 1595
1081 2766
1575 1477
2055 397
475 1696
2353 632
2360 550
1175 1874
935 2637
1625 306
875 938
2527 513
660 992
2983 935
1946 13
641 2231
8 2036
629 240
899 1754
1650 1986
323 116
975 210
2597 1909
2929 2324
896 1699
3 2992
2066 2893
737 125
2060 2717
371 2734
2731 792
1927 417
1787 2002
1219 2178
1862 2869
2100 2577
2977 182
1914 1248
897 229
1035 1648
1316 1870
1501 478
2700 2221
2579 2631
1283 733
1487 626
1502 2205
2476 979
1819 1491
2304 2560
891 2732
1841 2743
2541 2554
926 1558
2611 563
2712 739
1586 2026
587 12
1166 2272
1599 1329
1476 2698
1538 663
1366 1611
1479 1975
2180 1457
1623 1164
1517 2828
2315 270
1526 821
860 1873
2423 824
1247 2506
447 461
86 1584
651 748
2948 1681
760 2922
2249 2305
1737 1851
2801 1084
1734 2759
2520 1553
1572 1297
877 1597
1950 474
782 541
1169 2056
242 530
2902 2542
562 1387
1819 942
1174 1144
2573 232
1943 2513
2493 2676
1862 2137
1850 58
1609 1193
2342 446
2736 2052
1657 2662
140 2761
1348 2933
2670 1425
805 1761
656 885
616 769
2492 287
1522 1654
2758 1775
2733 2498
866 2392
792 2559
2141 2949
999 520
2095 2892
1581 1583
1383 143
2596 2647
2128 980
1947 2927
892 128
2154 2014
861 1277
1482 2994
108 900
1455 1300
1362 1018
1305 2588
1095 1559
1981 879
1275 2461
1530 2565
513 1450
816 2157
1566 696
1098 985
2077 1778
2807 244
2464 2340
2917 2867
1409 2980
630 2881
1123 1834
1134 1479
2167 65
1584 2000
2663 2723
1539 882
2479 140
2291 1160
1287 2449
2103 1683
1676 607
1519 614
2531 2336
1 675
1112 2533
1162 549
822 1232
1528 536
2992 1073
1399 2736
2140 1159
843 951
1700 1227
645 2222
1084 2052
498 2497
680 1002
2088 2704
1191 1576
1332 2543
1080 2743
1483 1791
2136 671
2137 1360
377 459
1786 2196
1442 2082
2609 2418
2363 1237
131 1652
2593 2900
2937 407
1747 2596
283 1685
222 310
1814 1182
1884 2137
1060 1290
269 1282
141 1772
1879 1242
1297 1533
1873 1885
2361 318
2169 1751
2163 2432
2778 982
2947 1574
1600 1283
1715 2511
238 2232
965 1583
301 926
173 1289
2410 619
1027 882
448 2655
126 220
2264 1214
2683 1176
1283 778
259 2857
1852 751
2386 1760
924 36
2601 2193
725 1389
1817 633
755 624
1682 1237
490 590
2856 287
2134 2785
1837 1304
1704 1454
710 2105
2612 2977
2427 83
2360 1525
1569 2240
1765 510
1212 752
996 595
2443 855
2525 787
456 2201
1669 1848
203 1536
1957 2243
1235 1579
1201 682
733 498
1737 1691
1164 1675
95 1878
822 2739
1328 457
2497 837
1149 587
1250 1129
1330 459
2370 2796
543 162
2308 2206
2656 1807
2648 739
2281 1481
2156 2675
2707 1620
851 2060
2739 412
185 2147
963 443
1063 692
1274 2296
2628 812
1011 201
1002 1875
2821 1701
2083 1691
2751 2362
1319 2086
2092 931
549 731
601 2086
448 853
722 1804
617 565
1216 372
350 2275
1067 400
1278 1034
2746 557
1261 1141
26 650
2950 294
1945 2160
1998 1134
2616 553
1498 108
2882 2111
2028 1631
1945 1248
501 2508
308 1433
1582 2698
678 389
2225 1729
2800 1068
542 616
1324 1175
2398 2283
2564 692
1372 2924
2599 36
2612 1448
11 1440
423 328
89 514
871 2851
388 1082
991 2663
1674 1615
1597 1217
1847 908
2588 2088
516 2155
2263 2364
1826 2211
2307 795
584 2756
715 1687
1595 697
2814 2924
2093 587
2455 1192
889 1245
296 1746
2500 2879
894 1299
2745 2519
30 537
1336 2970
400 64
1915 2645
1090 1777
2003 1379
2291 2550
2913 2630
946 1600
1647 1709
1039 294
50 1438
74 479
2626 741
885 700
1460 2871
295 494
660 1002
480 2382
2545 581
487 170
1847 682
4 2616
2619 1881
100 254
1739 345
530 717
1853 750
1439 1278
1210 1508
2724 1775
1402 603
1812 2666
1073 289
2941 2992
1831 2950
2640 2477
600 599
1350 673
2901 2277
1969 247
2254 696
2799 1584
2896 737
363 2493
2002 228
2344 315
408 2440
1590 945
309 2915
764 2209
504 1358
837 1241
551 2531
2110 2023
1813 2461
891 2153
1315 1343
399 2098
2885 1063
1994 124
526 837
285 547
2601 1985
37 1352
1103 831
2581 2551
1819 517
2686 1850
1959 130
1557 1127
807 437
2784 1613
331 2011
2487 2870
1878 2582
4 1630
2410 2479
102 2876
1250 1472
1738 867
358 2019
1640 2986
143 1905
1271 1942
2292 842
770 284
1712 1071
2996 228
1159 969
1107 2024
206 1201
2588 845
2811 840
2896 2080
2864 522
796 1724
8 371
812 71
2194 1610
691 1658
439 2223
1931 1792
2484 907
57 1721
2799 510
1764 325
2494 2427
1009 876
2498 1583
385 2601
1980 1677
140 1027
2045 2668
1432 11
1736 2997
1392 1642
668 1439
662 378
1130 2873
1256 1619
466 2554
376 1606
1243 2317
1246 1149
350 670
1733 2623
1532 1037
653 1559
2029 206
1917 780
2485 2842
1689 303
2505 983
1887 119
2491 386
1770 1394
83 2347
2770 672
2067 1548
1471 1110
647 574
2952 902
2642 2181
1689 2695
2438 145
2383 131
2699 501
1297 1735
191 2706
2683 1849
2024 62
723 1335
2487 761
1275 2271
1871 61
341 2339
2267 2849
71 1710
2783 418
679 1742
1301 2322
1120 547
1911 2685
1972 1602
907 1057
2346 649
2308 596
2780 2047
268 1343
2800 615
2288 1808
1915 482
2132 2733
1041 2375
2303 1503
1433 2519
2997 2903
2228 708
461 1067
1226 917
2213 78
1644 632
2368 2832
238 247
2100 2739
1139 1647
2709 2102
313 2370
2125 313
2618 1414
1515 921
1559 458
286 2986
802 728
2641 711
1390 1600
1636 429
2450 296
1140 294
170 964
2016 1779
457 1928
1201 143
1393 384
1064 2243
2440 483
2409 1590
990 2080
1529 1401
1851 2323
2210 2850
604 2615
782 1055
2044 1533
478 2529
1537 411
1163 101
961 2269
1690 198
2270 1844
1408 978
376 1314
758 1681
2073 387
734 1116
1611 2691
277 2754
2632 1526
2686 2435
2955 829
1381 1764
859 2140
1836 1051
2187 2946
946 814
1479 2326
1002 2725
1909 853
2830 353
1978 1811
1972 1503
2122 2623
2933 906
161 101
2378 614
916 2360
1047 380
1942 174
1800 920
844 1249
1775 950
949 1842
1361 1302
2342 2586
2888 1874
2912 1944
298 1927
36 1226
2907 673
114 901
506 2983
2301 2234
2899 483
1267 1645
876 1684
2184 1651
1363 1957
674 2991
2473 954
124 1286
200 2087
1318 2122
2385 1032
2257 405
18 2133
2636 2480
570 2134
133 1851
1405 1119
359 2462
1359 484
1917 291
888 153
574 243
2703 1122
618 1440
1768 2553
1579 2738
2629 1140
864 2317
2451 2558
2866 1810
2260 679
1602 1737
296 1097
624 2028
2458 46
280 325
1185 8
809 2250
1585 1581
549 1851
1852 361
2907 192
2558 848
746 2039
2731 2831
2307 2178
2329 1917
644 771
111 1075
2234 1343
2425 1861
2490 889
2805 2957
2338 1113
726 1462
758 1393
1881 207
69 2614
26 971
271 529
2718 970
2513 1219
2358 1684
2527 2267
441 1966
268 790
275 945
1573 2574
2164 350
1400 252
181 2226
581 25
197 1400
2884 579
804 1977
1692 2198
2631 573
633 738
1358 796
2732 818
1836 1855
2538 128
1179 2904
424 237
248 978
1106 2753
2120 2942
2362 1235
1463 12
140 2518
776 1232
2863 448
687 2704
694 730
859 1407
1403 1307
313 2882
2958 2449
297 216
1783 1332
2444 421
122 2084
802 150
313 1139
2606 880
1102 1875
2840 632
2474 2109
2316 1224
739 2159
943 1465
713 2929
1687 948
1578 716
871 2331
2170 1191
1319 2667
848 2374
2878 2888
2508 1514
1277 398
1016 861
473 425
2073 2161
2437 2669
2912 2235
2116 1075
1155 1029
247 2976
1308 1810
1544 2600
2776 219
1377 1086
742 945
491 1538
1591 578
906 1000
928 508
594 403
136 2782
624 1562
1843 2284
2049 331
2415 1360
2510 2964
2130 406
1438 413
2976 1643
2157 1954
2632 1590
2186 1102
1724 645
1251 2685
2382 695
1953 1888
774 1714
205 800
368 460
2280 2212
732 2926
599 2120
1268 1279
1283 2913
8 748
2312 999
1036 663
905 1926
2244 743
111 1344
1111 506
460 690
1889 2473
1508 334
732 688
1590 1589
1117 448
1952 2657
1227 2369
2898 403
24 1253
2015 257
2825 2935
2579 2353
2223 2628
917 1193
918 1331
9 1502
77 521
2888 1292
1876 573
2450 1192
1138 1024
1849 1426
2593 1467
2073 707
2025 1831
970 1840
2778 2259
209 116
890 1439
583 2020
474 692
686 753
1507 1909
1866 2449
945 2885
204 632
2190 2584
1225 1007
739 2953
45 2199
1725 2139
62 1711
1229 1721
1173 2330
1313 813
1959 170
183 1205
433 2479
1128 1677
2806 1833
1735 2814
2733 1962
2995 698
1214 2950
1602 1894
2846 1444
2562 1034
55 1045
1876 2677
2761 2674
576 1375
688 2600
229 1996
523 2238
1094 2068
2260 867
256 225
441 510
2343 2124
724 2619
1205 1980
1184 21
2890 2808
900 2277
2075 2473
2254 1928
2696 1071
271 1111
2156 1519
2100 2378
795 2876
914 2542
251 82
2387 1437
1213 2926
2901 9
1945 1193
2023 858
2629 1365
1274 2862
1705 2707
1909 1638
1363 2914
2332 1636
1215 2026
1945 2098
767 732
1016 800
1437 1797
1333 871
560 1180
284 744
1536 1793
2041 1198
15 365
2639 1457
1317 22
1989 1449
2959 38
2765 537
1949 763
1192 1460
2521 662
1878 2927
885 1536
905 705
1611 1678
379 1565
2802 202
2888 1130
2808 1596
197 1434
568 1191
1840 628
659 677
2038 2280
1847 2836
1212 146
1761 1075
662 1091
437 350
522 227
2177 782
2448 2647
1542 1635
2801 1668
1748 2982
317 1741
1917 184
2240 500
956 1330
42 402
922 1851
1765 2777
2044 1079
1732 748
2251 2708
162 2525
2493 2603
1567 1261
2917 2017
1443 2349
463 2186
1101 1466
1717 761
1762 2277
898 2017
1075 604
2248 1212
2337 2578
746 2303
2790 1491
805 2074
1302 2694
2756 355
1204 184
938 1107
334 1027
1251 933
2495 1439
1959 2745
2629 775
1797 2756
1298 1713
2893 1228
454 952
520 1456
2333 2151
425 691
20 2980
478 1776
2858 1820
1626 29
2010 1015
1668 164
2114 2859
535 29
1376 2417
765 2159
946 552
1981 2765
183 2178
1286 1284
409 1469
2715 1350
353 633
2489 1213
2370 727
2322 2244
2676 2330
1362 866
2039 335
1777 1995
1930 1021
2225 299
2965 1199
299 1823
1269 73
2612 842
1022 1518
814 2746
281 91
881 366
1887 784
1735 217
2545 1922
94 2654
221 460
1663 240
2282 1727
955 1302
1468 2425
1119 542
805 2511
1598 1772
110 1829
2177 2572
16 2286
2863 1081
376 1783
1191 172
2796 2237
1451 1249
420 595
1846 544
1319 2173
2330 1434
1776 551
2592 2062
1103 1527
1505 1538
1029 2249
2776 1008
2085 2162
1748 904
566 371
826 1209
2680 2635
157 962
1489 1718
2453 978
1748 2564
1465 770
1585 2744
1844 240
2440 2592
2897 2419
2063 892
1117 2009
469 2225
441 2558
1675 2912
1235 1774
1455 1798
2755 2452
1428 382
242 1104
1065 117
2347 1653
2104 155
1278 557
709 157
590 116
507 1114
1254 208
1507 611
1507 2347
2857 2711
886 2556
1907 332
2170 1574
1645 1040
2437 406
132 1553
2524 2140
2312 397
1428 446
1816 2211
2451 137
1128 1033
352 249
2155 169
786 585
988 2353
1853 1067
1811 544
2468 763
381 1102
1423 863
2505 586
1627 1093
2414 126
1761 224
1216 408
2989 1094
29 538
1457 1075
1633 2769
1724 2621
592 29
1602 1780
371 1681
2779 1030
1348 1287
184 1859
1591 1672
1405 2579
865 1874
1595 2110
1488 789
2418 2191
2290 1561
748 2034
1590 1511
2085 709
2594 890
1378 1542
2718 127
111 2297
1188 1504
2038 1554
992 603
54 1873
2148 1691
557 753
617 1067
849 1511
1340 2173
2135 206
2572 502
366 1788
866 2715
236 1929
2278 299
1710 378
1633 65
2079 2752
1378 1529
2376 1911
1490 2371
2852 1206
2468 2859
1309 2316
2490 497
485 377
2349 1000
2405 1989
1915 298
2531 573
1029 1000
667 2758
2699 2106
2522 1116
789 2803
1126 2281
1517 289
1829 236
1527 123
1090 1125
850 141
2211 941
1945 1405
2363 803
2146 47
1199 711
2538 2507
533 1515
1790 1010
193 2266
2399 237
558 1758
2420 1686
264 1702
808 1564
1259 228
1776 899
1491 89
2070 290
157 582
2621 1567
161 1404
2712 2058
1384 960
1891 527
2055 2061
2430 2037
1149 2280
857 890
1048 2479
1122 2889
2820 2705
1596 2757
961 2896
1643 2634
1483 1982
181 774
552 110
1346 2690
1824 609
2634 1489
1365 2652
1282 698
2113 2673
1094 219
2498 189
1235 2161
2268 1380
1370 1277
1614 1803
2958 1262
2845 2786
1373 945
2113 1557
283 2519
1023 826
2542 2572
2212 2868
2983 244
2072 777
2791 1431
251 74
319 1884
2610 579
2462 1683
1545 531
954 289
2195 672
2053 1218
1624 1178
516 500
1659 1715
1540 46
2487 374
2128 1956
432 275
1326 1900
836 2344
2423 2840
47 919
2319 579
1452 2144
1406 2999
297 1167
1031 562
2187 2857
451 819
1938 2258
1789 2393
591 214
2433 1739
1170 411
447 47
24 1036
1397 37
2047 851
2308 2778
2695 561
1989 2929
2739 1448
2856 1859
654 2821
790 2924
684 2031
2115 230
602 2849
2405 2411
2874 145
2861 869
2642 1271
1549 467
978 36
334 374
2280 2358
1765 2745
2950 1722
1196 1244
2681 1467
233 1504
454 520
520 2974
2373 2084
2460 414
2317 1513
2539 1858
962 379
1309 994
365 140
2522 515
1400 27
121 2116
2257 70
667 2506
2425 2005
654 631
733 1704
2360 1398
2148 1295
2811 496
885 2917
1148 1270
2141 876
2388 24
1842 2223
1414 2483
869 2077
1932 2611
1207 265
1390 1001
1028 1038
1924 817
8 751
2765 2359
440 1786
2986 2750
2945 2800
1475 2379
824 1125
1236 1601
2965 73
432 247
124 2811
1525 1955
2757 2707
2205 1543
569 804
1083 2912
824 2492
2139 2465
2407 2303
1295 1533
640 99
12 119
1742 837
785 641
2046 1607
2705 565
1251 2750
696 313
2708 1708
311 2612
1651 2181
208 1764
1590 656
2651 1480
1184 671
1847 2232
964 1374
1578 2626
974 117
1044 538
2667 2248
2950 155
2461 1247
1945 2269
2271 1371
1864 1929
1767 2813
272 2479
227 2030
2828 829
2383 1259
607 2785
1827 1233
1020 2618
2430 2516
2743 903
1704 1121
431 507
726 310
2341 2093
946 342
317 2068
1752 219
588 1678
2529 277
891 1754
776 2772
2209 1752
1283 2663
1428 2615
2511 2281
2724 314
567 355
2569 2841
2468 1943
607 2724
2527 2656
1293 2095
1100 1328
2035 2860
1640 1570
418 918
928 1054
1787 636
1082 2454
411 1530
1077 766
2238 2863
1765 1357
1214 1720
2154 8
520 2110
1607 873
2929 2169
1540 2305
1978 1239
2215 2654
1503 2297
2354 272
1715 2195
98 1276
318 2123
2825 543
1591 127
1910 702
654 2628
1435 2602
1711 2885
645 2367
1799 1782
2514 524
2057 2133
2063 2235
1110 2254
1612 875
160 2717
2063 296
1333 2498
2667 2474
2788 1194
2886 462
2420 129
2780 2144
2585 1895
894 2939
1294 1553
1636 2204
2980 2432
443 1618
1192 2169
1499 1616
723 791
19 2727
314 256
2045 1456
2196 1449
1201 997
1911 2362
156 1098
2651 295
820 963
2985 532
682 2891
1609 1510
2022 1719
1500 2080
1426 2566
1168 1854
2766 1469
786 2979
908 1382
2073 313
337 2499
1191 1278
2531 528
1557 2662
2260 343
272 1100
1712 718
538 2097
934 2615
2715 2439
1518 423
1868 358
227 924
2591 2753
1999 625
906 2859
693 2974
2629 1820
2615 772
1512 2808
1391 865
1471 646
140 927
2819 1713
1105 1723
2707 871
1863 1736
346 965
520 1383
2538 775
502 1766
682 1131
2326 2711
2010 926
1830 2249
2384 423
1923 2620
2063 931
2283 2598
952 1029
1262 2940
374 412
14 1885
2419 842
517 749
538 1107
668 808
66 2345
2450 467
1901 2538
2828 2236
2585 1107
1420 1468
2339 240
1133 343
2405 2443
506 2773
517 2925
470 2783
1987 2190
1043 820
2268 1001
1193 707
2753 768
1723 2951
233 683
2365 1774
736 1628
2026 2108
1596 620
1425 610
2087 1067
336 2264
1528 1559
164 1994
1735 7
70 2710
2861 169
344 68
2530 2580
375 1676
205 854
296 1797
2025 1776
916 1041
1209 2963
2413 725
605 290
685 499
2205 1013
2971 2186
2767 620
312 541
300 1562
2692 1861
857 1844
2317 2473
1945 2025
534 1031
588 1497
822 1239
2024 681
1181 656
2889 2126
685 2126
874 2578
1350 1448
2109 135
254 1150
2198 2461
179 415
2429 1873
1160 462
852 1224
1568 307
1536 2065
2858 2780
2984 1686
2828 351
2901 432
1986 1869
1780 340
2193 2029
1217 1360
2679 2670
940 1845
2074 595
597 1109
1203 2538
415 2942
2912 759
97 2214
1719 1475
144 2346
2418 2855
1749 591
462 406
474 2576
2676 2721
2073 1715
30 6
515 2022
2973 2108
1159 161
837 2398
2711 1539
1687 394
567 2553
1330 499
2182 2285
1710 927
499 2555
1343 985
2298 2925
2793 1441
595 545
2194 2497
2843 539
1606 401
236 1780
1168 2572
395 1334
1731 1211
1255 656
1087 34
560 2433
1391 685
1896 409
1517 2479
2171 839
99 2564
875 1161
2738 780
508 1373
1592 433
801 2276
704 737
2935 2415
2996 1885
301 30
1723 2791
2074 2097
1590 1985
1811 2234
646 699
561 1432
588 2723
2215 1814
1790 207
1243 652
1513 573
2337 766
2719 90
13 2949
2859 359
1416 1802
810 784
197 228
1134 2596
1480 1453
2429 1057
526 1602
2672 2671
1690 2993
1269 611
409 2770
823 2259
534 101
175 1011
523 1052
579 1457
2810 1587
1252 827
1912 2323
1623 2203
346 329
1708 215
851 2601
742 2614
2313 2418
227 500
1028 2703
1445 1251
2039 2993
225 2952
2411 2123
1855 653
1018 1248
48 537
771 893
1943 752
1581 2869
1936 2060
875 840
1371 1968
1956 2497
2002 1316
2093 1501
2799 2517
2593 885
300 175
1160 633
2273 496
1808 1221
2447 1021
211 1781
1073 2251
775 716
1705 2795
2117 1673
2995 673
605 491
1497 980
1473 815
1609 1915
2409 1808
1677 895
889 574
343 17
1476 713
1327 354
1109 1028
773 640
1310 2691
2140 603
1081 1136
890 2648
2227 150
876 383
2380 973
2829 1045
854 1505
74 1328
1920 540
1843 2918
2617 1873
2381 608
2306 1343
1224 960
382 2170
2941 676
1731 759
845 1363
376 1539
2300 612
2128 2917
367 920
2826 721
1171 1332
136 557
535 2672
1229 2092
2496 1691
1290 2730
1027 193
210 1307
2750 502
1522 1248
727 2693
568 2799
432 459
2208 2271
160 2943
1802 2143
1877 2185
1924 1098
483 2863
780 589
1629 2393
2856 2235
384 2427
1185 2023
1044 1255
1840 563
1445 2591
2505 721
103 1984
1357 134
359 2267
348 40
1614 2509
261 96
664 201
2445 772
2845 576
1081 2871
427 469
1305 2705
379 1453
1814 638
1836 1270
1040 878
2652 1999
0 70
25 1208
153 1039
2240 1577
1530 2171
1889 664
229 351
666 2057
293 2473
722 2008
7 939
593 306
1660 640
2426 321
181 618
2997 810
148 1306
1448 2636
256 2137
710 114
1972 1069
2497 2786
630 2682
2854 1489
297 2953
2182 2915
407 2587
2010 1194
2794 2001
1313 1656
2942 1391
516 2863
2658 138
2083 2273
528 1779
1055 1437
2073 1461
2776 1984
1736 1454
2794 721
1848 1779
2880 991
2189 1229
1304 1548
515 1475
1544 1329
606 1780
684 457
2719 1404
1236 861
421 2313
1371 1069
1994 1080
1133 357
1867 59
814 1390
970 2016
1590 2202
1602 917
151 1441
2815 17
1424 2145
2917 451
1682 60
519 663
2797 118
2990 428
2889 2803
435 1769
1286 1269
2403 2352
864 1741
1581 1141
2291 2098
2856 534
1296 1405
296 2453
2446 999
2818 2837
2529 1332
2318 1210
589 2307
2044 1344
2235 690
2541 989
1576 252
1651 786
1244 2589
2228 520
928 1876
579 2628
2219 306
2987 259
352 684
769 2579
116 1951
2885 2990
1299 1946
1958 2961
223 1045
886 2619
2233 926
1366 2544
1051 2699
349 2235
364 2261
623 2335
1997 2959
2041 1692
430 1499
2731 1377
683 308
2722 1623
1124 18
2181 554
605 775
2318 2296
993 1885
1709 169
1844 1338
1478 981
2960 2877
222 213
2906 156
2155 532
500 2576
1621 2472
114 2929
155 2954
542 1164
1751 1084
2175 2398
118 2170
1924 2370
1389 2697
2350 1432
1543 544
658 618
1187 2818
286 1840
2937 2834
151 1589
632 1978
584 228
2616 1046
1277 2163
1805 1824
2444 141
2515 2954
1429 916
1600 1079
2022 697
393 82
2763 2211
2766 2421
1501 2652
1074 711
2077 1162
1929 984
2 603
1699 2090
941 926
2376 2768
703 1305
2740 2975
2160 659
806 12
1449 2468
532 2635
988 410
1045 1276
2791 469
2482 537
2335 718
136 586
1185 1122
2834 291
2298 736
489 1410
2722 2086
2916 389
2515 2505
2395 1959
550 2991
2536 416
526 1097
1698 2772
2403 556
1206 2309
357 2391
1420 1779
1343 1272
289 590
195 2569
1433 2499
2209 64
364 1598
2097 2919
801 2453
1125 1585
954 1134
2819 2168
2954 1169
2720 2235
688 1959
1143 966
2186 1301
2631 2156
2446 317
1678 428
2787 1806
2924 1431
424 2473
162 1778
1156 2940
2016 280
729 2293
2184 1940
2152 2213
50 2516
1118 735
2752 984
2478 1261
1419 2232
2170 1326
2014 66
2619 1186
949 1500
401 1771
1061 2210
1364 511
2160 732
1274 2320
2341 192
1086 957
2726 300
2991 398
399 1482
517 1976
961 432
1618 2057
8 2092
468 2895
2172 2641
1837 2775
1282 820
2560 1337
2576 409
2169 1009
2610 2023
2757 2298
2433 2731
1334 214
1752 2512
1713 325
2156 1124
2663 2824
2652 2888
2637 2837
1254 2076
2954 2245
756 1387
2460 2289
2282 1681
1710 491
1909 2651
104 1079
99 54
561 2233
2001 2267
624 1025
1435 1010
2670 887
1033 2196
2790 750
451 2920
1005 843
1067 1168
2748 343
674 2112
1531 2295
1225 215
2907 2329
729 2555
2020 1095
2117 1429
909 2725
662 1358
428 2314
124 1483
1617 294
471 272
2587 805
1877 1933
1024 2112
540 504
450 1286
1797 1862
239 1474
2512 1303
2841 2602
1010 458
973 1030
62 270
1552 125
2498 1033
2981 2414
1015 123
236 1873
2750 2951
1899 2563
2065 2789
2869 1689
2487 1231
1361 696
918 743
1578 2784
2340 2120
558 2137
349 2359
1282 2243
1040 2132
2538 41
1295 2130
1906 165
2099 2302
2752 654
2071 1069
1071 1236
2826 442
1090 1054
93 1607
316 2849
2917 1300
506 334
2174 328
1192 2440
1480 2840
11 302
601 1063
1696 599
1978 2981
2078 1594
180 296
1745 76
714 779
1740 834
2027 547
1333 1396
1627 1442
2591 1820
913 1832
1949 2178
1547 575
1940 616
950 1931
2438 1712
2782 354
153 2491
1894 1132
2517 2267
1612 1331
629 769
1175 125
1715 869
2553 429
683 2065
2843 545
1789 1890
2370 2531
683 2472
752 895
2974 2617
1882 404
1003 1224
1006 2340
1848 775
347 323
1031 745
2072 2442
745 319
831 1291
739 1610
1078 1898
2946 1582
1396 1248
2086 2488
851 694
224 2035
952 394
1687 37
2345 272
1903 1517
297 2798
2366 611
2182 1958
1703 136
2925 2909
246 2267
2899 2394
1441 166
1198 1915
1504 5
880 2226
611 2302
991 417
1712 1182
2333 1303
2795 838
484 1751
2997 1728
2467 1086
1350 1725
1958 1136
216 637
2923 557
1763 802
2094 629
982 115
1331 2144
631 2102
146 1125
528 2526
488 2882
1912 175
970 1628
2696 87
2034 916
263 1117
2266 2352
717 2639
2250 37
106 689
2067 87
1857 1088
2207 970
1407 2903
1075 462
2981 1731
2509 1531
2496 2422
547 2390
1772 484
2330 463
2931 798
1288 2107
2832 2964
2932 2830
1412 2391
1596 2681
720 1072
411 2266
373 2419
2850 2011
1268 2713
2341 1160
728 432
2828 2443
2127 890
840 1797
642 469
1664 689
1823 2550
234 650
391 78
1749 1029
811 2453
2790 1844
2420 1099
722 2647
995 122
2657 1368
368 752
178 2252
2024 337
356 2898
2961 271
224 2840
1815 2975
857 31
1292 2035
396 1339
1045 165
1549 1273
1340 310
329 2673
2957 1007
988 2288
1064 1196
1470 431
701 1403
951 2135
1446 1409
1676 1920
854 1354
891 1205
167 313
2679 1570
2940 248
557 965
2842 149
339 1230
1518 2089
1592 1986
261 401
771 316
832 494
2928 1957
2438 1503
1292 2087
2955 1474
1683 243
1400 276
2160 461
1178 2468
2703 2100
944 971
368 2055
2034 1559
2558 387
736 667
709 2986
552 1439
2557 1515
344 547
310 2964
340 1092
716 2309
371 1488
120 2305
2089 236
2506 2071
1309 1845
253 119
1498 748
1821 1599
1390 971
2538 420
2247 1749
813 1542
1406 197
2883 1203
1096 1730
2167 2998
2456 646
1180 104
733 54
2588 2869
2044 2143
2404 149
2418 1177
2940 1500
634 2191
1309 270
2682 1981
2176 205
804 1402
1199 553
613 1438
2851 2983
1178 861
357 1166
2213 1317
1847 2848
1150 1028
476 2621
1313 1471
1405 1178
403 2620
2125 1903
1070 2002
676 2128
613 2845
1322 1790
1700 2010
2738 326
2198 144
2781 2449
879 1313
2284 51
2488 2778
2881 283
1474 2231
2930 2724
513 1382
2651 1127
692 1839
2323 396
1119 1152
155 2984
2490 1084
555 1053
1158 2238
1123 2872
1698 687
2590 296
296 338
895 508
750 2041
2093 664
2357 2102
1455 2530
2078 2996
2252 2343
1479 1990
2585 2476
2734 1944
2293 635
2898 269
373 922
260 1124
1778 1493
2257 2704
849 261
567 2468
2713 1328
2463 1163
2485 1858
1220 1977
713 805
1932 1241
2077 46
1507 2579
829 1072
972 933
12 2378
2622 2158
1516 1431
2333 363
1217 2210
2067 2954
1964 255
1804 605
1257 122
2625 1723
65 373
6 2047
2331 1837
1395 392
830 1847
996 440
2506 809
1335 706
623 1478
1104 2780
2944 1697
606 1597
730 808
941 2933
1484 296
160 789
1579 95
1403 965
1281 1451
1327 455
37 121
2709 839
1116 2764
2184 2123
747 1049
1363 2779
1191 1997
1736 2292
969 497
2594 1378
2315 828
609 800
1053 463
2407 2757
1133 2169
2127 2669
301 2045
2405 936
2143 1648
1188 1606
1608 2926
1484 2129
1510 97
959 691
1574 914
1935 2724
642 2624
2958 1040
1592 1603
41 1418
641 2407
1999 373
2181 2979
972 277
786 1499
405 185
2354 1250
2417 1988
1086 2741
2711 636
1143 2465
2658 1244
265 778
196 352
1112 2627
341 2504
734 392
553 986
1983 2395
34 864
2607 922
1957 2352
88 2387
1846 2087
1360 1430
2758 1164
2372 197
2569 1230
1928 357
1141 1225
2496 335
973 702
1497 2324
2580 581
1642 2937
680 2980
260 1036
331 2489
2347 1787
1275 2559
2473 713
1586 1708
2664 2005
1379 2831
2153 420
1159 1378
757 2009
268 1725
849 122
2998 242
624 2412
390 2573
102 1157
2429 591
1472 195
2644 850
2642 506
815 2406
330 1159
1063 1192
1388 79
2340 463
849 2214
748 755
982 1685
854 2056
2906 739
1907 2590
78 1832
2498 407
2077 435
1571 1560
2978 22
137 2382
343 2796
1702 31
928 47
1147 1971
1726 449
351 1426
2448 2882
2360 2733
2242 601
1921 448
1503 291
2992 1504
2966 1516
605 1978
986 310
1495 2697
40 2075
2762 416
121 1705
2732 1966
1506 610
908 1243
601 2393
1650 1807
937 217
2753 2561
645 1521
2566 1177
1241 1502
715 771
1802 1116
653 279
2389 695
1763 984
2950 2538
2343 2725
1561 2311
2327 603
2080 2004
997 1287
1710 880
2961 1007
