30
900
2 7
19 23
8 24
5 7
26 2
11 19
18 28
27 8
22 9
5 3
12 10
12 3
20 16
10 23
12 23
25 8
10 18
2 26
9 26
1 10
8 26
10 23
3 25
3 21
10 29
1 4
14 10
3 9
11 7
18 19
5 13
9 27
11 8
20 9
20 2
9 0
3 2
3 21
6 1
7 4
25 29
8 15
17 12
11 5
6 20
7 2
15 24
15 8
16 27
7 20
2 4
13 27
16 3
4 24
16 9
23 24
15 23
3 14
14 13
14 20
23 12
25 3
17 5
2 29
12 22
21 29
9 5
3 0
0 22
20 24
8 22
20 3
9 11
26 3
21 24
19 9
2 21
15 19
22 28
22 4
20 11
7 28
15 20
22 15
1 16
24 11
9 5
10 17
11 19
0 22
3 7
24 15
10 14
3 14
4 27
6 19
6 13
23 9
28 15
8 29
4 1
28 8
6 8
7 23
25 22
23 16
8 29
15 10
29 9
18 23
4 6
15 0
14 29
12 24
20 27
24 8
23 8
11 21
3 13
29 2
7 1
13 5
24 9
10 6
6 23
25 28
15 23
21 19
26 16
21 17
9 5
29 7
14 21
21 8
19 29
7 29
18 19
11 15
10 27
29 28
23 0
19 7
15 8
16 22
0 5
7 24
9 1
29 18
28 23
14 6
18 27
7 18
29 10
11 0
6 22
27 13
1 28
14 13
16 5
9 4
18 19
28 1
2 8
15 20
13 26
1 6
21 22
25 6
0 16
21 9
27 21
29 28
24 18
13 19
24 22
13 24
24 10
4 10
22 9
23 8
15 26
18 20
23 9
27 11
3 29
13 1
6 25
19 0
22 2
9 4
15 21
7 27
25 13
10 11
8 1
28 29
29 26
9 18
0 5
20 12
13 14
8 27
27 24
3 27
4 8
16 23
26 20
19 10
8 2
22 14
13 0
5 10
9 17
14 3
26 13
5 6
24 2
1 18
5 14
29 2
20 15
19 22
1 17
26 0
16 2
13 20
11 2
17 14
23 27
12 18
7 16
14 27
12 24
26 22
9 14
20 7
23 19
5 9
7 29
2 24
5 26
29 20
3 7
8 11
28 11
23 15
18 2
0 22
19 13
0 28
28 8
20 15
23 29
21 15
18 2
18 11
26 21
14 5
16 1
15 13
21 0
1 5
9 17
16 14
22 19
6 8
23 7
22 7
5 18
10 14
0 13
3 9
5 25
13 10
12 13
23 18
1 9
25 17
4 9
19 4
27 22
20 11
28 16
19 1
9 17
24 22
2 15
0 24
17 21
24 17
29 15
5 2
10 11
3 22
3 18
5 6
8 27
28 23
15 21
25 28
28 24
22 8
14 17
16 22
2 1
24 12
25 6
16 15
1 11
25 24
25 18
17 19
6 16
19 26
3 22
6 29
7 1
8 14
12 0
12 10
13 19
25 19
13 24
23 25
1 21
4 1
29 0
13 20
19 0
21 11
6 16
0 28
2 4
11 6
20 9
25 22
15 6
5 11
16 8
10 3
22 0
6 21
18 3
27 15
12 29
23 9
24 15
4 13
7 22
21 3
16 6
0 16
12 1
25 26
23 10
28 22
19 15
19 28
10 26
21 16
25 4
26 1
29 22
20 10
23 17
24 13
24 4
3 24
17 20
17 12
6 10
28 26
19 16
10 15
27 23
28 17
26 28
27 21
15 16
29 23
11 21
9 24
6 16
16 19
24 26
25 3
22 19
16 5
3 19
25 26
15 24
16 3
8 28
1 7
18 17
26 16
24 4
9 16
3 2
27 1
10 20
4 9
16 28
25 4
15 5
29 4
10 2
5 16
25 21
13 12
18 4
22 4
1 4
21 23
21 15
26 7
0 27
27 13
15 27
0 11
3 25
5 23
25 23
21 0
4 1
4 12
12 3
19 16
21 9
6 12
24 14
29 6
0 23
6 26
10 16
6 9
26 24
3 23
17 19
29 21
2 23
17 16
4 17
4 27
10 16
22 10
9 7
14 8
12 9
21 17
7 25
16 10
5 17
23 1
28 13
2 27
19 13
16 29
29 21
21 16
18 9
25 20
18 16
16 19
28 19
19 12
21 14
18 24
15 19
25 0
21 13
23 6
9 4
22 15
20 23
22 12
17 24
22 27
5 14
13 28
13 24
26 13
15 20
27 4
19 1
26 10
9 3
29 17
29 25
13 11
19 12
20 2
8 22
20 19
20 24
11 28
4 27
14 10
16 10
27 0
17 11
10 21
16 8
25 12
1 0
4 13
3 10
7 17
21 18
2 14
0 29
23 22
8 7
22 15
20 11
28 6
11 8
22 21
8 4
23 18
5 21
14 13
11 1
17 25
4 11
24 19
26 25
22 0
0 9
8 18
14 21
22 14
29 3
22 18
16 24
24 15
29 14
19 14
7 1
25 12
25 14
15 27
10 1
15 27
5 2
5 10
7 8
11 21
25 29
26 9
23 14
13 15
25 15
17 20
9 24
20 8
7 29
28 19
8 27
26 5
24 29
9 15
2 29
17 29
25 29
12 1
6 8
25 10
0 26
12 3
8 11
9 28
27 10
12 17
26 7
1 21
1 28
7 17
5 11
12 13
10 23
0 19
13 27
8 25
17 5
9 25
23 4
9 15
2 9
7 27
3 15
1 6
7 16
4 21
27 24
15 14
2 24
10 3
13 22
1 20
11 23
28 19
20 25
27 3
26 20
0 19
9 22
3 12
24 27
17 23
17 27
17 3
20 2
14 17
17 25
26 27
1 14
20 21
17 24
19 5
21 28
24 13
16 7
25 23
13 28
19 20
19 21
23 22
24 4
27 7
23 22
15 9
14 12
27 7
6 19
26 8
22 8
5 26
0 22
22 19
18 27
4 18
12 17
4 9
19 14
2 8
17 19
26 18
16 29
1 29
10 11
24 20
14 28
23 0
0 17
23 17
23 1
29 17
0 19
5 26
16 4
23 3
9 27
8 4
5 29
13 22
27 11
7 4
10 11
25 23
20 8
27 20
5 3
2 1
17 3
7 26
15 23
17 10
20 13
5 19
19 5
24 15
10 12
19 0
27 4
8 0
4 8
4 22
20 25
10 6
1 4
17 8
23 2
22 10
17 26
2 17
20 22
14 6
6 0
6 7
5 17
5 9
27 16
26 13
7 12
7 24
5 14
15 18
21 4
29 25
9 27
23 8
27 22
18 17
17 15
20 6
25 24
28 4
15 17
22 16
13 0
17 19
15 7
21 15
5 13
20 14
6 25
12 25
24 12
9 1
1 13
4 1
5 7
18 24
16 26
12 8
8 13
7 23
7 23
29 13
4 15
2 22
21 25
28 20
11 17
21 7
20 19
21 20
23 13
8 27
25 13
9 12
17 15
10 26
23 1
14 29
27 5
14 20
25 1
25 17
10 17
27 5
11 0
19 7
22 1
15 7
18 12
18 7
19 22
28 12
11 9
29 14
27 3
12 20
20 0
19 15
21 1
9 10
17 19
3 9
23 29
28 15
12 17
0 3
22 15
3 20
5 20
25 29
23 21
25 16
19 15
5 11
10 19
26 25
29 15
19 12
3 23
6 18
6 24
21 24
19 12
24 26
15 12
12 23
20 26
20 15
24 20
9 3
10 15
3 19
23 19
24 26
9 20
12 2
10 6
13 5
29 9
27 11
23 24
28 17
13 16
3 14
17 15
22 27
24 18
17 7
3 25
27 9
2 24
26 10
13 4
1 8
12 18
27 20
25 14
27 14
29 14
0 22
26 2
29 24
12 22
22 4
14 3
2 16
16 6
8 26
4 28
24 19
26 4
23 18
14 17
27 13
12 26
2 3
12 8
10 2
20 15
3 29
29 4
23 5
6 16
17 10
28 17
1 28
16 23
14 18
4 19
9 11
22 1
26 16
11 25
29 18
0 17
24 13
18 19
8 10
3 22
2 6
16 14
23 14
18 26
25 27
23 3
