40
1 2 75
1 3 52
1 4 19
1 5 11
1 6 85
1 7 57
1 8 47
1 9 50
1 10 13
1 11 52
1 12 19
1 13 51
1 14 1
1 15 56
1 16 43
1 17 61
1 18 66
1 19 61
1 20 61
1 21 61
1 22 74
1 23 4
1 24 44
1 25 42
1 26 92
1 27 32
1 28 98
1 29 19
1 30 98
1 31 77
1 32 32
1 33 20
1 34 56
1 35 43
1 36 47
1 37 12
1 38 40
1 39 48
1 40 5
2 3 48
2 4 51
2 5 22
2 6 10
2 7 25
2 8 29
2 9 46
2 10 36
2 11 33
2 12 15
2 13 54
2 14 92
2 15 63
2 16 72
2 17 23
2 18 8
2 19 65
2 20 14
2 21 51
2 22 71
2 23 75
2 24 50
2 25 30
2 26 83
2 27 38
2 28 48
2 29 93
2 30 84
2 31 22
2 32 94
2 33 68
2 34 79
2 35 67
2 36 92
2 37 74
2 38 100
2 39 70
2 40 38
3 4 21
3 5 27
3 6 31
3 7 2
3 8 63
3 9 96
3 10 33
3 11 43
3 12 83
3 13 17
3 14 50
3 15 87
3 16 8
3 17 65
3 18 72
3 19 63
3 20 20
3 21 12
3 22 12
3 23 92
3 24 60
3 25 29
3 26 16
3 27 54
3 28 99
3 29 39
3 30 72
3 31 16
3 32 26
3 33 43
3 34 88
3 35 91
3 36 39
3 37 71
3 38 45
3 39 78
3 40 29
4 5 39
4 6 71
4 7 47
4 8 60
4 9 40
4 10 16
4 11 35
4 12 30
4 13 83
4 14 10
4 15 99
4 16 68
4 17 36
4 18 76
4 19 35
4 20 44
4 21 47
4 22 38
4 23 29
4 24 36
4 25 75
4 26 71
4 27 88
4 28 31
4 29 13
4 30 95
4 31 6
4 32 29
4 33 16
4 34 74
4 35 43
4 36 65
4 37 28
4 38 36
4 39 81
4 40 33
5 6 74
5 7 83
5 8 63
5 9 19
5 10 35
5 11 57
5 12 82
5 13 82
5 14 29
5 15 5
5 16 44
5 17 70
5 18 96
5 19 36
5 20 100
5 21 92
5 22 63
5 23 4
5 24 49
5 25 91
5 26 50
5 27 97
5 28 84
5 29 75
5 30 80
5 31 58
5 32 80
5 33 27
5 34 16
5 35 30
5 36 24
5 37 7
5 38 98
5 39 59
5 40 26
6 7 83
6 8 20
6 9 87
6 10 68
6 11 98
6 12 38
6 13 22
6 14 43
6 15 91
6 16 41
6 17 58
6 18 46
6 19 79
6 20 32
6 21 97
6 22 15
6 23 79
6 24 57
6 25 43
6 26 39
6 27 94
6 28 59
6 29 53
6 30 58
6 31 95
6 32 94
6 33 15
6 34 45
6 35 61
6 36 79
6 37 19
6 38 45
6 39 73
6 40 96
7 8 12
7 9 31
7 10 89
7 11 89
7 12 46
7 13 50
7 14 56
7 15 50
7 16 45
7 17 83
7 18 81
7 19 0
7 20 99
7 21 69
7 22 46
7 23 34
7 24 97
7 25 89
7 26 44
7 27 27
7 28 67
7 29 66
7 30 42
7 31 80
7 32 10
7 33 40
7 34 87
7 35 20
7 36 24
7 37 71
7 38 57
7 39 54
7 40 40
8 9 53
8 10 44
8 11 92
8 12 9
8 13 36
8 14 51
8 15 79
8 16 64
8 17 39
8 18 87
8 19 78
8 20 8
8 21 61
8 22 92
8 23 41
8 24 11
8 25 41
8 26 54
8 27 29
8 28 10
8 29 63
8 30 95
8 31 37
8 32 13
8 33 36
8 34 32
8 35 73
8 36 25
8 37 28
8 38 49
8 39 56
8 40 35
9 10 39
9 11 83
9 12 37
9 13 15
9 14 95
9 15 81
9 16 37
9 17 22
9 18 88
9 19 44
9 20 52
9 21 76
9 22 69
9 23 30
9 24 10
9 25 53
9 26 47
9 27 80
9 28 99
9 29 78
9 30 18
9 31 69
9 32 4
9 33 91
9 34 97
9 35 30
9 36 62
9 37 16
9 38 100
9 39 54
9 40 88
10 11 96
10 12 67
10 13 45
10 14 37
10 15 72
10 16 92
10 17 74
10 18 26
10 19 91
10 20 97
10 21 93
10 22 75
10 23 62
10 24 55
10 25 20
10 26 62
10 27 4
10 28 75
10 29 50
10 30 71
10 31 81
10 32 22
10 33 13
10 34 82
10 35 39
10 36 15
10 37 7
10 38 62
10 39 76
10 40 11
11 12 59
11 13 13
11 14 40
11 15 12
11 16 34
11 17 42
11 18 63
11 19 24
11 20 58
11 21 74
11 22 68
11 23 75
11 24 68
11 25 21
11 26 61
11 27 10
11 28 76
11 29 95
11 30 7
11 31 28
11 32 46
11 33 48
11 34 66
11 35 10
11 36 16
11 37 64
11 38 61
11 39 17
11 40 15
12 13 31
12 14 76
12 15 26
12 16 46
12 17 7
12 18 42
12 19 69
12 20 82
12 21 26
12 22 13
12 23 55
12 24 29
12 25 10
12 26 23
12 27 7
12 28 15
12 29 65
12 30 52
12 31 32
12 32 49
12 33 90
12 34 63
12 35 12
12 36 85
12 37 70
12 38 68
12 39 75
12 40 8
13 14 68
13 15 8
13 16 52
13 17 77
13 18 97
13 19 98
13 20 43
13 21 89
13 22 56
13 23 90
13 24 15
13 25 69
13 26 38
13 27 78
13 28 18
13 29 69
13 30 32
13 31 19
13 32 50
13 33 51
13 34 83
13 35 61
13 36 68
13 37 56
13 38 69
13 39 89
13 40 10
14 15 50
14 16 65
14 17 6
14 18 76
14 19 28
14 20 69
14 21 66
14 22 30
14 23 12
14 24 96
14 25 29
14 26 40
14 27 93
14 28 96
14 29 11
14 30 84
14 31 73
14 32 70
14 33 31
14 34 66
14 35 48
14 36 72
14 37 28
14 38 27
14 39 32
14 40 56
15 16 28
15 17 62
15 18 73
15 19 90
15 20 38
15 21 41
15 22 79
15 23 43
15 24 62
15 25 73
15 26 85
15 27 37
15 28 59
15 29 45
15 30 99
15 31 19
15 32 85
15 33 100
15 34 46
15 35 93
15 36 21
15 37 59
15 38 76
15 39 19
15 40 14
16 17 33
16 18 35
16 19 51
16 20 94
16 21 57
16 22 82
16 23 51
16 24 9
16 25 59
16 26 86
16 27 1
16 28 34
16 29 67
16 30 50
16 31 0
16 32 18
16 33 64
16 34 26
16 35 62
16 36 5
16 37 80
16 38 19
16 39 40
16 40 42
17 18 54
17 19 26
17 20 79
17 21 74
17 22 46
17 23 20
17 24 95
17 25 22
17 26 95
17 27 83
17 28 38
17 29 18
17 30 34
17 31 62
17 32 94
17 33 90
17 34 0
17 35 39
17 36 41
17 37 30
17 38 39
17 39 63
17 40 70
18 19 66
18 20 45
18 21 4
18 22 7
18 23 39
18 24 58
18 25 96
18 26 70
18 27 88
18 28 96
18 29 11
18 30 61
18 31 46
18 32 29
18 33 57
18 34 38
18 35 3
18 36 0
18 37 20
18 38 44
18 39 30
18 40 13
19 20 78
19 21 91
19 22 7
19 23 92
19 24 24
19 25 65
19 26 52
19 27 81
19 28 64
19 29 1
19 30 59
19 31 70
19 32 13
19 33 22
19 34 26
19 35 49
19 36 49
19 37 75
19 38 67
19 39 64
19 40 67
20 21 84
20 22 71
20 23 78
20 24 98
20 25 33
20 26 94
20 27 17
20 28 12
20 29 84
20 30 26
20 31 62
20 32 29
20 33 89
20 34 82
20 35 57
20 36 82
20 37 40
20 38 78
20 39 18
20 40 98
21 22 60
21 23 88
21 24 8
21 25 68
21 26 86
21 27 63
21 28 87
21 29 56
21 30 65
21 31 16
21 32 25
21 33 19
21 34 97
21 35 89
21 36 74
21 37 35
21 38 26
21 39 45
21 40 57
22 23 64
22 24 70
22 25 56
22 26 62
22 27 4
22 28 98
22 29 96
22 30 62
22 31 30
22 32 22
22 33 73
22 34 19
22 35 9
22 36 93
22 37 14
22 38 22
22 39 79
22 40 75
23 24 64
23 25 67
23 26 37
23 27 89
23 28 59
23 29 2
23 30 73
23 31 67
23 32 52
23 33 100
23 34 16
23 35 97
23 36 90
23 37 7
23 38 16
23 39 98
23 40 34
24 25 34
24 26 42
24 27 7
24 28 85
24 29 9
24 30 11
24 31 90
24 32 50
24 33 73
24 34 75
24 35 100
24 36 36
24 37 29
24 38 2
24 39 87
24 40 61
25 26 31
25 27 60
25 28 93
25 29 24
25 30 44
25 31 44
25 32 52
25 33 88
25 34 84
25 35 69
25 36 89
25 37 54
25 38 8
25 39 86
25 40 41
26 27 49
26 28 0
26 29 68
26 30 95
26 31 2
26 32 77
26 33 72
26 34 38
26 35 55
26 36 49
26 37 72
26 38 69
26 39 17
26 40 25
27 28 1
27 29 69
27 30 49
27 31 54
27 32 55
27 33 97
27 34 15
27 35 86
27 36 43
27 37 88
27 38 46
27 39 30
27 40 69
28 29 22
28 30 8
28 31 28
28 32 43
28 33 60
28 34 55
28 35 18
28 36 64
28 37 35
28 38 49
28 39 78
28 40 22
29 30 24
29 31 52
29 32 84
29 33 1
29 34 51
29 35 20
29 36 4
29 37 44
29 38 2
29 39 97
29 40 9
30 31 97
30 32 71
30 33 15
30 34 70
30 35 92
30 36 86
30 37 58
30 38 93
30 39 34
30 40 75
31 32 17
31 33 73
31 34 39
31 35 4
31 36 26
31 37 4
31 38 56
31 39 10
31 40 86
32 33 48
32 34 71
32 35 30
32 36 48
32 37 58
32 38 32
32 39 28
32 40 78
33 34 72
33 35 19
33 36 63
33 37 29
33 38 22
33 39 48
33 40 20
34 35 47
34 36 78
34 37 82
34 38 50
34 39 24
34 40 77
35 36 59
35 37 39
35 38 89
35 39 5
35 40 23
36 37 60
36 38 26
36 39 74
36 40 50
37 38 11
37 39 13
37 40 91
38 39 20
38 40 81
39 40 91
