4000
4000
3235 3546
1638 1637
3557 1290
204 3854
2654 3047
2572 1501
1204 775
1611 2824
134 3424
1870 1965
943 1224
293 1100
3487 2594
946 3049
3150 1291
1594 2452
3694 3306
2452 662
2093 1950
175 1006
1554 1329
2875 3950
1264 1336
3905 3410
2132 692
1696 3274
1838 2782
2798 246
3224 1530
2062 1000
3700 1472
660 1336
3676 75
2928 2688
2752 1403
2483 2863
468 3490
1186 454
545 2001
2076 872
1414 512
1731 3577
788 2272
3208 2437
3549 838
2886 2078
3969 1157
2086 3853
2772 301
2035 3111
3578 2119
1596 3285
3225 2973
3189 1450
2646 2515
2615 1219
1405 3220
1358 496
3418 2735
1647 3418
392 1807
1425 2332
2332 1983
2929 3179
2394 1095
223 879
2649 1400
853 782
3263 479
2633 2429
3309 1555
923 2068
1315 3232
708 2351
1338 2664
2850 3451
1636 3744
3107 2368
1066 670
1339 3330
1176 1185
1919 1185
2634 1028
3847 1155
1256 1154
3625 655
294 1042
927 938
306 2784
2297 3239
293 1230
539 3717
668 314
3723 2207
2455 3341
3307 953
2254 2215
869 2216
56 2290
613 3197
3965 3681
3253 3669
1967 2361
414 3857
3218 2511
11 1849
3305 2990
1220 251
553 3847
1476 3650
947 1917
69 365
3442 1396
2171 2025
1359 2144
3366 2573
1755 519
2309 2960
1529 3401
576 1400
1 328
254 216
264 799
763 2283
3191 1171
557 540
997 2986
2781 2650
1381 1245
1659 524
2176 2678
3350 1629
755 2857
3588 3201
1964 316
1886 2262
1658 598
3052 3131
1636 3070
1586 2363
1926 229
885 1487
2410 3639
1559 616
2675 297
1291 3771
77 3596
3478 1893
1990 349
3731 2978
3351 3407
1683 859
1631 3308
3796 2180
3088 1108
40 2089
1034 3249
319 702
3107 1704
2743 3056
2692 3057
1274 2031
3777 2017
316 2673
2075 826
2503 2911
2867 1392
698 406
853 266
1071 3085
3047 2711
409 2045
1071 564
3804 3973
170 3556
1208 197
3299 3230
90 3586
1327 2753
3650 1229
122 638
2782 1043
2936 120
2982 676
2940 2271
151 467
2182 3657
3811 3388
1973 2696
3544 971
222 814
1926 84
833 559
439 1895
938 3852
3523 2021
1201 2312
1529 3699
3842 200
3355 323
812 2821
2486 3611
551 781
880 2884
12 2090
1613 2275
1942 870
761 2499
2997 2814
1727 2713
3 1843
140 583
3584 1229
2274 288
3573 2539
3565 1141
126 1255
1397 2906
1107 181
2624 1198
1727 638
2996 164
2668 1404
397 679
1481 3712
86 2859
3415 1255
2010 2133
2002 1388
3818 1355
2749 2024
3550 1001
2556 3004
564 1892
1472 2165
2580 1677
2109 3
3460 874
2173 3536
399 2460
2474 2972
3145 3943
1312 3881
3856 2610
1141 1804
3043 2097
1251 2629
832 2381
3375 1464
484 1518
3483 1752
3441 3131
1887 414
912 194
1912 1670
1651 2068
3211 2153
3347 3097
1735 2262
1456 288
3576 2822
2301 1867
3648 19
97 2788
2411 3285
186 2374
2559 3417
2653 1300
2271 3635
904 838
104 3420
1375 3626
2235 3543
3132 1631
2592 1318
3936 1038
1878 1068
717 1210
416 2141
2009 2423
831 1040
1230 361
962 3869
605 1050
1859 665
2376 1280
7 3125
3622 1584
1736 2877
2203 997
116 1922
3255 1335
2073 1842
776 3810
3479 3406
1419 2165
2642 3207
2587 727
2190 1712
1598 2629
850 211
3013 3888
3228 622
1391 3536
1358 3359
1719 2314
2255 1359
1174 1067
2823 690
1971 2725
3835 2157
411 479
2622 28
2125 739
3981 2467
159 1263
2801 573
493 1203
1355 3246
2299 853
2021 965
3214 144
3190 2251
3345 3703
3852 3195
1561 1237
1612 650
1438 1637
1111 2342
325 1319
2781 3781
2789 2911
3185 3384
1838 1979
115 689
2506 1703
3844 1574
255 2551
3578 1672
2414 1102
1268 1635
3558 185
1874 77
3428 337
3633 1829
674 1637
1036 1508
1515 1117
2075 2360
3050 1845
2484 1582
673 2800
3010 1940
2033 2300
626 2041
2046 2671
1783 1140
2638 2707
65 1050
2309 406
2348 780
2389 1470
544 928
2542 2205
2795 2269
3777 769
2272 3660
2755 179
1365 1476
540 1277
2006 2791
1184 1588
1529 357
3936 1589
1934 2450
2662 3863
3501 2995
1762 2984
1290 3405
2768 3483
2841 739
1675 796
3767 1294
1377 3205
3673 2395
104 2865
3984 2063
1633 1322
2547 1082
2360 1731
3898 1691
3131 957
3014 1040
671 727
3226 2339
3267 26
2973 3085
2060 3699
2367 919
2040 1689
1740 3743
1616 1201
792 2079
3842 1998
539 2674
1066 789
3890 971
2743 452
315 1012
233 2421
3197 2016
2680 1273
1467 1842
2338 531
643 3293
3656 428
2614 3574
3570 2124
284 2684
2913 3363
2418 3437
1015 2071
141 1850
6 721
1754 53
1212 3955
1184 835
1443 3086
548 1604
2780 1427
3029 998
1204 487
3651 1454
3599 1542
2640 294
3455 2053
426 3991
1003 1990
2484 1461
1571 3729
2010 290
3887 2733
3268 2342
3222 1011
1319 2557
1781 812
3527 285
1459 3021
410 1518
3282 430
3243 1509
2078 194
2383 2961
2506 3418
90 438
2676 1673
3513 2026
407 3478
1501 434
1486 316
3130 1458
2524 1404
2319 1049
2877 3572
1977 1646
3976 2297
1363 3060
2924 2612
586 67
926 406
3814 1358
1899 2041
3784 3047
2060 941
1724 3767
1393 1282
2913 1844
1436 3588
3403 3219
1881 2730
3789 76
1607 2487
2427 1683
932 2254
1780 314
1591 199
184 274
1366 3572
983 1404
3721 3752
91 3440
1906 3703
2920 249
626 2706
2285 3710
3146 1901
3680 2662
1777 2621
1319 2865
724 2298
2711 2093
1601 735
3716 1898
1067 1664
40 3749
900 727
3674 2328
832 279
112 2160
3876 1111
1688 1589
1126 2343
1226 2352
492 3090
3453 3044
2010 406
3271 3679
303 783
1298 2827
597 3544
262 1683
1351 2017
112 3868
3156 3331
1284 3195
212 3449
1558 2762
509 300
2674 3076
328 905
1057 805
508 3849
3462 3127
1751 2573
2852 536
1195 1531
3269 475
2129 2792
427 688
3877 2069
1605 3283
3213 2310
1285 2321
1113 2007
3561 2279
1173 2274
3050 3818
2490 3248
489 1660
2284 3601
3586 1336
3931 997
653 3140
3081 999
938 3684
2314 1848
2793 434
1318 2919
2851 1239
2853 129
12 2699
3085 1085
3901 2619
3411 2100
2746 3379
3543 316
580 1648
2700 551
2099 2548
1510 3065
3003 486
2798 2201
654 394
3967 3486
1654 2273
1845 751
249 2913
2670 950
2715 1627
3586 2747
2891 3919
468 2037
1030 2386
2430 2929
2366 2267
715 475
2960 618
1618 3678
3564 7
1392 1065
1215 3664
1684 2127
2312 2541
2248 1683
3060 2291
1310 1544
2453 668
1120 943
824 1861
64 2874
1854 3506
1792 2278
2468 1946
3851 2590
424 1577
999 871
2026 842
32 2051
1837 2325
3433 766
1275 1361
3059 114
1186 1426
1965 1228
3660 3929
2092 2388
240 1681
440 3366
2216 1788
3485 3183
1324 1380
2765 2736
1234 460
1617 560
3289 1389
993 3214
2178 1849
3450 2075
3001 627
832 1705
301 996
831 1396
1381 915
1857 1994
228 3538
224 389
2377 3671
1789 3716
2505 784
2526 2567
446 95
2858 320
2839 32
3915 745
1394 1862
1335 1624
3821 3535
3247 2599
1300 2847
516 3977
2728 568
1051 464
2555 1794
3434 3898
934 291
2278 1139
1332 2463
222 1950
3508 3110
3021 2375
826 1750
2921 3609
2269 2637
2371 2978
2105 2209
786 2753
923 1168
2451 484
1573 1422
2230 2777
1298 763
1760 2204
1544 78
2432 2964
2906 2883
705 123
3196 2346
1066 8
1657 3455
3717 2544
3497 816
966 3289
1794 1914
3166 1856
3871 2411
3818 179
1387 864
489 174
1588 136
1114 1439
1005 35
1212 2962
1010 2245
732 4
2115 2221
561 1612
2538 3371
3965 831
191 511
2002 820
1466 1180
909 3648
3420 1219
1011 2447
46 2929
3938 1036
147 3262
2731 524
2334 993
3 2171
3520 466
2750 1380
1331 42
928 2407
3138 602
542 490
3030 2499
1850 3776
1213 1042
900 2283
3517 279
2326 1425
2797 966
3377 2041
3671 1252
1513 54
3824 2925
640 1159
1259 2038
3173 1217
1799 2733
215 2399
373 2676
484 1923
393 3898
2657 2360
3283 3992
2137 1419
3967 87
1829 1254
3697 3279
3982 3168
3728 655
1895 2412
807 3152
2448 990
2220 393
1541 1055
990 1089
3361 3287
2939 583
3005 678
2060 3856
986 2034
3184 12
636 2078
2043 3988
2261 2376
3770 3622
2973 2024
2162 3798
3552 3112
3157 3446
3481 3737
3091 537
2449 3044
3604 3350
1756 897
19 2002
962 1892
1688 1984
1267 805
1151 3653
362 2430
2165 2005
2836 524
11 1792
1966 3884
2826 199
3084 1708
468 1426
2093 1837
3657 3153
437 1490
382 3806
111 1656
1032 3070
2095 2647
117 3832
373 789
1558 1859
1031 3989
2359 908
2970 3122
1468 2752
1019 2612
3235 3512
1199 596
1543 1464
3727 1530
326 3173
1526 3513
1478 3842
2960 3412
3611 1021
135 2816
1639 219
820 2919
2780 3773
1314 1775
1930 1756
2361 1540
2643 11
2570 2454
3765 119
414 232
678 2259
3312 3946
2660 1744
2228 1497
1187 3420
2177 2204
1619 615
3235 1352
1143 527
227 3372
3225 1177
2531 1109
3736 2427
67 1750
160 3018
1369 2840
2524 3776
1071 2319
139 994
2312 3740
199 3536
1710 2513
923 2998
694 47
2339 1929
3831 341
3255 2315
1456 1451
2587 3248
2021 283
3030 1164
1858 217
1930 2773
1212 2068
1415 2696
3472 329
1585 3448
63 1485
627 3701
3763 2654
75 2544
1460 2381
3123 417
1143 56
3515 1461
2437 531
1533 2577
2146 1381
279 1344
1261 3880
1549 2637
1497 621
2266 2150
2959 2736
3862 2415
681 2748
3465 1805
875 3104
3659 1707
2692 1112
1712 2839
1670 894
3969 3359
386 1530
1440 650
598 3889
355 1115
1513 3493
2808 294
2612 35
3927 1238
3502 3316
763 844
673 2577
3118 1248
3795 686
3890 647
1052 165
837 1346
1886 2179
1311 2332
2671 619
1342 1669
589 2820
9 1037
3284 2354
44 2229
3821 1416
1048 383
2098 2704
1578 852
308 2965
1712 2902
194 2484
820 3223
2089 3065
74 1438
3228 2539
3758 2352
206 1269
3260 1427
1465 3142
2034 2527
3539 2877
1917 320
662 2309
3076 2606
2336 803
1231 995
1148 2479
1430 1897
138 2048
765 2141
446 748
2639 901
584 2509
1172 365
2834 613
3682 3950
2315 3857
396 2926
869 75
2105 2148
206 3676
359 150
588 2671
401 1268
162 3294
1870 2251
1284 75
1884 1227
2920 584
1128 2110
3606 1034
2026 372
3891 3356
2172 2926
1998 829
3120 3046
38 2595
2042 1955
1267 3125
2358 1641
3597 1665
1452 437
3406 45
451 1385
958 3331
1764 3820
2750 1748
2894 3536
201 1026
1652 1826
1752 2955
3315 798
369 3238
669 3704
3813 2840
3323 1460
3811 3444
1648 2789
2682 2883
3498 1716
1659 1716
2570 2727
1211 2174
3111 2620
1184 3569
1389 3809
1580 3397
670 2465
81 2635
1632 1877
3783 2855
2361 1323
2688 1397
2007 524
1386 592
52 3339
3710 2066
3764 2160
2450 3242
550 1013
1716 3070
3545 3765
3435 3924
168 2077
1596 861
139 2183
1918 3676
3197 1433
2714 475
955 2344
2563 1852
1126 480
2360 3466
3627 1221
2138 835
634 2420
3128 1098
3284 2892
3497 2905
543 1237
2977 3443
659 1721
3719 1548
1311 3416
3227 1089
647 3293
3772 3728
3119 1163
3852 956
1353 3470
835 2962
1519 1368
425 2256
2264 89
1953 3968
3225 2768
372 3046
3733 352
2600 3801
746 1689
3577 1408
2994 1166
1682 1912
1434 330
1514 1223
2594 2064
3420 1460
3019 501
3746 2125
997 1311
3639 3903
949 3535
3580 2333
2242 2565
2439 1650
3669 3000
369 3865
2350 2317
928 2999
382 3301
3787 3941
1418 2454
2272 235
2280 3815
1169 2036
2738 2736
795 3498
123 1935
839 490
898 2652
474 2624
1234 2355
3874 1167
99 1045
943 265
3711 465
2806 2897
3235 3726
1180 3435
1959 433
954 809
937 447
2725 3158
1190 546
3170 2065
3205 1217
626 2710
2849 2345
3040 974
361 641
1644 933
3419 1626
1252 548
401 1854
3576 2536
3351 119
1621 1460
1303 3977
2646 2658
689 3800
646 3517
627 2773
1238 2270
2084 2374
3778 1326
388 1145
885 890
973 1184
1395 2680
3683 3425
818 2249
2869 1575
3796 1469
1547 3701
1417 419
3866 1680
1147 1586
700 1416
1073 3502
1915 784
3044 976
222 1730
93 1148
2391 2636
1600 1856
1466 1399
1735 1678
373 1296
345 3027
2491 3723
3112 1321
3438 3574
1941 875
1608 78
856 605
2737 924
402 3340
83 2973
3123 1237
2513 1184
3956 3498
1368 2352
1943 3515
1120 3075
1917 1012
674 801
1270 3912
2525 1634
1327 1127
201 52
1619 2507
1955 3033
1884 1932
2687 983
2149 3962
356 3678
2444 3369
2385 1565
3986 668
2232 169
3373 603
3311 2325
395 1928
190 1925
2559 3017
3651 1335
3966 1314
3330 657
3828 3052
305 3708
3940 2963
2446 3587
1804 1747
624 2183
55 1302
1873 50
3613 533
800 3556
1971 2291
1598 2077
1763 207
1748 3949
3500 1763
2507 3296
3454 3847
2272 3187
2029 2751
2646 659
747 263
3167 1440
476 2975
3073 2353
2621 2224
1664 1902
431 1155
43 1660
606 2252
2392 2963
3999 377
1137 2165
3511 371
1970 2046
3730 2391
2718 3788
2912 2422
3871 1124
2278 3718
2030 2013
2191 3253
1273 2331
3110 1945
3562 1204
1718 3427
617 3860
1567 2807
1285 2936
3714 591
3356 2451
664 1751
2141 1951
135 3049
1888 1854
619 212
1324 290
3972 2504
975 689
1510 1466
2620 1144
3520 1531
73 1313
2829 1677
669 331
555 2936
607 2399
2525 356
1935 2904
1270 1805
1289 1712
2122 1204
1837 3085
3050 577
1898 17
2438 911
568 3002
3260 248
832 2170
3756 1160
852 1364
568 2799
176 2920
102 1696
2179 3507
3353 3406
2232 796
247 3409
510 3074
1520 455
3409 674
678 1910
1109 872
3487 3683
1896 3060
1795 1465
1764 3661
2460 1731
3900 3153
3441 343
2541 2813
454 3558
2817 7
383 3814
1089 3380
3022 1077
3161 422
2302 3301
3021 881
1118 2352
3669 808
3034 2907
2516 1940
310 1106
3675 2919
3784 829
3878 1822
2481 1725
2989 1585
729 3986
2213 637
941 3458
3854 1170
1430 1112
2055 2688
3240 2109
317 3976
2472 2264
101 2377
3253 605
2423 136
3296 636
2184 943
973 2256
2050 171
632 2933
824 279
160 321
969 3524
2631 3654
1718 2050
563 2759
804 1110
1969 2334
1885 701
2861 2199
1763 1166
866 2961
12 3255
1244 3062
288 2331
2424 804
3239 1613
2383 2285
1067 2574
1937 1973
458 1744
2337 2992
3443 1648
2836 3201
3979 3848
619 1046
2395 3501
819 91
191 1000
84 2989
181 3790
1951 3202
2162 3060
3441 1480
2211 3190
912 1570
1184 560
2489 2344
986 2213
511 2389
1748 1696
1033 699
2419 1789
618 1361
3265 1672
1460 1400
106 835
2573 1825
978 1500
3864 710
2240 829
1874 1355
1108 748
1072 1154
2010 216
2495 1511
1023 2072
1999 327
1016 2462
3539 3976
3676 1082
3611 2075
296 3008
588 951
1724 1887
3797 296
2612 959
3451 3226
1414 2182
970 31
3599 2455
3380 931
3380 154
1 3975
1180 2498
3042 1728
3517 2281
3697 2214
3221 2910
2472 3892
44 675
244 2455
1757 2158
3445 2975
106 3804
119 623
2044 894
3743 2903
124 1274
2421 2356
1633 2407
3108 3213
3434 931
3962 3851
730 1837
2375 1760
1474 2191
2463 1814
3976 863
276 654
383 1224
3845 196
3822 3675
3517 141
2816 730
3857 2837
3250 2117
3832 3385
548 673
2214 1425
2581 807
578 3246
2400 3348
218 3551
794 3462
301 1383
982 1909
3061 3797
148 1295
1767 3721
2965 1425
2949 675
2501 653
3527 220
1388 1116
2790 2974
3359 584
2134 3696
533 911
1083 1012
2465 164
3628 3611
2764 3855
2187 3246
3297 3103
3358 3441
2210 2444
1920 3300
567 319
2406 2779
3976 1265
1900 2671
1753 2637
2679 3800
1738 566
3199 3641
1812 2789
2987 2961
2670 10
2988 2107
1825 2350
3539 3603
2237 807
2286 374
1650 395
2332 2707
2890 396
3241 2986
862 1670
2184 3704
2470 970
2638 1279
373 1214
675 645
2701 3011
2767 3360
3594 3832
3159 1789
2487 471
1312 1175
1685 1746
3435 3012
3021 3913
120 1341
2672 1690
1436 2653
3569 3175
380 1944
241 3622
3690 3620
940 2918
1129 3926
3711 270
2678 1953
1136 1407
3915 223
1876 3950
3907 1263
364 182
2162 1008
1648 1039
2716 674
770 381
3916 3889
2743 10
585 2122
546 3337
1032 1274
2897 850
2783 3862
3640 2565
2758 3039
1517 2260
3716 3207
3900 2274
3990 3637
1560 255
569 2637
3559 3169
2507 584
3658 441
3393 3689
2426 1526
1562 2039
216 899
3581 2792
467 3614
3807 1586
550 1875
3582 2227
305 515
1253 1678
2228 3493
1509 2592
2119 494
3493 2075
2263 3358
1776 3896
2264 958
1516 2815
3708 3424
2205 640
499 3782
3703 137
3714 3508
2940 3607
2007 2593
3596 1331
1930 3772
811 1931
964 1320
897 2139
416 2880
3533 1988
410 1761
3539 865
1174 2426
1084 1764
2125 3
813 1095
3887 2838
830 2882
177 59
1565 1821
3735 2665
1052 2903
1141 2196
3399 655
560 1394
1015 895
3790 3864
3440 2793
3816 3005
3493 3397
568 631
3200 2675
3290 3240
2576 2022
3870 2161
1007 2142
2210 775
2887 3438
3284 102
2281 1462
3704 1832
2095 460
3660 3703
3019 3200
998 605
3288 2101
1915 3254
1365 111
1685 1417
3805 3971
192 1232
754 1180
302 3765
1617 2747
1169 184
2607 416
908 473
2272 3669
115 2489
18 1140
2396 24
1374 1854
1379 3942
272 1907
1734 1270
2132 402
366 2101
1602 2568
1717 1828
257 866
2755 2027
2218 691
1870 3816
3802 2646
955 960
2690 952
776 3124
1254 3236
3038 2070
3974 3331
2682 1259
2428 838
792 3160
2088 2849
2354 1871
2397 1144
2118 2053
1285 285
2342 2970
74 2451
1260 1269
2393 2760
1002 630
2777 1091
2726 3692
942 1404
1731 3564
3443 519
599 3861
3827 1173
3175 161
1805 882
1929 2243
1503 268
1310 1634
1884 1588
2453 3925
2686 1274
3578 3935
1826 332
1670 2760
1955 1430
1025 351
1898 2194
2183 3072
3932 3467
218 3153
2315 3372
1422 3081
1996 3677
2436 3832
363 2703
833 2803
2228 2941
1928 2979
3330 1053
1843 613
1180 1533
3997 3081
1428 1493
691 2866
3508 672
509 1268
1196 2696
3489 2966
3962 947
2920 1418
2030 1990
2251 3584
3789 2822
756 1222
41 3443
347 0
3285 331
2573 1648
231 479
1700 3513
1089 17
1423 354
2095 2614
3934 705
1307 3681
973 2653
2702 3159
1609 3050
1351 63
3519 125
2653 3616
2980 2835
2989 1551
324 669
370 297
3650 1267
1152 3250
1212 1276
1240 3495
607 617
568 1570
2294 519
2900 2287
1163 954
2152 1372
3145 2874
2132 3707
3979 1913
680 1068
293 900
3842 191
2616 1483
3533 494
765 1749
623 1560
948 1913
906 1178
1716 2434
2457 3216
2302 1915
3245 2659
1381 272
3991 879
896 2900
3797 573
347 2974
2218 3855
353 536
1105 1922
2298 1707
935 3186
2549 1520
916 761
230 2886
931 1732
1765 2257
2954 315
1182 562
2963 2490
3194 2329
856 1771
3240 2050
1005 3902
1127 1887
1511 1068
3150 1190
1537 2508
710 1919
3973 1068
1649 3996
3252 3587
3207 2139
453 2059
3794 3539
2252 1449
1689 2733
2304 3886
2414 2482
3877 3100
2924 910
1601 1557
1811 3641
2519 3461
1690 2861
1996 1226
3377 2040
1593 2243
376 2018
2292 2325
1612 1363
239 2475
3106 1102
3692 1094
953 268
2851 3946
3584 148
2849 450
3654 3741
3901 1488
1794 1052
1647 454
1005 156
1514 3028
2041 1602
472 282
1733 1477
600 3192
1473 3397
1878 2931
2751 1529
1126 1758
1484 3795
1903 1284
499 2492
1830 3607
1400 3940
2180 3494
1642 963
1477 785
2435 1694
3924 1782
105 320
3999 375
447 2692
1670 2108
3067 3784
846 1181
1879 1971
2999 1341
780 2299
2400 1351
3164 1263
2659 1
2752 1394
399 177
1053 3887
1881 2743
3220 191
1607 3150
2686 342
2788 2283
3553 492
1354 465
3514 3136
3968 152
2493 2197
3107 1846
3323 716
145 268
1931 537
871 2766
2645 664
3254 3849
647 1610
3577 1248
3296 2849
2672 1193
2524 724
1678 3321
3868 1314
1047 1262
293 247
3421 3153
3998 1956
3760 1322
2309 3696
1791 3327
1377 2662
2723 2641
1156 2167
166 3095
3105 1230
903 3191
2742 2154
3900 2488
3242 1181
2771 294
2511 3475
3673 2988
1657 242
2860 2254
177 441
3616 3142
2397 3836
2469 888
2278 2623
2250 2881
1518 3909
2438 2221
2754 1614
1278 2973
2095 1454
867 1711
2440 3062
310 1358
1131 3320
2476 3740
1329 2450
2100 1348
2742 916
186 3128
2625 2737
208 3806
3726 226
84 3779
1276 1374
2544 807
3131 1179
2835 3122
3779 3303
1450 1622
1427 3447
1469 58
2146 3775
2924 468
1714 1248
2208 675
1179 2774
3493 3786
3421 2211
865 1215
262 1990
1174 3497
502 1889
1880 1426
3565 3430
1023 3368
1671 2974
3075 1215
1466 2835
1540 2771
1522 1911
1634 685
3311 294
2209 1352
148 1285
3105 3207
1916 2428
3904 1279
1690 2512
1391 1956
181 3132
2067 1764
1504 3811
1642 3375
265 2315
922 2194
3732 3769
3148 549
1545 3757
503 2318
494 1356
775 769
3970 1663
2783 1765
1450 1322
3330 211
3560 1932
3174 1974
2020 1509
1981 1618
3903 3892
2861 3904
3739 3733
2604 1082
1193 2051
1327 2087
737 774
2094 2017
3990 2049
1931 3310
450 3171
3210 469
3603 2109
226 2443
2058 512
3990 2798
3266 1495
107 2141
3912 3077
134 1291
2529 79
3568 3549
1086 758
3457 3127
2342 2756
3900 392
1308 1288
2709 1749
2210 670
638 276
1929 2664
192 1659
2649 1197
1576 3306
2124 1003
817 2686
409 954
724 3366
1760 709
1239 675
1984 1783
2780 1354
2686 3361
1756 276
3929 173
102 3295
660 3831
1078 1860
1613 1762
421 2491
2831 2367
2352 2213
3017 412
3346 816
1946 947
3889 3504
401 1641
570 3757
58 2479
3630 3619
3877 3618
3265 1146
2809 207
582 2024
556 1612
1573 1158
3187 1899
3459 2833
2703 2240
2183 2515
3670 3652
3717 3152
2311 2861
2303 2164
685 451
3772 1955
53 640
3036 1999
1690 500
131 3689
2698 2633
2811 2763
235 2395
2766 2045
788 445
2597 1705
2454 2710
2279 792
1151 1014
2615 380
1335 1983
2571 1890
1699 1514
3746 3383
1206 637
3122 2338
753 2641
2944 2942
1325 1092
2351 1176
2634 1391
3794 2443
3136 3282
3678 1404
479 2184
557 1764
3693 2264
3086 1867
1975 1675
112 1473
223 981
1958 1106
2370 965
3975 1087
2662 157
1217 2432
301 2517
3552 1172
3366 1829
2095 360
3511 1534
848 688
935 1029
2836 2568
2427 1421
3064 1297
3105 837
2971 760
148 521
2816 171
101 464
1792 1936
1327 2880
2829 1491
831 3852
442 3271
1227 2885
3958 1066
3988 3147
783 456
3887 2810
3329 895
3697 3934
24 3810
255 3151
260 1513
3834 386
3730 3419
1744 1874
1269 2299
1488 3769
1283 3674
539 2166
2875 496
2681 2182
3105 3378
1459 3647
1781 376
900 3568
3689 1330
1958 2044
331 3069
3810 2813
1208 3704
2927 3633
1477 922
3496 1314
532 2549
2115 945
793 2731
1402 3083
2133 3335
3041 3917
3946 2239
3491 3983
2843 3990
2740 3718
1276 3119
1992 2497
329 1311
437 58
1170 3210
619 3855
238 2915
1978 1563
2467 1797
3516 1128
2984 1370
1349 1915
1544 594
2503 2571
730 3224
2314 2640
3248 751
2150 546
1126 749
988 3939
153 2746
2479 1165
926 3834
3696 3986
3329 2271
3900 2435
355 388
3717 420
2994 940
1010 1873
2291 1443
985 634
3675 1301
75 1560
3273 2246
1444 2116
3044 1028
2540 1348
3211 1376
3925 10
2711 3557
3131 2905
2316 3437
1195 3547
1398 586
3677 1541
1801 3744
246 3290
334 212
1571 2100
1500 2828
2582 376
1375 3691
2755 767
201 3364
522 1855
1353 983
1196 2014
1759 2747
3195 2316
928 3867
1687 3952
1393 2688
729 2798
871 3064
2313 2685
659 1934
3371 2616
690 250
1807 2934
2504 2593
542 2983
3390 3261
3990 246
2022 1855
1389 428
1762 1916
83 3341
3925 1
3878 3228
1575 2968
1815 1652
2250 2270
1869 3757
876 2856
1815 2504
2625 1931
237 2214
1311 2524
2107 821
1463 1932
3908 3915
3439 2093
452 1040
2292 1318
195 2148
1740 1325
1378 2017
2491 2468
987 31
2001 1418
173 2630
1966 1288
3688 1577
1620 782
3626 2099
3776 1441
322 3465
3945 1987
137 3255
1480 1142
1642 1383
160 650
912 3067
1172 2375
1672 1271
1502 761
1428 3224
1308 2654
491 2682
2836 2552
2677 3683
397 3486
2927 2242
1794 3942
2123 2890
3474 1976
2656 312
2057 516
3032 2109
23 1108
987 3852
2905 1529
1923 2919
1933 3909
22 1345
3928 2622
217 3176
75 510
1603 1748
2458 615
3313 2637
3526 1796
3785 1033
1997 2621
3641 2649
1730 3142
2175 3513
1763 3768
2353 2850
3805 3624
1798 2077
141 2218
993 2659
1625 180
1762 2937
2881 3908
955 2805
3623 2358
3847 1336
343 1844
3043 489
1263 1608
269 2168
3514 215
2730 1406
3997 301
2856 311
628 1592
3487 17
2630 1231
403 527
1869 2841
3153 2151
2501 1367
3649 1523
1588 728
2816 3893
1883 481
2656 1147
353 3482
3513 871
637 3740
2469 566
3997 435
1068 2237
2881 2345
3648 1103
1834 1041
1688 2230
1917 3801
147 2148
3686 2156
1203 3664
113 90
374 3927
155 881
2452 1318
235 1567
1472 2451
2567 730
1007 1836
2639 7
2162 3564
401 2617
2249 877
2225 3284
3218 330
1965 2827
1459 382
1692 1733
1704 3740
2898 2368
1740 1756
3161 531
2395 1212
1563 3201
1319 3167
1424 2567
905 451
3687 2991
3157 1984
3748 2093
2494 2632
3265 261
1333 443
3180 2054
2126 3222
3173 1747
3259 2412
3243 3109
2469 622
3806 1323
1501 1608
2571 700
669 1574
1352 862
1546 3196
1514 3209
2167 1948
1515 2732
917 3599
2739 1579
2920 3383
3671 723
1529 1196
858 2571
1994 3165
1573 3618
2799 523
3489 3447
3441 2867
3605 3185
1596 2865
3525 3648
2457 1451
3730 2027
1765 2809
2987 2092
926 3819
967 759
2360 1723
698 2065
3871 403
3915 1111
2423 1692
513 1589
3460 3441
1415 2802
2304 2276
3148 1105
488 3773
902 1836
3280 2705
2847 1044
495 2128
3180 1539
2446 3142
2177 2411
268 398
3950 1309
3816 3421
831 3564
1504 2305
3550 755
3175 665
2161 2402
319 2708
3064 944
708 2664
719 3600
3703 962
1171 1663
3718 2566
1116 3801
2871 3174
3110 880
2591 3101
3071 865
19 1560
3881 3954
927 1434
1734 207
1186 1452
2455 854
1631 3280
3826 2659
3584 103
827 3796
2683 460
2502 2557
1404 1546
896 3278
447 376
411 2097
2809 1240
3234 244
626 914
3037 2913
2157 602
434 972
2931 1100
112 3021
2464 1370
3319 3505
2180 3965
3677 1130
2711 133
3424 1828
67 2860
2615 690
562 3919
369 549
2530 3579
1622 3999
2631 3520
2767 1808
993 3631
1732 770
1177 1771
149 3862
1740 2842
2376 2553
2032 2970
1234 2131
3447 2676
3252 3494
63 1666
3442 2296
1661 449
3328 2991
2636 1568
2499 2231
612 790
3510 3096
239 3483
3114 3934
1176 3508
3516 3100
3332 1359
1646 3665
532 3912
2542 2393
3012 3442
919 2992
2283 3497
259 2375
1900 3039
3067 3672
2294 2729
3487 2055
1429 3940
469 3625
1849 244
3206 3005
2874 3231
2849 3253
2279 3571
3969 3226
3126 1333
2178 1324
1874 1509
1493 2422
3104 3762
1982 2628
749 3472
3903 2149
819 2822
2341 343
747 296
1750 133
3040 779
3662 1236
299 3975
578 3009
2626 2712
2343 2832
3716 3958
3442 1018
2910 1051
3311 787
3038 2620
3836 1846
1999 2020
390 795
1594 3139
2202 3689
1658 2396
3316 2146
885 2387
1278 3598
712 1305
1562 1585
1955 1367
190 2286
1426 3149
2252 1763
3746 2529
3069 1345
3838 189
3933 434
1782 2399
1055 434
3592 2603
465 2911
3186 2044
263 1673
974 811
2345 2582
129 273
3337 3205
2349 1929
2229 2541
3313 941
268 3337
3610 3438
3125 622
1742 2158
710 3727
247 2512
3620 1092
59 2560
938 1017
1287 248
358 2404
2195 3849
3596 3775
316 3266
2994 1533
3042 1518
2367 1456
2088 3087
880 481
3602 1810
3069 3237
3431 3641
586 3444
2843 420
3660 162
1629 721
2009 578
254 3813
1261 3040
1484 3577
1564 2513
2552 1726
1353 2823
3725 2206
3070 2484
761 3922
1707 752
3312 1345
2751 3940
40 934
224 1313
814 1635
916 1480
856 606
326 1020
1744 1201
2057 2919
3895 3951
2881 924
2037 1964
175 2723
1381 2609
2986 2008
413 240
3739 2092
3073 1195
213 2700
404 1244
3813 1806
723 1268
3709 2627
687 467
1196 1877
1035 2763
3445 1049
1191 2656
1494 3405
668 2171
696 2267
1045 2705
2063 3458
2132 3597
867 1002
553 2626
3103 558
1388 296
515 3763
3563 1265
1828 2281
3468 2803
1007 1269
260 187
2085 1409
3547 3801
1612 2969
2268 1851
3999 1973
808 2738
2014 3137
2683 3251
915 2330
1306 828
3652 1484
3153 2755
1567 3470
381 2412
1265 595
1468 480
2322 1453
851 525
2320 99
1141 1536
1268 474
1118 397
2600 1558
832 3366
2008 2469
360 3873
2532 1026
2219 2577
1365 1525
2853 2779
1848 2795
2975 66
3519 24
3873 3046
3679 133
1192 1797
584 2565
3946 3358
2739 3043
3947 663
225 2303
494 772
2424 2564
3928 3562
1225 1241
2028 100
3881 3336
3663 3911
2049 2412
2271 1148
3764 2438
3863 2101
168 340
2377 1475
2240 2751
2837 3903
2929 3195
2372 2226
1014 588
1337 484
2692 2048
565 512
3681 1978
857 2039
919 1275
1106 1057
3842 1262
706 1546
3726 2512
2040 581
3473 2898
768 955
3987 3048
940 2273
1142 2423
1915 2734
677 3100
691 3343
1830 2103
261 2774
3007 2350
1908 2599
2906 1368
1183 1622
2774 2634
1789 3783
280 2444
3481 3804
2839 2242
3436 1296
1426 2182
3836 1451
3628 1416
2446 3221
1569 340
3227 1721
2109 3762
808 3483
827 1594
2237 2126
654 2627
1968 896
3903 843
2823 3732
677 3222
762 105
464 1084
3005 1239
926 3896
1609 1715
1231 3316
1458 1006
1191 3605
1696 3292
1222 2597
3529 181
3196 2070
2288 1748
3013 2957
3874 2762
1787 2189
397 2415
3212 1665
1563 1769
2303 2778
3758 3225
1657 3026
2464 2482
1064 1179
2931 598
937 2745
2035 3076
1288 2553
3626 2956
1552 889
1952 2660
879 3371
1541 2018
1434 1316
934 3623
1585 1338
2168 387
258 922
1818 2740
1801 2758
502 2914
1175 870
3689 2690
2197 2622
1249 1589
3464 333
3666 1610
1616 475
1482 3733
2143 2433
2083 2924
2214 2984
751 2884
2194 305
1912 1578
661 2748
1555 578
1736 1739
850 676
2841 307
2708 2345
1559 1761
2198 2591
3587 463
1392 749
2076 3964
626 90
1745 3019
1833 1704
647 3659
46 1285
3794 2291
2798 367
1132 2011
588 66
1104 310
2446 2199
138 2806
3861 3905
693 1617
1988 579
2468 969
2999 3900
988 1501
2224 2580
2178 234
2521 2436
2580 2369
1741 3849
3759 3364
459 2785
1120 1224
2794 1569
2843 1750
645 2545
364 395
3760 345
3830 2957
1415 2315
2767 2417
144 2556
148 2313
2691 524
2110 3226
3320 316
367 189
565 1820
2495 876
3565 110
3311 2482
861 3860
1809 3048
308 1560
3278 3440
2296 876
637 678
2660 2634
3910 1259
3701 903
3419 1045
1766 3953
3380 2879
340 3288
110 381
1841 1532
1195 1889
2503 1019
1004 3745
134 3313
1843 298
791 3668
2377 3188
1645 2060
3116 382
3589 836
1201 444
1604 2514
212 2937
985 2014
532 2601
1865 1621
2182 3491
1587 3086
1387 1976
558 2922
1375 1891
3503 1597
2460 3722
2689 2741
3999 3686
2521 3365
2800 213
3534 1591
2000 1772
2853 3494
3595 1070
1034 1278
2709 2368
2938 3273
1602 567
809 3606
3198 1252
397 1205
2609 3209
3313 188
3370 2136
699 3738
2429 1078
1586 1268
1496 3878
1727 2517
2446 1068
2690 3839
1240 1963
2394 1679
998 2664
2652 2120
1208 3291
635 3518
1693 2629
23 2039
2657 3467
506 984
3349 3497
1122 2841
3658 2778
3751 539
1981 2929
3745 2337
1910 3290
3959 1378
838 377
1220 3208
797 484
2669 2777
3753 3909
2913 1973
3860 2528
3199 1177
1432 1441
2747 514
2503 142
230 2664
3613 2127
2388 3341
3069 3468
2114 2085
1732 324
286 2685
2646 1108
1665 1346
423 251
3852 2481
3995 601
294 1192
3300 1493
3577 3205
643 2261
3872 2059
1133 3243
3348 1333
1105 272
3833 3834
2901 1743
764 1267
730 270
3590 2444
1949 2535
1192 1704
1112 3097
2652 1180
1828 680
357 2230
2760 901
1707 2312
3075 1752
2781 319
3863 3913
1046 3777
1089 1615
2393 3235
1001 2217
2575 3201
1568 482
2692 1595
3619 103
1228 1912
729 3340
620 3441
3383 773
2485 1646
3473 2319
1818 2464
3430 3882
445 1465
3429 1862
2789 3743
1896 3976
2051 1266
995 289
2669 3175
285 1097
1643 186
3426 1771
1020 2098
3151 1226
3310 3953
279 3163
215 2725
3628 1955
200 3308
2832 3874
3491 3761
2769 322
2738 2817
728 806
1706 2941
694 3879
531 3231
3555 267
3131 3515
1186 1735
1306 567
2642 1838
1805 2590
1050 2733
1510 3999
1392 3222
1209 751
2156 3997
3536 2197
1399 3069
1025 2349
1782 2235
2082 3967
966 1176
3353 32
1785 2440
3065 1837
1781 2367
328 3214
2511 560
2663 216
1348 2598
698 53
2236 2466
3007 2647
630 3038
3019 3613
3024 3299
960 1040
434 1002
410 1751
2032 3421
3276 2776
3869 1592
3919 3096
1797 3070
3938 2660
2080 3204
3761 2465
826 3459
2233 979
2679 2541
3647 1261
2057 3518
2439 736
2957 102
3557 2046
1086 3160
1305 3410
3573 469
1701 777
404 661
35 2678
2238 3861
3644 1809
3127 3584
2043 907
165 1282
3487 2701
1561 1058
137 2024
2337 518
2366 2801
2411 2424
3517 1733
2889 226
3930 3637
2739 3254
3451 3257
1991 3868
3247 493
2177 3233
3035 2549
1829 2023
2929 288
2409 2835
3242 2383
1420 3297
1465 3444
2135 3086
1533 2898
3676 789
629 2088
3259 1433
2687 202
409 2936
2593 1931
582 75
148 2942
2587 832
990 889
802 2624
1330 2945
1494 3588
485 3576
126 892
3639 1374
2257 2811
3697 555
3301 2875
3151 1987
82 1903
977 2835
3701 1455
378 220
1909 2495
2640 1649
1663 504
3162 1986
3274 2605
1010 793
2294 1066
3213 484
2254 1607
2859 376
735 1477
2518 2396
81 1000
2476 3298
3426 1113
692 1489
2919 2564
3955 1709
2130 1313
1419 1005
1258 1623
1033 1092
1928 629
3999 3088
1860 272
879 1541
2988 1933
2399 217
3783 3631
3473 3940
2366 1325
2971 1247
3565 2953
3960 937
2357 1878
2566 3311
2459 1545
1499 2034
3322 3193
1752 3878
167 2506
1381 803
3368 745
2997 3817
2150 3155
3404 2488
1282 958
1717 1141
2489 2
1324 3341
1606 3139
1869 2933
1672 460
179 3941
2155 1415
1815 179
3553 3039
3525 774
3622 3517
2926 1960
1718 301
1277 2751
387 1187
1430 3090
3249 3088
1104 2456
522 2586
3130 2061
3021 260
1430 2018
1624 689
2809 25
106 3831
1647 2358
804 420
2322 549
1334 1602
2138 2165
3657 1128
129 556
2065 1116
2936 2484
747 1841
1927 546
3051 1602
1608 3079
3679 347
1827 2536
2073 1113
1211 1618
601 99
686 3776
989 1212
2959 456
3980 1839
3748 653
3327 453
3061 3247
2925 1864
1147 10
3070 1585
1640 1081
1652 2932
2665 1824
70 328
697 3335
255 2648
652 3451
523 2767
1189 1687
3088 327
2037 3770
1404 2161
154 1543
2712 251
3693 1121
932 1151
2720 122
2183 3924
2238 3455
1305 1997
2304 3294
1976 3293
199 1447
3002 3705
3275 2985
978 2661
3959 3423
52 3964
3767 2816
3303 1481
3695 1897
634 3243
609 803
1476 407
1744 1863
3114 1210
783 865
1615 2216
1911 1663
2472 1633
2711 1778
1322 849
3374 2642
1437 2608
349 1711
2904 602
1531 3262
1107 2928
2321 760
2115 2010
247 2143
2424 3879
3856 366
669 2762
1605 552
1326 591
1004 1154
614 2873
3725 2032
2136 3694
1255 384
510 766
1292 3517
2071 3520
2760 1458
672 3584
1733 1358
1229 2437
2033 2081
1087 1504
1350 1969
904 2766
2464 2008
558 2511
968 390
1364 820
3270 3594
659 1383
1926 2109
2596 3570
167 1143
2214 2454
2792 3899
3027 2204
3120 2561
755 302
1090 677
2127 1633
2609 1351
1370 1810
814 1131
1275 1334
1953 1133
2160 145
3448 1088
3320 1957
48 1685
3553 2487
225 670
1789 1357
2445 2345
1323 82
2940 422
2867 1958
1244 3420
675 298
2304 2560
3848 1249
1273 3886
1044 2289
2436 539
1461 2240
1590 2976
2848 653
2611 1896
1467 1255
1111 1216
2791 237
766 2568
2963 2552
2479 240
1621 1636
1461 3051
2344 844
1659 1501
3806 665
2000 343
2318 2643
2606 3614
3137 1620
3488 967
566 85
2619 1328
1952 2922
1810 3400
1377 3762
2409 2284
1665 2960
1642 2936
2335 647
519 2229
530 1923
3650 147
3745 2973
2066 3456
2864 1547
1968 3495
2119 1587
1697 973
606 1585
1025 3759
3961 1637
3478 3093
897 2405
3663 1373
149 30
2378 683
3344 3384
106 1592
2759 3345
1075 3321
1665 908
302 3932
2195 1517
859 2307
2698 784
2629 1781
2860 257
3607 3023
1083 2316
3095 1676
1243 2373
2965 3711
2099 1186
975 3040
3605 390
3116 635
1614 2475
3647 2325
1754 2088
245 2919
2106 3023
1895 2363
3901 1933
3722 602
3077 1716
34 757
3253 1016
3637 2681
3163 543
513 2294
1374 3248
3350 1967
1007 1325
42 2122
12 3063
2132 607
1445 2221
110 1585
1940 3904
390 3586
247 2761
817 2531
3564 2288
673 1207
2339 1489
3057 1206
965 1000
779 151
429 1820
3324 1097
3381 3806
1673 1500
3631 797
373 3023
3013 535
841 1145
3302 3766
3124 3821
2073 1403
2629 465
204 3190
638 48
999 3248
2757 778
1489 2328
1671 2969
2661 3126
1257 2852
156 2215
3310 3260
1439 2699
753 1077
2092 3517
1964 3679
2552 3104
1576 3139
1364 3674
2535 1055
2965 2700
2765 2504
2277 654
2985 2384
160 1372
596 528
559 3241
1991 1294
2163 2898
1000 1242
3798 3420
2688 1089
2320 1090
2148 2306
2615 222
3900 1262
1394 3697
517 889
583 2393
634 1785
3664 851
2474 145
2382 2605
2319 3124
264 559
23 180
2837 2271
365 1817
1569 2686
2683 407
1436 2417
2080 920
168 2308
2795 1978
1097 1969
1477 2735
295 835
1720 3354
3339 3072
2003 2199
3010 293
2204 474
1032 1517
2892 743
2148 1418
1088 796
2720 1366
3691 2705
3732 3149
2271 651
1018 683
1010 2773
3975 2411
3289 2382
2988 3685
1539 1459
1718 2429
3496 2394
3411 3636
2551 53
222 3599
2748 2527
2543 1127
3509 463
783 2442
2474 513
2974 3249
525 16
1347 3272
3437 309
1807 270
524 1938
2850 1995
2044 2729
1664 1132
239 793
3067 3812
860 3672
433 2024
1668 857
563 3814
3092 1829
1852 1574
1140 3659
3157 610
2275 844
2503 2914
1926 2486
1674 1822
2797 3988
2093 279
3720 3721
2371 3041
891 3813
1335 1989
3487 328
3472 2496
1571 687
945 192
2221 3954
3107 2421
1431 3247
3464 434
2859 85
884 3146
3227 3607
104 1663
325 2380
1290 3549
2127 493
1817 3200
1223 187
3489 3811
3362 623
557 2026
2547 142
1622 3751
1769 3926
3407 413
1832 628
1441 1982
2455 3239
3659 1377
2279 827
3516 402
853 3517
133 101
3111 195
758 3041
1013 3318
3284 1968
3190 230
3858 3004
2266 1323
3582 3165
1978 851
2234 3858
1530 2707
976 3073
2628 480
809 163
2549 2739
1312 2854
1764 2286
652 1448
2676 2879
46 2799
3463 3293
2580 3645
1006 986
3193 509
3052 2885
2537 77
2043 706
2948 1218
3849 3831
3960 692
2053 3261
3013 910
1321 3774
2687 3988
1561 25
1623 791
1393 2731
2022 773
1866 1690
44 2729
2480 1532
763 3024
3451 2535
1064 2723
3055 471
6 836
3907 2710
3250 6
3859 410
943 2420
3106 3299
1652 826
3410 777
3031 2151
2298 3020
1282 3135
474 2749
67 1677
2690 2177
2541 3506
50 2742
1128 1509
3690 551
3839 2422
627 2679
51 1870
3854 1487
586 2775
3676 1880
936 99
3567 3572
835 530
1484 3688
253 1135
2742 3765
3275 1650
883 637
1044 47
454 1685
3855 2391
2975 3270
524 496
2456 2438
1117 382
1296 3316
1878 1756
3406 1905
587 224
332 956
911 621
3413 1449
1430 2658
913 633
3439 1896
274 22
3138 189
1105 2877
2169 3868
3207 669
100 3979
3039 3485
1885 1721
3464 1923
1626 2027
1928 3126
1755 1466
3136 194
1667 2723
344 1610
1948 248
3990 2214
38 3264
2916 3690
3454 1522
3169 3068
2293 707
2990 965
1481 765
1789 3513
2533 1121
1577 2336
464 258
878 543
3403 1539
2788 3502
1591 3450
3276 2458
1623 3259
3555 1404
1028 3068
126 3053
3251 785
687 1190
460 2465
3015 1986
2746 3306
2237 838
715 591
2404 1190
2534 2404
1308 3038
3091 730
2409 1152
1995 1288
3082 2200
2173 2876
2649 428
3873 264
2923 1489
3790 3328
1522 1659
3485 1915
870 1038
945 2335
3702 3081
313 686
2790 752
2148 3607
3755 393
1440 540
2734 2598
1269 3286
118 1274
360 2491
877 945
3862 2371
84 3768
2773 1168
1808 2171
3196 3546
838 2263
465 678
975 3890
2450 2295
2231 3494
2673 2765
997 2025
2321 2396
641 232
2798 3051
3564 1732
3854 3995
1263 1834
2187 2905
277 3010
3862 1551
616 1351
2415 624
2517 3545
2776 336
199 3047
1055 1058
583 2599
2422 3966
3076 1006
2668 963
2563 1718
3214 2970
3003 1037
1177 1329
2772 95
2813 1329
3718 2378
138 3597
1683 3073
3724 3730
3276 3186
2306 3482
2982 1259
3065 1683
1068 2041
1483 1874
2881 2726
605 164
2084 3130
2930 3457
1126 1645
1056 1181
2972 1397
1273 1844
3056 3836
910 3874
3290 1735
3863 2234
3956 2317
121 1688
1255 3916
2042 2716
3868 1583
514 3835
1539 3943
58 2270
394 3649
397 1684
3697 2127
1687 611
3277 2176
3672 3675
2586 3196
1085 3680
2007 1647
2267 1666
1781 2653
1329 2450
3832 2058
2353 3902
104 3624
509 389
1543 849
1305 2448
2088 1249
121 3774
1966 3029
3367 116
3173 1572
35 1246
775 308
3225 3962
3351 2232
2224 755
2439 647
1500 3151
439 616
3258 48
1508 3347
3696 2125
1828 1340
2835 3050
1603 694
3686 1056
2389 3246
1083 2182
2098 3396
3513 1880
1225 2207
1763 1208
2616 2143
2256 3039
1653 214
1594 3742
3098 2602
577 525
1819 1348
730 311
3204 2039
2811 3337
2351 3833
856 1516
3460 500
3525 782
1473 1519
2052 2073
3298 1411
2069 920
3801 368
2737 3987
310 534
160 3843
1073 461
3398 372
411 2581
3416 1335
750 1247
930 1892
2425 3326
3031 1698
2450 2442
297 3793
2589 369
486 3672
3346 2554
2130 273
2731 1107
3718 2269
1843 1495
3024 112
1403 3788
93 3339
2208 2808
3432 2909
3677 2279
838 161
3359 1468
382 3027
1158 1166
1322 2229
3791 3007
1905 2488
993 1227
1770 3766
3403 1300
1560 101
1724 401
787 2347
2393 969
3125 1074
2795 992
3713 3423
493 1363
3614 399
944 708
3520 2381
1148 510
3886 3552
472 3581
371 3135
1520 2104
2537 390
934 70
2919 1644
1288 1025
3506 3411
3697 2776
1319 58
651 2860
1861 3197
3226 727
172 2434
3763 253
1451 3860
2179 2542
2367 1644
3556 3570
2244 2997
1713 3302
1879 763
1611 2653
3585 3820
1152 2179
1875 2590
2877 900
241 2780
3358 3371
1333 995
3003 841
2789 3083
3675 3953
663 2666
265 3463
466 2999
2401 3119
904 3064
2172 1334
397 1655
3883 707
1763 136
1521 3503
3136 374
2098 1328
741 1526
994 1573
1170 49
1254 693
287 702
328 3751
2399 2355
873 3738
3558 2475
1110 1627
2077 815
2321 1761
1521 2357
