40
1600
32 14
35 31
1 3
15 22
2 29
12 34
6 11
27 38
37 36
32 27
36 12
21 15
6 17
23 37
16 34
25 32
2 26
5 24
13 17
1 4
31 29
14 10
11 33
6 13
14 3
5 24
33 34
11 4
9 8
17 11
23 5
38 20
27 10
35 23
2 24
24 5
38 21
14 22
29 39
30 12
13 32
4 37
20 6
25 18
33 13
34 30
34 4
3 37
1 12
29 20
19 35
0 29
13 23
22 36
27 15
19 37
29 39
21 22
22 2
4 36
11 1
0 22
12 20
8 20
38 28
31 38
11 31
26 7
34 4
20 22
27 11
27 1
20 12
18 20
38 27
20 28
27 32
6 35
23 34
35 22
35 12
19 30
11 23
20 6
37 12
4 8
2 11
14 33
30 29
13 22
5 33
24 9
37 12
38 8
19 23
14 13
13 15
39 15
34 27
10 28
4 35
27 19
19 7
7 19
17 24
3 8
26 19
12 15
31 15
3 36
14 37
12 20
18 26
37 31
36 22
32 36
26 38
0 16
19 15
31 11
21 29
14 30
13 28
18 5
10 2
26 5
37 22
33 16
16 31
33 10
36 5
23 15
4 19
30 32
9 16
37 24
16 19
31 1
28 13
38 24
26 9
11 6
31 16
18 34
29 39
21 33
15 29
34 32
4 25
7 29
22 31
31 24
16 38
15 13
19 11
39 32
17 3
24 5
34 8
16 34
14 10
34 16
24 20
35 18
29 30
33 32
27 32
13 35
1 15
4 35
24 36
35 31
19 16
31 16
17 10
10 26
36 10
20 21
15 36
34 11
27 10
20 35
29 33
34 36
15 9
30 11
32 15
7 29
20 31
15 39
15 37
24 15
36 37
9 36
35 33
7 8
14 5
18 6
37 0
20 29
22 16
3 0
15 9
9 6
31 10
12 16
17 28
39 2
11 24
4 32
24 35
24 6
37 16
13 20
7 28
22 18
7 36
7 36
3 13
33 39
19 31
37 28
28 15
1 7
36 11
2 19
35 28
20 35
17 15
33 39
18 15
1 14
36 31
25 30
35 20
24 31
38 27
0 38
11 25
21 36
5 14
0 1
32 30
10 38
29 18
27 9
30 35
14 19
15 13
27 17
14 8
24 4
11 1
24 26
7 32
20 30
16 9
27 15
24 23
9 28
13 1
37 18
35 5
37 18
6 36
24 31
32 37
27 13
19 12
29 7
33 0
4 27
3 13
20 23
33 19
8 20
12 38
14 2
19 35
26 38
27 33
25 29
20 3
36 7
10 30
15 2
9 7
19 5
23 28
14 10
5 7
9 32
7 10
28 10
20 33
0 8
26 23
28 30
19 38
14 22
18 13
10 28
38 33
3 22
0 17
33 2
2 25
39 0
13 17
4 11
2 37
10 33
26 15
25 35
28 30
26 3
3 14
6 28
24 20
9 7
30 5
17 10
34 25
22 18
2 19
27 35
13 16
30 38
13 38
29 30
39 13
19 39
12 15
36 11
33 19
37 9
31 7
23 15
37 1
27 9
4 10
23 19
10 11
29 12
23 16
27 11
37 12
17 38
33 32
21 19
36 10
34 38
36 22
26 35
15 2
3 4
21 38
11 26
4 38
33 11
29 7
33 18
14 5
2 38
25 4
35 6
12 37
11 38
16 35
9 5
25 11
27 26
2 16
25 5
5 26
36 3
3 24
5 33
35 0
34 2
24 22
13 15
10 17
38 18
34 21
18 27
18 31
5 35
31 33
23 39
14 15
17 28
21 23
26 21
25 37
22 1
16 36
23 15
20 26
25 13
3 11
22 26
21 3
2 31
35 26
7 37
0 31
17 12
32 25
4 15
16 5
10 33
9 26
21 24
11 6
26 9
17 8
21 1
16 22
35 28
6 13
3 38
24 33
5 22
7 37
31 16
4 17
32 6
32 16
2 29
1 12
16 20
20 34
37 1
34 15
1 17
7 4
24 13
5 19
12 33
25 24
35 19
9 34
27 39
21 23
17 8
31 5
4 25
10 9
10 15
18 24
5 11
18 11
4 37
35 11
29 39
10 9
26 38
27 4
33 28
9 5
18 34
39 9
28 10
16 1
14 33
19 24
22 28
37 20
23 19
5 8
10 32
32 10
26 8
23 34
24 8
23 9
9 6
10 22
7 23
8 5
13 39
24 27
26 34
11 13
28 3
18 2
18 0
16 27
1 19
29 22
9 19
28 20
26 12
28 6
18 24
11 36
31 23
15 3
26 5
26 16
15 1
24 6
29 16
19 37
19 10
18 24
20 22
18 24
37 3
20 11
6 19
22 34
3 17
19 5
9 15
7 30
9 25
31 27
12 24
27 31
25 9
16 31
30 19
20 16
34 31
22 6
30 27
13 32
30 38
15 12
20 29
31 21
37 35
38 33
12 21
24 31
23 20
19 3
5 36
38 0
22 17
17 10
9 24
28 31
14 11
38 34
24 25
5 29
4 11
32 9
37 11
22 14
14 7
25 33
34 13
33 13
28 10
11 29
25 32
1 3
26 34
18 38
6 2
32 3
29 13
22 39
30 8
29 26
31 22
11 0
28 16
15 6
11 9
1 20
30 26
21 35
8 3
3 30
6 3
18 22
7 9
23 38
25 18
27 33
36 34
0 33
31 27
31 37
9 25
14 25
37 21
23 29
24 36
11 14
37 31
34 22
36 0
13 32
1 26
18 35
6 9
27 3
37 17
7 11
15 32
0 16
39 19
25 38
1 17
18 1
26 16
36 30
20 10
12 3
25 29
16 0
1 26
1 9
4 34
22 27
5 11
35 8
1 22
28 37
29 20
26 25
28 27
17 12
7 17
2 10
22 15
23 3
28 26
4 17
18 22
16 2
23 7
27 18
16 4
37 36
26 35
37 1
32 6
2 17
14 19
14 36
11 14
26 34
22 13
10 37
6 10
19 13
24 31
5 8
21 1
5 31
6 33
17 11
1 26
4 37
33 29
9 10
19 6
14 37
26 21
14 16
4 39
27 10
39 22
34 35
12 32
11 15
37 3
12 23
5 24
21 7
27 35
29 0
25 8
9 21
4 20
35 14
37 24
7 24
35 30
29 38
9 21
32 7
10 30
0 34
6 33
31 36
0 36
39 23
26 33
12 31
6 36
17 1
4 24
6 28
5 0
3 19
31 11
25 2
5 33
22 23
15 30
20 19
5 32
14 23
17 30
14 29
39 31
25 33
25 9
4 36
15 14
10 0
4 6
22 19
8 23
4 22
18 3
13 22
35 6
4 33
0 5
13 39
7 28
1 31
25 20
20 39
34 37
11 28
25 6
13 20
32 20
13 39
29 16
38 9
30 35
10 9
24 9
18 19
34 14
38 1
35 28
27 8
13 22
22 0
30 34
7 34
16 36
0 18
11 14
10 32
9 3
39 6
17 5
32 20
20 27
30 14
28 26
6 2
11 26
35 3
22 8
24 0
8 24
8 6
6 20
8 37
23 13
0 3
15 28
26 0
39 30
37 20
38 28
13 31
3 19
25 26
0 11
38 33
24 38
20 33
15 23
19 38
16 8
12 32
11 20
3 7
11 23
39 11
17 11
15 16
34 28
16 18
37 9
21 30
6 0
1 11
28 35
6 4
1 28
21 9
23 19
28 18
0 10
1 33
32 2
11 25
34 19
34 38
14 5
31 22
22 31
6 26
39 2
2 37
30 34
35 31
37 1
16 34
24 1
24 34
18 27
22 13
3 8
19 12
14 20
17 10
32 19
11 21
34 26
0 31
25 35
27 10
29 3
20 18
36 11
26 21
39 17
20 35
30 19
25 10
10 22
11 1
37 7
6 23
0 30
8 37
36 30
13 25
12 23
30 20
3 29
1 3
37 21
7 17
26 1
35 13
17 34
23 17
7 16
37 33
33 34
34 16
16 4
24 14
34 31
16 14
38 30
18 17
34 37
8 39
26 23
14 27
23 20
38 20
15 24
39 7
32 21
32 6
36 10
18 24
15 16
14 15
39 15
27 30
31 8
13 15
7 37
7 14
14 31
18 15
38 7
36 28
9 17
9 12
0 16
37 30
29 38
35 14
16 39
33 12
6 14
18 15
3 16
22 23
18 22
12 17
31 34
14 36
1 31
6 17
7 5
34 9
21 12
36 4
23 32
35 17
11 20
38 0
27 17
2 5
30 24
28 29
25 38
9 35
24 35
0 33
12 5
11 8
0 12
31 20
34 38
3 16
5 8
22 36
27 32
29 12
34 24
15 16
24 30
28 25
2 4
18 27
34 23
22 28
24 20
11 6
16 2
30 16
17 1
17 0
29 9
10 30
11 29
20 22
15 25
8 32
0 25
15 37
21 23
13 17
17 34
9 22
39 32
28 15
39 22
3 15
24 18
21 7
38 3
14 33
23 38
14 37
15 11
4 2
5 17
36 26
23 4
18 16
4 12
5 25
20 27
37 30
11 28
4 32
9 39
39 7
27 16
39 37
33 26
3 38
33 32
18 30
11 0
31 18
38 19
19 7
11 12
1 32
31 33
36 33
25 14
34 17
7 28
14 12
14 38
3 15
8 22
7 2
2 24
12 15
7 35
21 27
8 29
15 28
24 33
33 4
30 8
4 34
11 33
3 9
35 32
17 2
38 33
10 39
3 38
17 35
29 9
8 6
33 30
21 39
13 0
34 2
11 36
22 38
10 15
0 19
31 33
37 32
9 19
2 13
1 22
15 37
12 11
0 30
22 0
23 21
29 27
26 23
11 30
9 23
7 36
33 8
15 33
11 32
17 8
0 31
3 35
7 35
13 19
2 30
4 27
5 26
39 7
11 12
39 10
0 22
11 28
36 15
10 20
30 17
24 14
13 26
33 9
0 33
10 29
39 20
32 9
24 7
20 32
13 24
20 25
21 24
21 4
0 27
7 33
1 26
7 17
1 31
32 11
19 33
20 32
39 18
11 35
28 6
31 14
33 36
7 0
16 25
25 13
19 8
28 35
30 16
38 28
23 16
8 33
39 12
25 15
17 13
10 16
10 13
30 36
26 11
16 25
35 38
26 39
9 39
2 20
18 21
6 18
37 18
27 20
8 32
27 4
6 2
16 38
38 22
2 15
36 29
35 33
11 14
5 9
21 35
25 37
0 38
33 14
25 11
22 28
26 27
14 6
10 38
5 17
13 28
11 0
24 3
8 38
31 36
29 15
9 16
26 12
11 35
35 6
39 6
16 33
26 27
3 26
36 32
8 18
2 7
19 3
25 35
7 10
26 20
0 10
23 32
2 34
14 27
23 2
8 23
19 8
9 30
11 16
3 37
29 21
32 27
12 18
24 0
18 14
35 2
13 6
39 1
21 28
22 8
5 23
26 3
32 2
8 0
18 24
2 5
28 15
30 33
8 38
6 8
2 11
17 9
19 37
5 39
11 36
13 17
19 22
31 4
27 34
17 38
9 38
35 11
30 25
34 23
23 14
9 26
10 22
22 3
32 18
18 14
19 34
9 5
14 12
22 37
30 23
36 14
37 17
34 25
30 18
33 12
39 38
18 3
13 11
39 5
2 24
38 8
24 29
29 10
21 2
26 29
9 13
8 25
29 14
9 16
1 9
25 39
5 25
36 17
32 29
9 34
10 11
9 24
18 2
34 14
28 18
27 25
34 17
17 16
10 28
33 14
22 28
34 22
24 38
25 7
24 13
30 1
29 0
31 36
34 12
12 25
36 38
34 27
7 31
28 29
34 22
17 20
9 11
22 18
32 10
31 17
27 4
38 8
3 34
12 18
30 22
34 22
11 6
30 26
22 21
26 5
10 33
17 24
12 22
37 16
13 16
13 1
11 7
2 5
21 28
0 11
7 19
38 23
0 27
39 0
12 18
10 18
6 31
13 36
38 6
35 13
5 39
19 17
26 21
22 15
19 14
23 25
17 5
29 39
22 21
25 31
6 16
15 22
34 24
24 19
23 8
38 21
35 38
12 37
12 27
18 33
34 20
16 15
13 30
35 3
35 33
10 4
27 9
16 32
15 4
5 26
9 5
35 33
20 6
26 2
33 13
6 31
15 35
1 30
7 32
7 11
16 35
7 34
20 33
3 6
33 39
35 17
19 3
31 5
7 0
8 2
27 21
34 9
16 0
38 4
27 36
7 1
31 8
26 0
17 19
2 12
37 14
9 2
18 3
35 16
12 6
36 20
21 1
17 2
12 13
31 21
37 16
22 26
26 12
27 8
34 18
1 0
20 19
17 7
30 33
8 4
2 37
2 7
8 26
21 17
21 32
1 37
10 8
21 8
13 33
27 20
6 38
27 4
19 18
26 2
6 26
29 34
15 31
0 23
8 27
36 8
38 10
3 24
28 13
39 19
33 31
18 30
34 32
9 15
20 24
21 28
16 33
9 8
12 33
15 16
25 28
30 15
34 35
17 28
14 30
9 29
12 5
34 3
33 1
17 38
11 25
24 29
30 8
16 15
15 23
31 28
30 19
11 2
39 32
18 19
11 12
7 33
10 12
5 30
27 13
38 37
28 31
1 5
9 11
19 29
21 34
32 30
0 4
8 24
0 38
15 36
15 8
28 12
2 9
18 24
25 28
4 5
6 38
6 25
11 32
1 6
4 38
3 24
36 8
38 27
17 10
22 8
26 4
17 23
33 14
19 13
3 20
19 38
20 27
7 22
28 6
6 28
9 22
7 32
11 36
10 30
23 9
10 6
0 20
12 0
12 29
34 36
19 3
35 9
14 21
31 38
39 7
35 30
36 29
10 29
13 0
9 28
25 34
33 3
35 38
30 3
30 14
5 8
1 25
2 1
28 4
10 36
16 19
21 29
14 24
25 0
1 18
17 22
17 32
15 17
3 22
15 5
35 10
39 2
1 29
12 22
9 37
14 32
20 10
3 25
34 39
6 19
8 13
33 39
5 29
36 5
3 19
26 16
29 7
20 0
39 17
3 17
29 27
39 11
3 26
2 25
1 37
22 36
29 15
9 38
7 39
23 32
0 17
24 25
25 36
29 38
11 6
1 16
21 14
28 32
38 17
22 33
15 5
28 12
