50
1 2 69
1 3 84
1 4 68
1 5 59
1 6 58
1 7 36
1 8 38
1 9 56
1 10 10
1 11 70
1 12 70
1 13 71
1 14 61
1 15 69
1 16 15
1 17 6
1 18 100
1 19 99
1 20 64
1 21 66
1 22 1
1 23 33
1 24 69
1 25 53
1 26 67
1 27 24
1 28 66
1 29 0
1 30 91
1 31 17
1 32 13
1 33 10
1 34 47
1 35 78
1 36 97
1 37 40
1 38 51
1 39 14
1 40 12
1 41 78
1 42 97
1 43 79
1 44 63
1 45 88
1 46 67
1 47 79
1 48 80
1 49 88
1 50 7
2 3 50
2 4 91
2 5 18
2 6 72
2 7 82
2 8 11
2 9 76
2 10 98
2 11 65
2 12 34
2 13 66
2 14 65
2 15 76
2 16 27
2 17 99
2 18 64
2 19 15
2 20 94
2 21 20
2 22 15
2 23 19
2 24 0
2 25 27
2 26 64
2 27 54
2 28 17
2 29 20
2 30 84
2 31 10
2 32 18
2 33 27
2 34 44
2 35 68
2 36 28
2 37 37
2 38 4
2 39 68
2 40 14
2 41 70
2 42 11
2 43 76
2 44 59
2 45 98
2 46 48
2 47 52
2 48 7
2 49 57
2 50 35
3 4 17
3 5 97
3 6 62
3 7 31
3 8 43
3 9 62
3 10 46
3 11 61
3 12 89
3 13 82
3 14 36
3 15 88
3 16 64
3 17 54
3 18 92
3 19 71
3 20 54
3 21 31
3 22 54
3 23 87
3 24 76
3 25 11
3 26 98
3 27 19
3 28 75
3 29 83
3 30 57
3 31 16
3 32 49
3 33 2
3 34 9
3 35 88
3 36 55
3 37 6
3 38 20
3 39 68
3 40 64
3 41 83
3 42 70
3 43 1
3 44 36
3 45 81
3 46 29
3 47 52
3 48 71
3 49 36
3 50 28
4 5 33
4 6 26
4 7 79
4 8 96
4 9 89
4 10 82
4 11 71
4 12 66
4 13 61
4 14 81
4 15 65
4 16 9
4 17 98
4 18 79
4 19 20
4 20 95
4 21 37
4 22 86
4 23 23
4 24 49
4 25 49
4 26 2
4 27 5
4 28 44
4 29 80
4 30 21
4 31 26
4 32 40
4 33 57
4 34 68
4 35 25
4 36 77
4 37 7
4 38 65
4 39 75
4 40 31
4 41 83
4 42 91
4 43 25
4 44 50
4 45 17
4 46 59
4 47 38
4 48 19
4 49 23
4 50 36
5 6 85
5 7 80
5 8 93
5 9 80
5 10 89
5 11 5
5 12 100
5 13 87
5 14 69
5 15 87
5 16 58
5 17 10
5 18 5
5 19 87
5 20 23
5 21 24
5 22 12
5 23 61
5 24 77
5 25 73
5 26 72
5 27 37
5 28 26
5 29 26
5 30 65
5 31 12
5 32 19
5 33 84
5 34 28
5 35 10
5 36 100
5 37 20
5 38 98
5 39 62
5 40 94
5 41 100
5 42 88
5 43 95
5 44 89
5 45 78
5 46 12
5 47 26
5 48 8
5 49 58
5 50 74
6 7 79
6 8 39
6 9 62
6 10 2
6 11 78
6 12 62
6 13 87
6 14 66
6 15 45
6 16 59
6 17 64
6 18 78
6 19 35
6 20 97
6 21 33
6 22 64
6 23 67
6 24 34
6 25 53
6 26 32
6 27 86
6 28 86
6 29 0
6 30 9
6 31 55
6 32 11
6 33 28
6 34 49
6 35 93
6 36 38
6 37 31
6 38 18
6 39 98
6 40 14
6 41 56
6 42 68
6 43 75
6 44 60
6 45 92
6 46 83
6 47 45
6 48 92
6 49 39
6 50 27
7 8 95
7 9 34
7 10 19
7 11 32
7 12 92
7 13 97
7 14 18
7 15 50
7 16 59
7 17 78
7 18 68
7 19 6
7 20 86
7 21 84
7 22 41
7 23 48
7 24 86
7 25 92
7 26 57
7 27 48
7 28 93
7 29 47
7 30 66
7 31 44
7 32 6
7 33 81
7 34 2
7 35 8
7 36 95
7 37 68
7 38 2
7 39 31
7 40 43
7 41 31
7 42 43
7 43 67
7 44 77
7 45 13
7 46 86
7 47 48
7 48 69
7 49 94
7 50 20
8 9 8
8 10 15
8 11 94
8 12 51
8 13 31
8 14 30
8 15 97
8 16 47
8 17 14
8 18 9
8 19 18
8 20 75
8 21 52
8 22 0
8 23 29
8 24 12
8 25 3
8 26 36
8 27 35
8 28 54
8 29 44
8 30 33
8 31 63
8 32 62
8 33 50
8 34 71
8 35 23
8 36 65
8 37 61
8 38 91
8 39 95
8 40 41
8 41 22
8 42 22
8 43 81
8 44 75
8 45 24
8 46 65
8 47 98
8 48 25
8 49 42
8 50 95
9 10 82
9 11 24
9 12 81
9 13 65
9 14 90
9 15 79
9 16 100
9 17 41
9 18 38
9 19 25
9 20 13
9 21 49
9 22 80
9 23 41
9 24 74
9 25 54
9 26 29
9 27 6
9 28 21
9 29 46
9 30 49
9 31 60
9 32 39
9 33 62
9 34 1
9 35 62
9 36 20
9 37 80
9 38 65
9 39 15
9 40 59
9 41 38
9 42 42
9 43 59
9 44 8
9 45 28
9 46 77
9 47 14
9 48 17
9 49 75
9 50 39
10 11 99
10 12 21
10 13 97
10 14 68
10 15 33
10 16 69
10 17 2
10 18 53
10 19 25
10 20 57
10 21 17
10 22 38
10 23 13
10 24 99
10 25 36
10 26 39
10 27 39
10 28 8
10 29 85
10 30 44
10 31 60
10 32 49
10 33 32
10 34 58
10 35 46
10 36 31
10 37 0
10 38 32
10 39 70
10 40 78
10 41 16
10 42 75
10 43 94
10 44 91
10 45 20
10 46 17
10 47 13
10 48 83
10 49 23
10 50 5
11 12 48
11 13 20
11 14 98
11 15 3
11 16 90
11 17 96
11 18 92
11 19 90
11 20 13
11 21 57
11 22 64
11 23 65
11 24 17
11 25 95
11 26 82
11 27 85
11 28 80
11 29 13
11 30 83
11 31 95
11 32 17
11 33 21
11 34 49
11 35 66
11 36 0
11 37 95
11 38 46
11 39 54
11 40 85
11 41 81
11 42 78
11 43 14
11 44 76
11 45 4
11 46 76
11 47 18
11 48 58
11 49 22
11 50 36
12 13 72
12 14 14
12 15 15
12 16 84
12 17 15
12 18 64
12 19 22
12 20 73
12 21 59
12 22 22
12 23 38
12 24 30
12 25 62
12 26 1
12 27 13
12 28 94
12 29 36
12 30 86
12 31 27
12 32 70
12 33 3
12 34 52
12 35 96
12 36 90
12 37 69
12 38 81
12 39 93
12 40 98
12 41 23
12 42 91
12 43 75
12 44 79
12 45 16
12 46 100
12 47 29
12 48 7
12 49 31
12 50 92
13 14 84
13 15 39
13 16 82
13 17 62
13 18 66
13 19 72
13 20 49
13 21 9
13 22 99
13 23 87
13 24 85
13 25 4
13 26 54
13 27 93
13 28 25
13 29 53
13 30 93
13 31 42
13 32 7
13 33 37
13 34 25
13 35 8
13 36 93
13 37 58
13 38 94
13 39 76
13 40 86
13 41 97
13 42 10
13 43 23
13 44 25
13 45 85
13 46 23
13 47 4
13 48 81
13 49 98
13 50 9
14 15 87
14 16 59
14 17 2
14 18 63
14 19 18
14 20 66
14 21 90
14 22 60
14 23 35
14 24 57
14 25 36
14 26 26
14 27 11
14 28 71
14 29 71
14 30 53
14 31 87
14 32 53
14 33 48
14 34 47
14 35 21
14 36 76
14 37 36
14 38 63
14 39 21
14 40 8
14 41 60
14 42 38
14 43 65
14 44 20
14 45 66
14 46 10
14 47 24
14 48 31
14 49 43
14 50 51
15 16 25
15 17 98
15 18 34
15 19 50
15 20 67
15 21 16
15 22 44
15 23 43
15 24 81
15 25 76
15 26 27
15 27 91
15 28 4
15 29 16
15 30 24
15 31 29
15 32 13
15 33 63
15 34 54
15 35 95
15 36 31
15 37 39
15 38 58
15 39 51
15 40 50
15 41 72
15 42 97
15 43 83
15 44 71
15 45 99
15 46 16
15 47 79
15 48 37
15 49 62
15 50 6
16 17 62
16 18 89
16 19 92
16 20 93
16 21 87
16 22 3
16 23 94
16 24 29
16 25 44
16 26 43
16 27 11
16 28 55
16 29 58
16 30 3
16 31 4
16 32 34
16 33 65
16 34 22
16 35 56
16 36 66
16 37 17
16 38 99
16 39 16
16 40 11
16 41 43
16 42 55
16 43 31
16 44 80
16 45 35
16 46 55
16 47 80
16 48 15
16 49 48
16 50 11
17 18 24
17 19 26
17 20 72
17 21 48
17 22 84
17 23 98
17 24 33
17 25 67
17 26 65
17 27 19
17 28 61
17 29 0
17 30 34
17 31 69
17 32 69
17 33 98
17 34 72
17 35 47
17 36 35
17 37 72
17 38 40
17 39 22
17 40 96
17 41 80
17 42 54
17 43 38
17 44 62
17 45 39
17 46 61
17 47 0
17 48 3
17 49 98
17 50 2
18 19 60
18 20 72
18 21 94
18 22 58
18 23 82
18 24 13
18 25 47
18 26 11
18 27 49
18 28 1
18 29 55
18 30 48
18 31 48
18 32 43
18 33 3
18 34 83
18 35 74
18 36 4
18 37 58
18 38 28
18 39 80
18 40 14
18 41 22
18 42 68
18 43 9
18 44 53
18 45 42
18 46 27
18 47 56
18 48 5
18 49 0
18 50 51
19 20 86
19 21 100
19 22 19
19 23 98
19 24 3
19 25 65
19 26 92
19 27 86
19 28 72
19 29 90
19 30 11
19 31 23
19 32 9
19 33 15
19 34 39
19 35 9
19 36 23
19 37 84
19 38 18
19 39 73
19 40 10
19 41 45
19 42 6
19 43 71
19 44 44
19 45 86
19 46 58
19 47 61
19 48 22
19 49 41
19 50 7
20 21 90
20 22 14
20 23 40
20 24 22
20 25 94
20 26 14
20 27 35
20 28 40
20 29 89
20 30 9
20 31 87
20 32 40
20 33 64
20 34 12
20 35 51
20 36 94
20 37 13
20 38 81
20 39 23
20 40 78
20 41 74
20 42 37
20 43 77
20 44 83
20 45 19
20 46 79
20 47 16
20 48 0
20 49 4
20 50 47
21 22 87
21 23 61
21 24 86
21 25 69
21 26 41
21 27 37
21 28 38
21 29 4
21 30 33
21 31 18
21 32 15
21 33 85
21 34 14
21 35 6
21 36 100
21 37 20
21 38 92
21 39 32
21 40 37
21 41 18
21 42 30
21 43 32
21 44 23
21 45 23
21 46 39
21 47 11
21 48 49
21 49 97
21 50 34
22 23 31
22 24 13
22 25 65
22 26 26
22 27 16
22 28 85
22 29 69
22 30 94
22 31 78
22 32 45
22 33 11
22 34 70
22 35 64
22 36 100
22 37 62
22 38 69
22 39 27
22 40 19
22 41 11
22 42 71
22 43 91
22 44 42
22 45 56
22 46 5
22 47 68
22 48 27
22 49 61
22 50 96
23 24 97
23 25 68
23 26 58
23 27 90
23 28 12
23 29 80
23 30 55
23 31 46
23 32 27
23 33 73
23 34 22
23 35 23
23 36 76
23 37 26
23 38 77
23 39 6
23 40 3
23 41 54
23 42 25
23 43 83
23 44 79
23 45 36
23 46 3
23 47 88
23 48 80
23 49 75
23 50 70
24 25 43
24 26 84
24 27 14
24 28 64
24 29 82
24 30 41
24 31 87
24 32 36
24 33 53
24 34 69
24 35 90
24 36 44
24 37 40
24 38 97
24 39 39
24 40 42
24 41 57
24 42 67
24 43 39
24 44 27
24 45 72
24 46 33
24 47 1
24 48 99
24 49 76
24 50 66
25 26 51
25 27 3
25 28 10
25 29 15
25 30 60
25 31 79
25 32 52
25 33 12
25 34 7
25 35 28
25 36 48
25 37 66
25 38 85
25 39 12
25 40 23
25 41 82
25 42 73
25 43 43
25 44 34
25 45 55
25 46 42
25 47 83
25 48 40
25 49 58
25 50 60
26 27 91
26 28 5
26 29 20
26 30 33
26 31 97
26 32 58
26 33 91
26 34 61
26 35 84
26 36 99
26 37 61
26 38 92
26 39 70
26 40 2
26 41 72
26 42 69
26 43 19
26 44 41
26 45 7
26 46 21
26 47 12
26 48 46
26 49 58
26 50 97
27 28 93
27 29 87
27 30 37
27 31 60
27 32 36
27 33 91
27 34 5
27 35 71
27 36 13
27 37 13
27 38 52
27 39 87
27 40 18
27 41 32
27 42 88
27 43 71
27 44 47
27 45 28
27 46 90
27 47 97
27 48 51
27 49 65
27 50 68
28 29 15
28 30 0
28 31 55
28 32 43
28 33 35
28 34 77
28 35 64
28 36 82
28 37 34
28 38 69
28 39 19
28 40 4
28 41 87
28 42 46
28 43 81
28 44 59
28 45 87
28 46 99
28 47 69
28 48 84
28 49 95
28 50 69
29 30 62
29 31 63
29 32 65
29 33 8
29 34 27
29 35 82
29 36 84
29 37 79
29 38 98
29 39 74
29 40 94
29 41 58
29 42 28
29 43 45
29 44 3
29 45 54
29 46 10
29 47 14
29 48 30
29 49 5
29 50 97
30 31 12
30 32 16
30 33 63
30 34 1
30 35 36
30 36 98
30 37 39
30 38 22
30 39 33
30 40 82
30 41 92
30 42 49
30 43 16
30 44 56
30 45 62
30 46 51
30 47 92
30 48 27
30 49 17
30 50 91
31 32 3
31 33 37
31 34 75
31 35 99
31 36 64
31 37 11
31 38 8
31 39 58
31 40 6
31 41 67
31 42 98
31 43 93
31 44 44
31 45 0
31 46 16
31 47 93
31 48 72
31 49 74
31 50 55
32 33 97
32 34 19
32 35 4
32 36 66
32 37 5
32 38 69
32 39 43
32 40 76
32 41 61
32 42 23
32 43 38
32 44 69
32 45 23
32 46 67
32 47 53
32 48 60
32 49 11
32 50 97
33 34 88
33 35 100
33 36 75
33 37 88
33 38 63
33 39 60
33 40 63
33 41 24
33 42 50
33 43 62
33 44 77
33 45 81
33 46 70
33 47 12
33 48 8
33 49 24
33 50 93
34 35 50
34 36 62
34 37 91
34 38 7
34 39 88
34 40 45
34 41 4
34 42 15
34 43 79
34 44 60
34 45 31
34 46 90
34 47 43
34 48 84
34 49 74
34 50 78
35 36 37
35 37 100
35 38 75
35 39 43
35 40 80
35 41 33
35 42 46
35 43 66
35 44 40
35 45 92
35 46 5
35 47 9
35 48 10
35 49 67
35 50 52
36 37 79
36 38 76
36 39 33
36 40 52
36 41 0
36 42 55
36 43 88
36 44 63
36 45 99
36 46 10
36 47 66
36 48 11
36 49 80
36 50 10
37 38 30
37 39 68
37 40 92
37 41 55
37 42 49
37 43 66
37 44 1
37 45 55
37 46 54
37 47 25
37 48 11
37 49 16
37 50 53
38 39 33
38 40 65
38 41 66
38 42 21
38 43 89
38 44 91
38 45 70
38 46 38
38 47 22
38 48 23
38 49 60
38 50 86
39 40 60
39 41 88
39 42 19
39 43 84
39 44 47
39 45 13
39 46 23
39 47 11
39 48 61
39 49 62
39 50 91
40 41 87
40 42 79
40 43 29
40 44 61
40 45 77
40 46 3
40 47 98
40 48 1
40 49 79
40 50 49
41 42 14
41 43 87
41 44 28
41 45 0
41 46 89
41 47 4
41 48 23
41 49 32
41 50 35
42 43 2
42 44 52
42 45 91
42 46 96
42 47 93
42 48 32
42 49 77
42 50 30
43 44 50
43 45 5
43 46 84
43 47 66
43 48 91
43 49 83
43 50 79
44 45 4
44 46 49
44 47 30
44 48 28
44 49 87
44 50 70
45 46 13
45 47 9
45 48 14
45 49 57
45 50 26
46 47 84
46 48 19
46 49 62
46 50 84
47 48 58
47 49 81
47 50 25
48 49 1
48 50 63
49 50 92
