5000
5000
2210 151
2687 4148
929 2733
3697 4754
917 700
3555 944
3450 2510
4035 2421
1677 3775
904 533
4627 203
688 882
3779 3950
4845 3662
1877 29
4877 4204
1786 2440
4345 4876
1844 3506
4703 2312
4815 2235
1460 2301
4926 2561
3356 2094
373 3629
4003 3273
3086 1901
1371 2400
1340 2315
1340 2372
967 2129
3924 2037
3222 1160
4981 3720
3212 3614
779 1718
661 2001
1120 3929
3923 573
4780 489
406 3954
3985 1914
2059 1686
2320 1502
1166 1555
1096 1386
3807 1732
1057 363
390 1455
998 1870
1457 2306
569 1535
4266 3351
4116 1692
3632 1178
1241 1419
4032 3506
2245 3703
4281 2262
2463 4021
3926 2970
980 3487
811 1730
4702 577
2260 3934
1451 946
2593 4686
1226 888
584 3009
1694 4437
2083 4446
3533 3715
1491 4157
366 3583
2481 1277
3947 3789
2124 2405
1606 2144
1320 4175
2134 2746
1911 3329
3293 1252
2772 1841
848 3484
3283 2640
351 679
1947 1934
3867 3728
481 4788
2722 3197
3528 455
1583 1814
4741 3849
1523 1482
544 3717
3583 788
2416 2984
2381 2433
1465 38
1906 342
1875 521
2820 2990
2154 3481
1088 206
329 3529
1256 4011
24 3426
32 3375
2332 1093
4262 1971
3883 798
4840 1986
2820 3120
4715 1264
544 3611
1311 1312
3951 2359
955 2642
3662 222
3108 1499
2450 620
620 1949
1415 3542
3081 348
1785 3668
242 171
2128 2164
2187 3869
4735 2396
2297 3928
4185 4101
3395 3660
1750 4163
4294 3964
2482 3015
4533 1311
3670 1886
3367 4786
3046 632
4133 642
3120 4271
4868 4229
2593 3453
683 2795
1878 3938
2168 4807
59 837
2954 1350
4640 608
4660 2949
2635 3963
522 4426
377 4246
2032 3146
2237 2688
1402 3688
3248 3810
4019 3310
1416 4586
954 1621
4954 2292
4777 3932
2986 3603
2771 1471
1271 4010
1731 4083
872 4813
2812 3067
1963 2870
4532 664
4116 1084
4985 2507
3267 3467
4662 1633
395 1390
4671 193
56 3653
3352 3794
3583 4102
4979 530
4463 4482
2031 4450
4550 3796
2359 845
3477 3459
3923 3561
3547 3808
4490 4810
459 1101
2413 2139
1953 4476
3141 2818
930 2560
891 1249
3383 2663
2939 222
3924 565
4739 1006
4701 3121
882 873
2945 503
3540 4295
4348 3067
3481 402
4752 3242
1657 1261
3399 4403
122 1052
1131 1098
3330 2626
3812 2599
3723 4479
2166 2113
4867 475
4187 3133
3270 1573
3940 2374
4681 187
3551 1003
4809 4007
1195 2416
2370 689
2947 265
98 1095
4699 2056
2977 1743
99 4117
669 2174
3702 4647
4829 2139
4532 4166
1163 2514
138 4282
4474 4252
828 3357
705 3013
2467 3
4815 553
133 839
1606 506
1875 3967
858 2617
382 2209
3609 2618
666 3753
1700 112
2492 1455
3736 2060
3026 2101
1314 3444
1434 3424
1079 1947
49 2677
2864 3348
3922 3162
3524 2287
2883 2485
989 1717
4092 1239
3928 4542
4320 1303
3872 2027
8 3248
220 4143
4159 2627
254 4736
282 1773
4860 3922
4273 4313
1072 3996
3886 2255
3670 3907
2541 713
1982 281
66 1809
4230 4199
1495 3391
403 3697
572 4334
3882 2496
2954 2371
2217 4743
2791 2981
3539 4094
2837 2017
381 4502
3662 4122
1837 1421
2923 4550
2110 984
888 3614
3794 357
981 3213
4555 2190
635 3329
2612 1502
3301 2171
1046 1370
2984 1596
4407 4616
2367 2288
1636 521
1253 1687
4525 1073
1031 3168
1691 3352
3425 4135
605 226
1661 2450
1705 4328
3229 3262
1218 1851
1284 4510
4496 1948
3325 4294
2900 4489
183 68
3140 4756
52 2956
1759 2690
2880 1024
1689 2894
3906 3226
1718 1205
3848 3602
2620 4913
6 3917
3667 2986
3826 881
417 110
1542 3925
2550 653
4301 3915
518 2416
4133 1188
1504 4510
2331 2525
918 1719
1473 1411
942 4271
4361 3790
3144 1652
3551 9
4395 3627
352 151
1478 1087
102 3876
739 2681
188 817
1345 251
4343 775
2333 2791
3627 4048
45 289
3240 3376
3322 3920
4952 2031
4007 4745
2510 1719
2394 2325
4873 4529
1576 2537
1542 3607
3217 340
3116 4594
912 876
1684 2079
1122 676
2098 4171
1266 3444
2481 1823
4263 2806
2566 2389
3861 4022
2548 3235
2930 4030
1157 3635
2765 4032
4292 229
1233 4227
363 3707
2131 4617
923 1098
4581 1477
4441 2793
3232 1803
165 1204
3025 1035
2208 4509
2691 303
3927 907
1012 3311
4576 4383
731 475
4383 3680
1617 299
740 2118
3944 1230
219 122
1537 1408
3975 2593
46 4987
2042 2789
3950 241
4515 3085
3792 4582
4550 404
3969 2149
1668 4212
1388 3834
3512 2856
4705 216
2890 1053
2413 2886
2620 2667
3676 3057
3731 1013
2758 1674
870 142
4212 2800
865 1377
36 1798
3283 2439
1164 838
3946 2518
2394 868
4666 1527
3112 600
2638 3142
2319 2816
3843 4118
2471 3052
4960 1823
3178 1093
3763 432
1887 1435
4167 2831
1295 835
3140 1602
4525 2991
1348 2468
1184 802
2070 2004
3546 1326
538 347
3052 312
924 2667
3228 3403
4337 1183
530 616
690 3857
1273 1647
1872 3358
2744 2069
182 4331
4948 995
808 1076
3637 3390
197 3004
1754 2776
2663 1792
3475 405
66 1590
472 2156
4347 1764
3031 3319
3014 2768
364 2542
140 1760
3765 1575
2491 4588
653 4146
4026 4556
733 36
3605 4321
2895 2263
3871 301
178 4575
449 3763
1651 2133
304 3165
445 4512
3441 3443
3252 4510
2115 2300
3757 947
263 1695
3972 1037
33 3333
436 1497
3285 4084
1477 2997
3898 3472
2503 2973
1521 2943
1137 125
2788 3701
3488 4518
2001 1253
1275 3472
1326 4339
4240 611
4824 3087
1576 2751
3756 3540
3494 4646
2020 3980
3307 2649
2652 238
80 1634
4017 3371
3319 2081
1799 4417
3754 1740
3908 3732
4780 4707
2283 3296
2027 3201
4410 4851
2688 735
2862 4994
4419 3793
3823 3689
4278 3900
2288 1863
354 2833
3845 3554
1030 1305
3531 4334
4887 1882
1828 433
2490 4466
919 3064
4289 2826
2811 243
1122 1573
1292 4933
1644 746
1538 910
169 3270
2183 3703
1211 2211
1837 4500
3296 3100
2518 4495
1022 3265
4045 1917
4998 3675
1777 3613
776 680
3985 3776
427 3088
3987 2983
2096 3540
1265 4278
2702 2647
2153 927
589 3542
3627 806
93 3402
2404 209
1232 2742
4908 3322
2965 4474
2881 3300
4385 560
3526 684
2888 1363
4916 2582
2971 848
3546 3928
674 1535
1633 1583
1193 4687
2933 2238
4185 2070
4789 4873
3643 1047
4078 81
3131 4521
4310 1809
1062 244
4245 4488
2102 2709
3954 3071
4706 1451
50 4721
1754 3055
2769 2121
4564 2377
626 4456
4688 1797
1437 2271
593 221
1423 4631
1926 2387
4487 2176
1656 1205
4687 4661
3477 539
1703 4969
1419 750
3477 2195
3735 1682
1590 796
2370 3546
4796 713
1745 2252
2247 1700
3064 982
1705 3109
847 2322
291 4524
4090 2649
728 3992
1530 1998
3759 2562
1407 2998
977 4450
2091 2956
936 53
975 2119
2809 4094
174 3106
1181 1500
1385 3431
4270 190
929 3237
4204 6
3697 3700
3518 2574
4580 4714
4430 2653
2304 3387
1056 2117
3447 2114
3305 1311
4620 1046
4083 2307
76 690
4140 4626
3395 3161
2598 182
79 569
3644 4485
703 989
1820 513
2130 1138
2457 3170
2797 2959
1381 3769
4425 4231
4758 4595
134 1615
3055 2959
457 1243
2238 1076
836 2244
1941 3972
1378 2387
343 2965
1478 3031
3798 3854
1717 4430
2333 2837
4362 86
1045 1514
1027 2311
3255 4301
3214 700
3291 1750
4763 1084
80 2536
1047 3205
4051 4496
4840 3943
4219 1620
2637 2438
2214 3758
4032 3695
2622 766
2435 4564
3534 678
2579 2297
2314 2218
4125 1417
1211 3786
78 493
1814 3204
241 1463
4788 1626
2930 4187
3572 2604
2337 3220
1007 84
4619 1546
320 1426
3369 2303
4487 4012
1306 4643
3536 4431
1483 1860
636 2511
4303 1671
221 4566
1139 1658
2939 1974
2466 1266
3109 4384
4490 862
1459 709
2603 3881
2223 2279
2375 1047
1901 805
1519 2378
227 75
3565 501
3019 3278
1921 3930
1019 3649
997 4132
1007 1291
3203 3425
2710 4033
4424 2
4961 4810
2508 73
1370 3863
4253 33
274 575
2215 1538
459 3460
4363 3060
1207 392
3761 1420
1239 4795
2263 2007
3175 1312
590 1298
137 2347
2388 2070
4694 4630
4759 4057
2226 1766
292 3902
3451 713
3297 4716
4999 1391
1351 107
481 4652
3261 1680
4779 3406
2317 1036
3263 3514
317 1379
30 1252
255 4145
2946 3146
4912 277
2041 937
508 166
635 4019
405 1849
2261 815
4880 3200
1912 3481
332 1676
1584 4827
4618 1034
3426 3083
2767 4161
4995 1510
688 548
4113 863
4676 3069
4135 4077
3953 1893
3201 4450
141 3517
4235 4019
1129 4845
2032 497
4025 476
4080 3288
4810 4306
3976 2174
3230 3448
4682 3153
4464 2178
3987 2617
1252 324
183 2762
4833 2886
797 1064
3366 1781
4868 1050
559 4948
3141 781
2216 1500
23 3691
2657 2043
4284 2073
1766 3187
2635 2082
967 4231
1761 3107
3607 3620
2179 4323
2555 4078
4029 3963
1984 3338
2440 2302
4174 3402
2427 2354
4582 4993
3756 2044
1490 1311
3968 1887
4264 3688
3494 1044
1738 4016
1666 921
1845 3812
2540 4692
3300 639
3940 376
1297 2933
1500 170
609 2957
1741 345
463 4926
1693 4993
3678 371
2474 1885
195 3915
170 441
2688 3034
2494 3160
163 181
4725 1769
2636 1053
2364 4232
317 3452
306 1280
4509 4123
1353 4955
5 3555
3058 1583
3040 866
4520 1838
4522 133
1907 714
1478 380
1844 3537
1776 4823
1402 63
1484 4506
4759 2930
907 2321
4013 2756
4804 3256
2440 3366
2739 3199
2769 2015
1254 2674
2201 2257
2057 3301
812 1339
700 3462
2294 4677
3289 886
3695 1913
240 578
407 1198
1544 581
132 2515
4710 2402
1392 750
577 4214
842 389
2569 2008
2962 3349
4913 941
1295 3492
2241 952
4661 4351
3885 3034
819 2253
4720 1449
3220 3379
4902 1489
2884 2899
1822 3183
4874 3106
3061 2324
2678 10
877 686
1716 1512
885 506
309 1815
2091 3084
4521 2411
2761 2834
801 486
4056 3613
4152 1013
1450 2740
2809 835
2319 2284
3451 554
2734 4918
4456 3965
1451 1607
1864 113
854 1382
1061 4836
3672 4761
692 537
1865 2632
4909 1379
3074 1046
3011 1808
1051 2530
2085 3211
2518 233
2560 94
3208 3807
217 1958
3133 2397
2685 4969
2320 4404
396 1527
546 2830
1253 3101
2194 3264
2144 4979
4856 2528
4079 69
317 3502
2241 2309
1109 3740
1754 1209
3408 3037
147 368
2121 553
167 1743
2117 1943
4895 1682
2292 4233
142 1831
446 3980
3225 1691
3531 976
4446 3874
5 2553
4765 3605
2882 2606
1186 861
842 4502
624 841
1733 3144
2718 1541
1357 8
4427 2391
1861 3435
1547 1279
4962 3074
3108 4673
1710 2175
4087 4350
4589 4972
3191 3571
316 4120
4878 318
1145 1922
1704 3191
999 4061
1067 2339
4432 4894
4134 1399
3254 2220
1519 2669
3698 205
1970 1274
265 4441
1255 4926
4213 3311
4049 3239
3262 3395
1494 1514
1583 3938
1762 3358
1523 3386
2724 3905
2625 844
1126 4479
4501 4976
215 634
3010 1598
3346 3742
1418 730
1759 688
3453 990
396 4441
1314 752
766 1090
2838 495
3332 2380
850 2012
342 3235
2083 2660
4259 435
1752 2904
2264 615
299 1733
2563 4941
2617 960
1194 3727
2084 695
2066 1607
3579 4073
465 81
1411 2767
3620 435
4555 2781
1428 2532
1357 888
2571 1900
19 944
689 3163
2184 3866
2804 2614
992 203
2564 3853
4729 25
3422 542
2416 1873
474 1770
2608 1770
4480 3907
3620 2843
3810 1221
233 3803
2920 3843
3842 3208
719 2144
2646 205
2854 1621
604 2335
511 4063
2160 978
4980 2860
1113 3366
2713 181
1636 1874
2516 1697
1719 1414
4945 2970
4128 64
1956 3032
2153 1619
2765 4170
2162 3193
3637 2234
4725 1560
3667 2609
1027 3925
1168 3656
3131 3936
2321 1145
246 1731
3852 1263
4038 0
1074 4366
4540 398
2298 1169
645 3333
4224 3907
3851 3461
433 4344
1777 1010
1682 2254
774 344
1141 170
1481 2441
272 4764
517 3371
3308 3890
4659 132
2529 3516
1548 4664
3406 157
3031 2278
369 2112
942 771
2115 2886
3252 1013
64 1064
2145 476
3764 3680
4941 3779
4052 4425
684 2842
4745 160
254 4053
4077 2306
919 4876
357 1714
9 3333
4911 1103
582 3208
1537 701
2879 4878
2265 1495
2922 572
3953 185
71 4076
2038 3910
268 313
3234 4647
3197 2758
122 4648
2017 4682
3278 1239
626 2791
3742 1814
735 1639
3670 3934
4953 3901
2874 3249
3905 2621
212 1855
3609 3115
1581 3
2733 3198
3004 4581
1899 2834
3841 2199
2956 2050
4607 2163
2071 4797
747 1855
2574 4111
1822 3510
749 501
77 3245
3154 3646
4319 888
75 2619
2627 2145
3782 764
3683 591
1903 3885
4099 1028
3684 560
555 3773
2923 1556
2926 853
4446 3585
2176 4564
4216 408
1963 658
2268 3270
4395 1239
2906 813
3048 2363
4729 4366
4500 1209
2246 3703
3223 4185
1705 2576
3813 2897
2479 2843
4452 1480
3000 819
179 1540
85 1647
96 2576
2330 3142
4968 4809
4944 3301
2590 1785
4933 4943
3644 4217
1719 899
4852 4145
4809 2274
2590 3975
1955 3433
1156 577
1845 2980
3323 2830
4367 638
4686 1828
2132 3643
638 1380
4230 1289
4330 38
2070 1344
4380 4825
4024 1083
3727 4625
934 1617
3876 832
1423 1322
4863 3540
2273 2179
1139 3104
1561 2231
2499 16
1387 476
4792 4186
4895 1858
1806 2810
3526 1356
40 2854
997 703
4269 3282
342 2592
1883 4744
1111 1702
4816 33
1869 4987
3005 2901
289 2880
1060 1039
4140 618
1329 724
1320 2729
4275 1869
1358 3058
818 2151
3232 3714
3654 199
1271 3531
1695 722
80 933
2447 479
2721 2377
1176 1425
914 1929
3878 1474
3295 3654
3468 1306
1659 4618
4880 1713
2320 3108
2372 2197
2048 3124
88 1469
2422 3649
419 1303
4734 4803
3576 3669
3684 4992
3379 2950
606 3215
1834 470
1408 1611
3595 1858
3342 3008
1113 4495
1530 2632
232 1117
3487 2543
1690 971
823 112
586 1493
1669 3603
3935 4775
1385 1024
73 432
4789 2128
1664 980
2894 2252
1779 4297
425 2536
3868 93
4364 4020
2249 935
3724 4382
3828 3759
3731 2595
4494 1170
4864 3019
517 2750
2485 3776
3479 4712
959 4002
1994 255
1064 2797
1672 187
662 1790
64 1676
4478 366
2224 4876
3206 2174
3532 3831
1092 2895
4854 1739
180 1828
1577 1578
4197 2374
1674 910
4352 238
3945 4818
4773 4237
3023 1531
1509 1132
1961 3171
403 453
575 1880
4012 164
3619 2178
1373 2201
933 1843
2011 3986
2499 1504
4295 2262
1910 581
1400 2922
2443 4314
4723 129
3363 4252
1568 4303
4611 4189
1399 2333
3674 1246
3922 1762
3025 2724
4957 4510
1255 590
3468 3355
4940 2499
4376 4646
2808 3721
2906 4602
4363 4607
600 383
4587 2918
3318 826
2850 4340
4836 3394
3943 4588
176 4919
4801 4646
1899 4585
733 4787
4856 3500
444 2753
1656 3021
3320 1131
4369 4629
1977 288
1004 2619
4060 1695
1453 2501
1633 562
217 683
1454 2903
1995 2497
4918 1857
4507 3860
4610 2524
251 1946
3804 1890
3436 523
2321 1508
163 201
810 2295
2533 1224
3791 97
133 4899
169 2054
386 2115
738 1242
2405 4986
4506 4682
3436 1462
4448 1717
1172 458
3981 4196
1683 1656
4848 2750
3713 986
2907 507
2700 977
4885 1090
906 2394
943 610
698 1937
1472 4973
1364 4236
964 1535
1169 3632
574 1562
44 725
847 3513
4978 4328
456 2571
2222 4262
2953 3803
2874 3446
847 459
3240 2995
4944 2876
2331 871
1958 4132
4879 4710
1184 1593
754 1519
3472 3368
4161 1170
1651 768
3383 2458
4660 478
4809 4680
1738 2265
2508 4718
4872 1275
2734 2640
3819 4273
3213 4606
4225 1012
2818 662
2013 3867
4726 4754
1689 1851
3082 4994
2795 3195
769 4255
332 4647
2703 1948
985 4400
4050 3657
4370 4012
4048 1998
3251 1714
4988 1857
4641 2276
4943 3474
4289 1827
603 465
3849 3584
933 4961
1077 1779
4106 4248
3198 2378
2548 3525
4981 2213
4149 3342
2709 286
1730 47
3647 876
1816 555
1434 371
39 4077
438 1346
4210 1008
3320 2159
2753 1428
7 4624
307 4011
1342 1317
4364 3916
3777 4120
4013 1155
1868 2756
2169 1147
916 2588
613 4925
457 1566
183 69
601 3792
1673 3100
3375 4832
1471 3688
2231 821
699 3243
2239 2405
2663 53
3787 1182
1401 3971
2022 3538
3019 2511
28 2753
2314 73
1699 3399
2358 3801
2550 1416
2795 4390
2921 3882
1060 2690
4952 2081
3164 3814
3158 1824
481 284
3517 3509
1773 2934
1784 662
3047 4197
4401 3677
3842 278
3312 3422
2829 2098
4371 1910
337 1687
2175 4001
4747 3546
2378 2763
2568 2827
1433 1220
1191 4196
2967 3190
1973 2789
2201 1099
1882 3911
744 4459
4766 3068
4477 2534
4808 655
186 1766
4877 2723
662 1956
4482 849
4543 1206
69 4622
1540 3596
2709 1895
162 1336
3561 416
4346 367
573 3113
2052 4755
2066 3606
3626 1703
1828 2590
1965 875
3504 801
1613 2260
3854 1106
4652 2435
2326 4206
4062 271
1382 2979
3460 4435
4891 7
1257 1809
4684 4401
2202 1927
4829 922
2662 1201
4340 2035
1458 3070
2886 3312
1375 1935
3321 543
1057 3877
2083 4680
3762 1190
379 3550
3633 2766
1961 4214
3941 3922
707 4948
2211 970
3260 4346
0 35
2208 4072
3375 3676
4507 4177
2684 1244
4012 2236
1901 4339
3029 3997
1474 61
4578 2435
928 1585
3147 1077
2319 291
4613 2694
4550 4089
744 791
2981 759
3517 2049
4864 1570
4430 3241
1900 3930
4054 720
4624 4707
4955 2369
3568 724
2762 924
4315 1410
3691 4248
4213 2818
4868 3683
2137 643
4867 1699
2187 1271
3834 441
202 2764
1141 287
2007 3981
3595 1731
1208 3778
4192 1768
2400 304
4891 2557
3746 1686
640 571
2375 3800
452 2933
4503 2895
3835 2192
673 2346
2065 2191
320 4517
2184 3008
3656 395
3951 3418
1174 398
206 4959
3005 1571
2060 3050
4894 3499
2850 3239
1963 4978
2491 1053
4369 2360
1824 954
2614 1163
823 4716
231 1237
3359 2934
2029 4256
3558 4017
4002 803
1685 2395
4944 4793
4246 78
2845 2334
3500 540
3178 2936
3793 2663
3789 3788
1935 2567
4514 3188
2940 3834
2098 1083
144 4235
2947 4398
2109 2695
4133 3303
2297 1061
257 2906
3712 3293
4886 4273
1086 4655
1587 2878
3958 2085
3587 539
2256 2580
3777 1147
1106 4898
338 1813
267 1140
698 1242
854 633
1930 4909
825 3041
821 2699
2852 1085
622 832
2902 3013
4918 1742
2685 3092
700 352
4109 1487
984 2536
4818 1442
2828 4921
1243 858
1467 2828
598 31
2108 3570
4460 1110
4196 4336
2401 3791
677 4171
3235 1394
3453 3738
663 2855
3555 1898
1239 4642
494 3229
2657 880
524 3837
2982 890
444 2959
821 465
2963 2932
3827 3504
3579 3062
4946 931
1089 3760
1817 4793
4895 621
3590 1001
1507 3789
3343 4282
2031 4101
1866 1534
1641 1128
4154 2816
159 4049
291 4419
2279 1169
414 1377
916 658
2946 3384
4256 1106
4881 2057
3026 3374
2899 3361
4436 306
3961 4662
2171 4432
2955 4589
4731 1754
4697 4786
3024 2054
2654 4259
3814 1130
4406 3416
4763 2922
912 2734
2987 2600
4725 20
807 1313
344 4365
1892 512
1725 512
2521 4782
1187 3523
1033 3180
2622 4404
2201 3340
2499 455
2872 487
2390 3186
3716 3644
3814 3713
3142 1844
1327 2341
3025 4724
2019 3450
980 3489
3621 4600
813 1268
4175 2059
482 1203
4754 3276
4704 2638
3673 1583
2364 109
2032 2239
325 3103
4003 391
3098 2964
858 1716
2665 2788
1754 2602
2455 2289
2063 707
1514 565
4345 1200
1273 2121
267 549
4167 1857
3108 4752
1106 4034
1637 691
3330 3894
3049 4990
4407 998
2676 2298
4419 281
2956 2793
1731 3521
3623 549
964 966
565 1715
25 4966
335 4109
322 13
2772 597
3315 2172
1897 4070
651 1581
571 1418
1634 1784
3868 951
637 4720
1327 4783
1368 376
3217 697
418 4278
3382 2580
2190 13
4824 1189
2372 1004
510 206
1097 2100
1841 361
2455 3900
2973 2696
2690 1072
4858 1197
760 1132
4873 4514
743 2368
2662 1108
405 3689
2439 4777
3886 4357
2783 2729
3326 980
2355 2496
617 3358
4775 4857
4644 2571
1747 2443
2623 448
917 900
1569 1489
101 3155
2228 4755
813 382
4428 606
2221 276
2136 2677
2514 4334
980 4779
2243 1089
1495 2346
4584 3129
4874 3331
4301 2518
2627 3311
2879 4586
1359 4270
1545 4737
29 4041
4206 2324
1233 4052
4639 4748
4932 2397
3651 2290
1349 3380
2395 4960
1141 1752
2545 1631
1632 1236
1871 4163
2304 3598
1152 2888
1462 3580
3705 1670
3429 1833
4166 2913
2663 3312
803 2531
127 4862
4481 2744
1288 4583
662 747
1943 2141
3967 3832
3695 1599
2168 568
1152 1303
407 921
98 4974
1750 1510
3254 908
787 2641
541 3144
2082 2874
4472 3785
1702 1897
2039 1119
3018 1758
2419 441
2482 4544
3381 401
1858 4051
4108 4666
1304 96
4932 1895
3575 1508
4443 1853
4224 2613
23 1585
2861 1604
4669 3154
4565 2534
2820 1544
1256 3321
2234 1493
957 567
2851 4819
4023 804
773 4024
3654 203
1851 1588
4703 273
2065 521
3090 1242
2089 2775
2333 3399
3024 2672
3287 4351
3736 4313
137 4674
1384 734
4393 150
1069 4029
1323 3728
868 3942
825 4969
4208 284
3190 4082
1938 2363
4943 2269
347 3119
4080 1055
240 4461
3111 3074
3080 2405
4750 4762
3079 357
4834 1166
324 1757
3399 3526
937 838
4284 4288
3646 843
807 3067
4115 702
2227 3245
2486 1796
4308 2429
2470 4696
4050 4013
1055 4553
1093 4018
530 1313
3987 545
2172 2935
1634 4860
3023 4662
226 764
2395 4294
3569 1417
4928 3553
170 2639
4282 2903
3120 4154
4731 4937
1570 477
4977 4034
3593 1722
3174 3734
4717 2524
3071 1598
4562 644
3220 4175
2895 950
2622 3274
439 850
242 4180
4069 2438
3868 915
624 1720
4950 1672
1092 4327
3579 1074
4161 4181
4680 3107
3345 4923
1132 1957
1821 766
4119 1896
2253 4646
2654 627
850 409
2990 3187
666 187
2302 4346
977 1234
948 3500
2637 1424
4278 356
2509 3864
2322 2652
2880 3065
3075 2704
1051 366
4341 3713
1614 4226
1909 1037
1551 4134
4274 3962
790 4350
2323 1085
1085 3995
4970 3060
3605 1109
1013 4273
2992 2433
412 2586
160 3344
2448 2017
311 4771
432 1794
3375 382
4572 4076
2114 2341
251 1463
1901 4169
2651 748
1493 814
2719 426
564 2915
1056 942
2637 2628
2342 3641
4799 226
3690 1226
656 3105
2957 649
2395 3886
1055 3566
1797 1451
4068 4394
2494 4689
3103 4088
1692 1252
1950 2985
1746 84
2695 388
143 2410
685 4734
4243 1246
1223 4118
4934 1722
2366 3608
3885 4414
361 3770
2985 3594
2478 3331
86 216
4375 1385
4530 2478
537 4641
3207 1312
256 2413
2767 4880
2113 947
3737 3619
478 3573
4871 1130
3956 3018
625 3432
731 1746
2877 3516
887 1347
109 1111
2898 4938
1801 3471
2909 3967
3862 2200
4668 766
4844 2771
2506 982
583 2915
1944 3848
4356 4936
3397 2618
3091 1847
3424 1719
4943 4375
3550 2759
246 1364
4965 2760
3666 1212
4066 2484
4511 4936
1190 1115
2737 3355
4416 3522
690 579
3143 2641
4797 4471
4920 4673
1496 1369
2143 1976
3092 107
2124 1565
556 713
1637 2089
3059 4171
4860 3450
373 966
2270 2837
1217 3052
1668 805
3425 4458
3525 4086
1412 3878
1897 322
31 671
4029 945
4517 3993
1808 3385
1933 287
199 1372
3549 3786
3106 781
3988 3657
4960 1191
4771 695
2351 1282
3656 4208
4354 4881
4054 3591
3801 4003
2776 4632
3532 2337
1355 1080
734 2543
2339 4595
4948 2113
2034 960
1876 1757
3751 3941
2987 1733
3452 646
1583 2575
1989 1257
1785 432
1467 941
3280 1911
1424 889
256 4636
4084 1048
358 4167
1089 4324
2011 3384
1135 4467
1364 329
551 4351
2197 161
4276 3221
3093 1460
541 4777
375 3689
3636 1632
4494 2303
843 4931
404 2269
1888 3603
4782 1894
4650 2812
2428 3346
4241 4672
581 3803
244 2749
1290 78
4221 2274
4570 2011
2101 2332
225 3707
708 1996
3476 2371
3048 2582
1162 3774
3060 2582
4811 2320
1652 4051
1070 4882
1623 1277
3655 2182
886 3602
3222 3092
2806 1741
1481 1054
1595 1460
4682 1735
4597 1521
4150 2771
3698 68
4934 4667
3354 2433
3513 2789
4187 4617
2006 4882
1050 4761
142 445
3927 3034
1463 2230
2751 1401
3670 4691
2189 1979
1967 502
4854 410
2667 1779
2951 3643
3289 107
2794 1773
1843 2485
559 765
3493 2095
1696 2885
4332 876
1427 666
3435 2726
3464 2323
3749 2835
2309 868
4478 181
608 3079
1813 1840
4920 1732
3747 666
2261 1332
4282 4773
3321 2392
2276 3296
115 4079
232 3067
1149 205
3328 4295
1096 1449
3119 2153
228 4134
4178 344
49 1386
4337 4117
1144 1235
3311 4460
1479 1808
2578 1353
2987 2537
1069 4371
4421 345
4152 473
3606 217
1341 323
1232 2194
2862 3758
2057 3262
699 983
3865 4983
3385 2510
913 193
1513 3106
4425 3677
3717 1601
3999 3810
2055 2181
1704 4948
3586 2976
2996 3183
2548 1145
3177 4905
4037 1156
64 1446
95 1219
2140 807
4999 208
1442 218
3619 2909
2496 1090
21 938
2522 707
4802 3801
3573 4654
427 1174
2257 2231
4070 754
2290 447
4662 1940
493 2642
721 4282
160 4530
69 1343
17 2899
3362 2267
423 1736
1702 4982
3672 2730
1573 2069
1329 2783
817 4062
139 769
4173 3320
1320 1761
3743 3746
913 2351
2612 3771
1401 2026
1112 3877
565 3776
4483 4402
1175 3807
1492 1351
485 2952
740 2463
1050 3116
3566 4375
4780 1191
1905 3546
2044 1439
695 2055
990 2815
3176 1978
426 1896
588 829
3116 4216
4306 2078
1693 4279
2487 4951
4729 3711
2745 4056
1850 867
3127 2697
4150 3196
1792 2021
3443 4966
4145 2674
2698 4754
3643 3383
2046 2161
4410 623
1039 4095
4102 3022
3807 4122
3270 3509
4812 4273
1110 4206
2156 3974
4075 1543
4286 1910
1829 3050
3345 2660
3409 4179
1684 4612
1467 2774
4654 1060
2100 2652
2750 2835
303 4469
277 3339
4416 1106
275 600
511 3110
1340 4395
4591 2561
3950 130
4401 4928
382 1267
2446 2383
732 2085
2819 292
352 3033
4364 2408
4286 1856
995 1074
1225 485
4079 440
3041 2395
2819 1646
2237 4258
778 4836
3254 2055
1362 4739
1617 10
409 3448
4201 3355
1830 2880
1138 1284
2845 4929
2026 443
4010 3519
4052 4329
59 450
3650 1085
1896 624
4108 62
2064 1549
4467 2881
1310 2084
4850 4696
3780 3390
1902 2021
3237 950
395 140
1115 520
4574 1747
3523 2887
1425 720
3284 4406
1860 1180
1262 2559
3837 1324
854 94
3690 2285
788 2854
3061 40
1568 2
1461 483
2012 3013
4200 4592
4999 4148
4215 70
1464 351
4283 2650
4662 1648
3042 1658
325 311
2565 2311
1518 3132
2520 2422
1035 1170
668 1144
3240 4295
395 1395
2659 1789
2313 3149
4095 4729
3713 3965
3691 4844
2637 3998
4375 3166
2793 594
1880 1831
4322 1833
4057 1799
366 4487
882 2775
98 1074
3692 3520
2536 1368
1174 3252
1260 1809
3828 3280
4441 2596
2356 76
1640 1116
1072 3973
2595 77
1276 3701
2860 945
2581 1851
2088 3319
2182 3944
4762 4573
2134 4998
707 3448
3999 4170
4916 818
3460 3736
3512 532
3722 151
3991 714
2950 4635
4109 173
4164 1406
3173 756
4786 3054
2900 3755
3839 3370
2114 3042
2535 3202
3238 465
812 3751
2665 783
2973 2755
1801 1549
1458 3603
1896 2665
1396 4447
1724 852
4352 64
2620 4171
4687 4944
828 3123
1731 8
3790 2160
3943 1624
4552 2995
2452 712
1489 3790
68 3062
313 427
299 3636
4774 1323
3696 1521
2158 1689
1574 3926
2927 4965
1016 696
3549 3490
4844 4581
603 130
2118 972
493 1825
371 1114
4901 2578
4248 597
2366 4986
605 2303
1925 3775
2644 412
3187 864
2728 1264
1123 4357
2035 2385
3572 815
3174 2861
4983 1612
2693 2303
4259 3939
4377 3827
1449 2369
3090 564
4994 2689
300 2300
1068 1803
179 4559
3750 2792
2757 2742
2765 1952
1342 4037
688 4100
3995 1213
4078 207
3857 1260
51 176
1007 421
2977 2503
2699 3492
141 1225
4734 252
267 348
3176 4179
1025 3197
3468 257
1495 3673
3604 1071
1013 3877
3221 1352
4931 160
4643 258
4457 2801
4327 86
3258 4882
1037 2708
2626 4781
1655 4440
3619 3786
3695 2386
326 2512
3013 311
1413 191
3292 237
4818 79
136 4034
2809 1266
2353 384
235 720
2771 889
2175 3275
4186 3873
52 1876
3700 1547
1783 2076
4272 3000
3785 4658
4671 3399
3703 1171
1280 3244
1021 1222
4484 4194
671 3326
3685 3357
420 947
2244 2245
2831 2449
4137 3690
2857 4675
4735 2560
1207 2203
3962 440
1302 1000
4180 1936
2948 3467
1623 4035
619 3542
2439 4221
2834 1036
4892 3477
2007 3458
804 4988
4293 3473
3677 4073
1081 1316
573 2693
1916 180
1154 1538
565 4603
1384 337
318 650
1496 1430
1578 4368
3012 501
331 3414
1289 3831
4444 3462
1337 3747
4534 2666
3380 374
3757 3876
2354 4652
1953 3389
527 352
835 1251
3294 2915
3857 719
4772 435
6 104
3911 519
2456 3003
765 1426
2738 2638
3870 1152
3400 164
870 955
3941 1719
1163 1597
2915 3092
1875 2785
4073 2166
499 304
1877 1183
1972 2579
2407 4539
3771 224
4645 3723
4479 252
2168 4802
1461 3239
1515 4279
152 3426
797 712
1923 4144
4200 2328
361 982
2109 4868
2327 1660
4752 1890
75 2038
4532 4067
257 929
589 604
1348 3420
1574 2590
456 4789
2127 4791
112 2817
4121 1850
2327 139
4067 511
2079 1539
3792 1028
1230 4994
1582 1608
266 3923
1844 1902
2311 4871
4512 1614
3223 4373
1093 3953
2115 1303
498 4968
2283 3483
3082 3380
1631 2042
3245 3293
4713 3546
3697 2886
66 3215
3882 4704
752 2689
2901 772
4390 2979
552 4896
1520 3130
3427 1549
2051 1990
3262 3173
1800 3310
3854 512
2858 4346
2906 2714
152 76
2952 2821
1882 1972
1432 4153
1205 3250
1245 1161
1486 1583
4604 3479
3516 4935
1338 1549
322 3527
3063 3861
2190 116
1860 1801
3900 4857
2512 3077
4832 2588
1082 2407
4398 3608
4982 4359
2981 4135
764 872
3928 34
4315 587
2192 2341
2812 3545
4181 2281
949 3887
104 4622
315 3581
1544 2753
862 4157
4970 927
1782 3321
3007 1120
3941 2642
2166 3616
764 1098
4187 38
3298 3529
648 3243
977 2634
3704 2041
286 267
929 2597
3886 3272
1997 4584
3832 3871
2299 659
4522 4748
1457 3913
1208 1331
1955 3156
11 2401
64 2583
1152 3402
2071 471
1265 797
1778 1491
1624 3088
2861 3562
3103 3338
1551 4215
1143 2907
4786 1606
3067 4077
2365 1139
2206 663
280 1279
3160 3434
12 2650
802 4208
165 3101
4323 2064
983 1264
828 445
809 3461
4897 4250
1885 1913
4286 3400
4574 2685
2729 4485
1512 2762
1466 4167
4961 4361
3008 1331
1363 4977
3583 4550
1125 3111
1142 2434
1504 1921
4261 2871
2942 4639
802 4289
3478 3426
2973 4283
979 2734
3911 1020
4608 2813
447 724
532 1542
3377 1089
4094 4712
3562 3891
4562 2847
3626 3825
1567 3281
1968 2400
244 3838
1726 1882
3309 1125
841 2985
2468 4230
4592 2518
4041 427
3309 2379
1213 1746
691 3296
3216 4276
880 2859
3471 1079
2113 3837
2464 3510
314 3702
3265 2746
3721 3641
4412 28
2539 4360
425 286
4671 2838
3764 1682
1306 984
830 2978
369 1631
3450 3756
4323 1988
4477 4566
1692 3340
1744 4783
3592 4306
4134 3242
3410 3431
2172 2826
3329 3601
298 1883
86 3197
979 1533
3837 4421
76 1702
1555 4555
3885 2994
4055 2190
867 3668
118 4308
2337 138
382 2850
2005 432
2185 1245
4158 1533
2068 1653
467 426
1373 1968
3667 2098
2169 960
4695 2965
2286 4657
198 1155
827 2608
2469 2784
760 3656
2578 3644
4879 3718
3092 2176
2387 406
4038 3510
2349 1096
272 1935
2234 2681
2509 1622
4226 1356
2126 3186
4362 4101
3621 2664
2078 2831
1869 4478
31 168
3199 2897
300 2206
588 1260
3954 1504
412 767
3123 4092
3226 8
3530 4792
1473 4804
2199 4782
3731 3369
1658 3243
1927 2459
1419 4780
1330 3112
4008 926
1375 3433
1614 2203
2808 1986
4379 3498
1691 4633
4979 3688
622 4625
2043 1307
4941 4704
3167 1755
3564 533
3904 4026
957 1864
2974 973
212 300
3976 823
4391 2900
3246 3506
897 401
1694 2769
1223 1083
3301 2409
4053 1525
592 921
4026 3560
2641 2924
2451 4527
3049 2694
821 2457
1526 2182
4936 3531
4370 1658
1546 3293
534 3592
3302 3397
531 3581
4586 4854
754 378
2651 4718
4917 2184
3373 1749
3451 169
4458 957
2198 923
3280 838
2078 3150
524 4398
3421 4985
405 3553
446 4170
3123 3621
4998 1865
2531 492
4524 4555
4270 4243
3605 1759
2024 3660
152 4906
4004 3092
2780 1217
4642 4281
64 3445
1107 2397
3390 142
919 3036
2287 3123
2145 1110
3352 2362
4804 4379
3776 2787
278 4242
3576 1207
2385 1701
2131 2160
759 4328
4358 1267
1669 774
4836 4802
3612 1107
529 4926
4111 4034
3993 1907
1447 534
1530 4721
1976 2427
4463 2418
3957 648
364 3226
2708 1118
2857 1216
2937 4176
4950 203
1957 1426
994 2293
505 3861
3818 2956
3982 1456
430 437
4415 2965
1701 569
2328 2322
2644 1916
525 4984
3669 3854
3652 730
4368 4
2069 1422
2196 4028
2833 204
3115 4728
2862 2577
455 4594
3303 3967
3006 3195
2541 2196
1989 2241
3532 1732
4465 2155
2639 4260
4376 4510
2420 1879
4966 2375
432 2430
574 1389
1184 2176
2364 3870
4578 3447
4046 3205
2713 3787
3303 3592
1164 4753
834 632
597 1967
270 2995
4626 632
3978 3132
3734 3969
2454 3973
3742 1393
3572 730
3888 3701
695 352
952 4408
215 177
1 707
3444 1022
407 3219
1919 3931
4554 1488
3963 3345
290 4222
4845 2669
4120 1894
452 1409
4897 567
1980 3088
1744 2848
4680 4774
2955 4228
4152 3325
4958 354
3528 4717
4796 2727
2874 1220
3727 4656
3011 1616
1470 267
3149 4466
3150 2637
935 2091
869 4352
3769 1681
4305 660
3439 4452
4182 4980
1957 2340
3794 50
1590 1343
2957 3309
4454 3449
1630 3114
3123 3888
4576 2402
3494 1876
2743 1123
4850 4644
3341 2800
608 1679
252 542
3259 2424
287 2915
2911 4968
694 217
4133 2017
2192 373
2304 3512
3461 2071
3855 2357
3664 1724
171 3011
4636 2152
2914 4972
2048 989
1367 2723
4932 4394
1424 105
2289 2325
2941 2799
1770 1876
98 72
1332 3510
3001 4987
2455 941
1187 4534
899 1933
2357 1559
4691 3512
4000 1530
4296 3352
2583 4029
3557 3298
4492 1389
3056 4195
1499 2617
2655 3407
4071 1122
4757 2099
1360 3496
4198 104
1560 4212
492 1904
4336 776
3212 4072
4921 441
2985 2593
2940 504
825 2585
2299 141
1234 3740
2902 2711
4671 3324
1198 2666
2104 954
4152 4584
4328 652
347 930
449 1639
2364 2762
3781 2954
2053 1185
1344 2910
448 3010
2483 2745
3401 3835
2004 2945
4399 1786
461 1640
2605 2786
2036 401
3784 4898
4274 164
170 2457
2240 1660
1608 2813
4096 4094
764 3041
4046 323
4080 1475
3558 871
1147 785
1234 343
4125 665
4005 4320
2679 4111
3619 2613
2521 353
4019 175
3033 2983
486 2136
3721 3570
915 2709
2086 2351
1240 900
3054 1337
3862 485
243 582
4190 3546
2349 1233
3539 581
1931 4924
863 2050
232 2627
4085 3881
711 4648
4166 2049
4032 2842
3924 843
3921 3145
4772 1753
1075 1253
2046 1507
2751 4788
1039 2144
1923 999
3318 3422
4619 1741
99 1238
4477 1045
2705 732
4853 1122
1389 2505
926 964
4657 2346
2742 2439
4766 4000
728 3497
4709 2103
2216 4756
4183 4187
1185 3152
4252 3626
3081 205
3900 2855
2719 4998
2826 149
555 2966
4413 1461
1388 4264
1296 4470
4144 2704
772 4863
2214 3547
2664 1921
2421 2190
3471 3539
3536 2530
4068 2663
3086 3706
3666 2688
105 1400
3630 364
1413 3898
4534 1990
179 4229
2679 4037
1393 393
678 4584
3713 4096
4591 3658
719 3107
3793 2115
385 3564
2581 595
4335 428
1804 243
1167 2228
1790 691
4558 3419
4419 4259
4291 1402
4809 2769
3419 4564
3670 2405
662 826
1815 466
4622 4651
727 806
4671 442
2399 3650
1282 4308
3661 842
3279 717
1162 3307
2575 1849
1975 1990
2854 3376
1234 752
2996 1601
3526 3608
1851 2934
4072 331
813 199
2282 2170
677 3004
1555 1043
34 1720
1276 2684
374 1793
1415 391
341 1773
4454 4074
2127 4587
2594 1139
1488 4290
3029 2255
3943 3551
3272 2994
480 604
947 3297
3475 1357
2121 4499
643 4579
2200 2615
3499 3310
4280 3260
2742 3769
671 2386
4173 453
4876 2977
861 2681
3690 4439
96 581
4037 2450
1028 1544
727 208
1087 4957
370 2161
3290 4594
4434 4418
4648 4074
1176 1076
256 3279
1324 2833
4184 1670
2052 3007
4871 2935
4549 1030
3055 3301
2029 4946
3770 1256
779 152
278 4991
2933 1395
2748 4816
1359 3307
2744 3875
4516 1629
560 1123
967 3582
633 1227
1023 771
3783 567
1983 2803
3735 2390
2170 3782
3517 4044
1646 3830
4288 3408
2313 4261
2251 337
2306 3110
1947 1616
1828 3727
4715 1169
2872 2125
4568 4923
65 3098
4714 4978
3607 4091
3853 2482
2966 4902
2033 4050
2725 85
1941 3182
929 3435
1310 2693
2590 3895
4592 1593
283 2267
1144 1212
3186 2039
416 2246
2298 1344
1111 4010
3386 3085
1298 270
3203 4079
1585 4875
4644 327
1768 3253
2747 4647
1618 3601
3034 2240
481 1733
3881 1453
1562 2681
194 510
84 4588
386 60
4095 1453
3703 4756
60 980
4279 1130
4687 2794
4585 3393
4553 3821
4987 2624
4775 2268
3007 4934
3389 3758
4309 4525
3913 430
4040 2399
359 1669
1678 916
1890 2306
3177 4537
199 215
4762 777
4473 415
52 4753
4790 784
3277 4825
4277 2592
4507 3766
3963 46
4700 3593
1010 2419
2260 4763
2149 4730
3526 2699
38 3876
1189 76
4291 2782
4979 3263
3324 1066
988 4624
653 4168
967 50
3113 2196
3735 4202
2768 4530
3025 45
390 4452
3766 1132
3522 2688
2298 2338
3278 2307
270 2228
3691 517
3957 96
3153 308
1323 87
1186 3849
4068 780
784 3364
2264 1761
1683 2700
4273 4708
28 3851
4914 2016
3657 1087
4926 2809
2590 1389
1629 4129
2119 430
3374 2356
4315 233
919 3999
85 3936
1967 4975
1643 3521
1427 2850
4964 2991
475 1100
3736 1006
3597 2037
978 2610
2376 947
2041 2029
44 4274
520 2220
4404 3160
1037 4722
1982 3096
688 2361
2417 272
2020 4348
3381 4973
1773 2542
284 3096
4821 2496
1096 3920
1982 535
429 2164
3273 2563
2752 2435
2758 4471
581 1035
1281 3682
3962 1497
3877 3850
4613 7
2488 593
1272 4635
3516 4235
3768 4730
4458 1764
2267 1595
4709 1781
2540 2770
2719 1756
4116 3192
128 1916
1641 677
377 280
4448 1973
2982 3057
4978 1022
2542 4094
4636 2647
1552 1768
2362 2849
1422 4249
2861 2562
1956 13
2119 1584
3012 1653
4096 1526
1694 1879
570 3762
2190 473
90 3472
2203 1351
1376 4723
3351 2271
3555 984
4566 4081
1870 4842
394 4803
286 826
1510 4618
2825 1739
1532 2218
709 2906
4294 3225
132 3092
4206 2649
1235 3277
1411 3589
2606 4899
2004 3701
1272 2296
834 3082
3966 1825
1311 506
2545 4458
1784 327
4006 774
3495 3434
2458 1417
4435 1005
274 2907
4792 985
843 2486
3632 2229
1471 3117
4071 3423
490 3631
867 1787
4772 3813
102 1564
4732 1603
896 569
2034 629
2306 2854
3314 525
1076 33
3314 1961
2588 1298
2900 4300
1820 3606
1598 3646
2738 4810
3527 4115
1683 2942
2089 1613
296 2323
2167 2819
1719 2
2143 3388
1181 3275
2767 1925
3592 4011
3397 1849
3931 4107
2190 4517
1919 684
2401 348
4652 1639
2769 3176
4536 1790
2144 4125
3890 4685
1593 798
846 294
1888 1332
854 4484
2465 3252
2259 4146
49 1114
1500 798
4 874
4502 2328
1227 1088
1297 3150
394 2234
3292 4706
3014 242
3388 710
1888 4075
341 1803
1345 335
2554 2151
1449 1721
545 3761
3692 4180
4742 2169
3099 2151
376 3803
4567 4535
3930 1332
3221 2947
2653 4116
1187 620
2663 4555
3033 2054
2118 4364
4466 2234
2290 3077
3979 2074
2591 3210
4709 2350
2013 1635
485 769
4908 2745
902 4849
2034 1954
3321 1711
2100 4848
2178 1339
1902 3066
2301 2143
2730 2806
1616 3430
1646 4062
3642 2088
4826 3753
2583 3349
3285 2334
2275 968
4825 2814
4038 1701
3186 2957
1358 4132
3331 654
753 3883
546 2664
4099 3528
297 2306
2201 3893
1062 1880
3574 4686
4597 749
2408 2784
1172 189
644 1937
541 1915
4630 4555
16 2980
2397 3086
1919 528
1866 1573
3088 4917
868 2148
2953 3988
3871 2735
2442 4445
3956 788
3206 3402
227 3199
3680 2451
375 4018
44 1002
1843 3607
3546 4203
2851 1218
2280 33
1759 1236
3659 2322
4271 3600
2415 4089
685 2250
3655 1241
1571 2287
2407 557
2610 175
1440 2187
4962 4172
4985 1775
4349 3821
1880 2665
1280 4446
4093 4695
1554 1417
1907 4803
1933 3553
377 3879
2568 550
1279 3360
1577 3365
4160 2243
4992 833
2747 2721
2082 3748
4820 4739
1749 4247
2869 2382
1710 3610
741 4636
3323 3714
3726 142
2549 4373
3346 2779
2035 2750
4229 795
2473 4414
4812 549
945 4012
4210 1196
42 455
3133 2031
1216 4919
2185 1573
2948 4535
2915 1192
4909 429
316 4733
3083 2480
4332 3846
2276 1968
1149 4458
3475 1012
967 4440
3424 4611
3903 1581
788 4525
4372 3806
1872 3722
905 985
2026 2775
3036 898
1503 2065
3717 1036
2018 3540
3210 4302
1636 3221
2270 4077
1183 3039
4587 2785
3637 3733
3353 3707
1190 3485
436 3994
3566 2121
2161 1810
2210 2783
2614 1605
559 706
4497 4042
4356 1289
3120 4286
3248 2522
4689 1447
3767 4133
1627 1222
2590 318
3898 332
2927 4123
3834 1347
870 3126
500 855
3218 4236
2750 3327
4530 2326
4225 1564
1307 3618
3534 3177
3316 2594
2144 473
3448 3561
2957 2734
4188 2653
2870 3901
1450 3186
3437 1880
2012 3744
2464 4816
3768 1233
719 3445
4338 2854
3984 3420
1225 4312
681 4835
1832 3111
2283 1170
3785 1805
754 5
3295 2688
3689 755
4945 1161
2822 2254
462 2867
3842 4871
2614 2675
1342 896
3496 2106
1184 1087
2306 3584
675 1272
2745 57
1035 3799
4300 3064
3954 3752
806 442
3655 3265
2465 2208
301 1246
3377 4791
4513 4510
3460 1810
1043 3813
3422 1044
3601 295
2853 2227
1256 1516
3939 3726
984 1296
2004 4363
4164 820
2754 480
856 1923
3019 4676
1709 4903
4755 1820
3561 1826
3073 2506
125 1624
2329 923
977 4189
1819 2773
1789 2842
4814 2093
2991 1595
4755 2028
4411 1024
4360 3386
3851 2340
2388 1330
716 3022
4629 462
1664 4158
4709 4121
4223 3466
2897 3968
120 1054
2921 514
4484 1419
3555 2250
4240 383
2988 4151
2919 4737
2274 3469
4720 703
4908 2973
4360 4530
2125 4722
3747 870
1918 4512
3827 4061
2617 3724
366 139
2234 2320
4726 4091
4059 292
852 3598
1165 4446
3522 3158
3790 458
4464 3859
3070 4705
3067 814
3748 4975
898 1912
4585 4160
1787 1400
3451 1193
3994 1881
1556 3531
3201 1193
1266 820
2506 1501
2855 4586
2198 4368
4652 3863
4617 1834
1411 1650
4757 2731
3430 411
811 389
2200 3869
1817 2363
4873 2022
3443 4271
4178 2038
927 3544
1611 1784
3765 3214
4823 3650
2239 375
2471 880
333 4218
1808 1960
358 211
2216 3916
2572 3745
4686 1604
1803 2761
821 241
969 4071
3616 4637
166 352
1792 4715
234 2214
866 1263
4163 4463
1620 2620
4349 4413
997 4746
4519 54
628 2405
2110 1401
3561 4199
1063 833
2654 2926
2899 4296
171 1097
15 2890
4890 3227
1812 2936
811 411
2795 2922
2 211
2447 209
696 2712
957 3751
3057 826
4912 709
4775 4336
3607 2746
4444 1115
2025 3263
1513 1131
275 4441
3158 4471
2180 4586
4406 3088
3773 4507
89 4461
3550 3173
4047 2302
2967 2188
4049 205
2346 3643
4472 3602
3880 2884
1240 919
137 4108
1148 605
3953 1786
4893 2738
3211 509
168 4820
3073 4411
2411 2645
4670 1817
632 652
1461 4802
3319 347
2384 1689
3939 4757
835 719
1848 1577
3365 2786
4184 4503
1435 1549
2014 182
4240 3707
4309 3808
3152 4679
684 2461
4770 1388
1792 3482
1091 2435
3845 734
1168 1296
2739 3556
2316 2388
2561 4093
861 3325
3584 3906
1497 1358
408 4331
844 391
4270 2750
1154 2355
486 184
952 4293
3483 661
639 113
3328 2020
3212 3714
1128 2372
1275 1627
1916 2304
4495 970
1283 3821
4165 3643
1773 3620
4186 698
1921 628
4694 4285
1697 3643
3844 3339
2420 2955
3606 1108
542 1872
1141 2810
2700 3174
4184 3932
3627 4613
23 1376
3799 333
4931 2015
176 4529
1633 2047
1533 1744
4161 1213
200 943
2929 366
751 1034
4952 1677
852 4569
3246 1613
4137 2218
3672 2223
1698 2006
1734 634
1391 4165
3543 1791
3865 927
4851 1879
2689 1293
2313 4600
2308 2696
589 3197
2251 2307
2983 1413
4226 3830
3996 3665
4205 3109
2120 3931
329 448
1424 1427
173 440
2703 2619
2418 2672
2289 1839
1153 3913
2895 2843
3781 4027
4214 978
3815 2033
4461 3310
893 79
3802 1398
2620 1903
2746 3564
1447 4650
2909 2049
3333 3761
2283 3474
4551 241
712 4616
3815 4950
1832 199
3836 1014
4706 2728
1330 988
3386 183
3939 4067
3375 1736
1132 2309
4411 4959
4329 4498
4933 3039
814 4649
2418 576
2689 2462
4320 1141
4567 2108
4242 1743
1342 1502
4946 3767
272 3822
1370 816
2888 2388
2657 867
4787 1199
1150 2940
53 1139
4872 1054
4529 4732
4299 2925
605 1352
3981 3704
966 3788
1797 4395
2720 1016
3937 4633
2858 4443
4466 2861
3313 941
395 3090
2778 1704
4567 2176
4013 1940
1476 1104
3444 1238
142 1400
3514 4158
1772 4889
4325 3717
2232 3078
4784 3153
2979 3230
791 886
3878 1106
2429 3232
1393 621
2234 4425
338 17
3047 3405
1224 2136
1338 4372
2326 4104
1783 984
730 4310
2956 1800
4981 2479
2837 1001
3078 1891
4628 1155
3410 184
4325 4480
2461 2082
2005 3779
4633 2204
4350 3479
1548 2938
2924 3650
110 829
3290 2838
3540 4752
3059 4601
875 490
2817 1210
1960 2763
553 3451
2038 1502
315 4546
233 4771
559 1373
3637 1200
4310 613
4356 3177
4127 3658
2576 3820
2061 881
309 2887
333 4919
1568 3843
2240 4990
1087 2492
3348 1261
4949 2223
4105 2524
4821 3117
2257 1422
1967 1879
1887 39
863 3090
959 97
3454 3159
955 3489
919 4793
3558 3729
531 3104
4896 4458
3040 1557
2885 3638
1871 3897
4503 705
2212 2528
2919 1089
3905 4200
2341 1148
1950 4548
4385 3803
585 2099
796 2311
4347 3597
4445 2307
2843 1179
2014 4986
3340 2163
212 4937
4090 659
970 2419
4759 457
1281 4449
658 164
3888 4074
747 3453
941 4146
3424 368
2608 4239
1648 2946
4005 3421
4393 4885
1751 1233
892 1819
2772 3545
2473 1816
1086 2016
4214 4667
4813 3016
2163 1888
2732 1508
2769 4956
954 3160
880 4663
3963 594
1220 3689
1437 3729
2444 858
3773 2032
3605 197
4361 4997
4134 1205
4540 145
304 1535
4407 1835
1660 704
2272 1931
690 973
3473 3474
1038 3742
1916 2412
712 1295
2289 3947
4966 3669
3185 215
1518 2857
4401 2432
1240 1513
2338 4514
3592 2931
2816 1283
147 3366
82 857
2931 1624
2710 4675
3715 3652
4133 172
230 4691
2059 3049
4624 3461
737 4837
1574 1127
3782 1726
2520 1130
459 4854
4721 2337
3837 1865
4776 2537
2882 943
523 2394
2842 3180
404 1151
367 965
690 3765
4400 3760
2999 3364
2492 4645
4587 2839
2260 4783
1320 3375
2288 525
3263 4008
62 1740
3476 4939
1417 3216
944 3835
3775 2708
501 4091
2038 4535
977 1954
1324 4286
806 914
4949 3852
1417 2443
3242 2496
1167 3629
3125 3735
3327 3078
4644 3977
4792 364
2199 674
778 4199
3489 2895
4408 1331
3685 719
374 4790
4366 2677
2485 236
1353 4664
3876 1721
2514 1912
1630 1532
4250 3129
2454 643
1303 294
3047 4527
3662 4244
4564 1401
1040 4457
962 4500
3605 4380
3428 1343
3862 304
866 2118
3056 3235
4673 3039
606 3672
4042 2038
1327 811
2353 568
3491 1381
2608 3192
418 2403
450 4842
3693 4579
3602 2886
629 4274
3861 2154
153 1822
1773 2275
163 2736
77 4782
657 3107
2673 497
3521 953
3337 2338
1853 2170
2147 1042
625 3199
2911 2321
577 1284
3785 259
2466 4138
756 142
1374 757
1993 2124
2974 510
2647 4196
3982 2322
2259 3536
4155 4816
4693 3941
2036 4067
3083 3318
4584 4740
55 323
1556 3105
813 4092
2169 101
1618 2563
2050 4638
772 2998
4540 3785
2271 1973
1692 1730
2526 4794
3418 2788
4758 1669
1 4793
171 4337
4581 2008
3967 4960
1112 4549
1454 1758
86 3136
1418 3067
2600 3502
3396 4920
661 4236
1361 3335
743 1484
4688 2477
1347 2215
3948 2726
4148 1315
1791 1100
6 3650
3750 3144
218 2276
879 4073
2732 3517
4684 830
2243 4656
270 4419
792 4178
499 314
4162 2793
1515 315
4614 1301
4001 3943
777 4333
730 4823
2791 3260
2984 3246
2624 1578
2352 1827
4910 2784
3230 1846
1978 580
4877 1713
1920 927
3991 2857
2168 4446
1639 2484
1057 2630
1115 4329
2865 792
749 190
3412 4015
4997 3613
1787 775
2587 999
1625 1182
572 3350
3124 1976
2513 4608
1770 2160
881 4934
741 1239
4837 1533
4913 808
947 873
829 3450
503 1799
3056 2730
2857 3120
2880 4327
3409 1214
2846 4936
3145 3422
2751 4304
4873 1881
1329 4852
4900 1783
1003 664
854 1321
3579 1333
2216 2501
4985 4828
3440 4038
2106 602
1992 333
1703 2557
3641 4854
2457 3295
343 679
1754 1313
1537 3308
1988 1907
515 393
2211 4942
1092 2128
2862 2363
4650 1844
2069 1713
682 2853
3110 2853
2834 3097
178 3082
196 1933
4549 789
991 379
4639 3417
12 4419
4788 469
3070 4335
638 3322
4076 1955
192 3711
4786 607
449 181
3546 1672
3348 2440
4359 3154
546 1901
1678 1126
4241 2438
4407 1707
432 1821
385 2016
2728 1811
4177 1285
1920 2720
4961 1007
3232 1114
2221 4582
2946 4015
3899 536
3454 912
1429 72
896 1417
538 2357
4936 4769
1482 3805
2472 2644
1275 4571
2455 4350
4265 4405
913 4959
3230 3163
1453 1645
4949 711
90 520
2580 2822
4344 211
3513 1541
3157 2587
2335 949
4735 770
1320 4141
772 648
1166 3857
2837 4275
4499 70
3427 1241
1238 4092
3972 2028
4349 1444
2104 754
1049 1417
714 4711
2511 2793
2425 2879
1545 1365
1198 79
1727 1698
832 1141
2123 2370
2770 4321
3103 794
2097 2597
2740 3013
1820 3786
980 2729
3606 4857
1663 4625
2861 422
4159 2898
3715 4736
675 4619
213 2152
4523 467
2822 4219
3856 2390
4209 3453
2488 3052
4665 4298
2742 4042
1609 4470
3614 4653
322 2790
4076 2097
4290 2951
4244 747
2614 4706
3069 3129
4104 958
3220 1378
1918 4404
95 4755
4872 2402
2915 2909
762 2917
120 2137
4895 4296
3317 1984
1471 71
2333 4036
3770 2233
4454 305
2155 3118
3227 1071
4451 995
989 2454
3774 3962
4340 861
1943 3733
4116 4993
2412 125
1966 2021
1618 184
4753 2741
948 1478
4166 3655
1400 2854
606 961
1029 322
3666 4789
3012 3279
2321 1905
4038 3742
3130 2560
4208 1086
4861 4037
4249 2203
1780 3
1289 4244
3112 4459
114 2858
3807 2711
137 26
4145 915
2719 1713
1669 1943
1533 4907
1971 4568
4434 3586
3664 3181
2253 4237
484 1317
1414 4444
2834 2687
1266 448
3253 3415
2578 3431
100 2432
1096 958
2772 4398
261 1429
4830 4210
919 764
3794 2403
4642 2610
251 2398
4204 4944
3837 3817
3735 2199
3455 596
1375 656
333 4483
4429 2851
3715 3204
3414 151
2831 1050
4907 576
4923 3381
2939 1314
3919 2197
1840 3187
439 1891
2878 3231
1342 2475
3784 178
4393 4330
528 2050
1687 1169
1717 3731
1042 2112
356 3729
3889 4362
1584 4750
3659 1500
3838 417
976 1602
1336 382
112 38
4884 521
3638 2201
3717 3729
2215 61
601 2183
4337 1034
3364 3800
3521 3140
1870 90
4726 2965
1868 3245
1656 4880
2385 3654
3938 3573
1740 176
1 226
4903 1365
519 4808
2196 2505
2842 1030
2267 1934
605 1472
1123 3345
3480 3425
1669 4933
4972 647
1444 2265
4738 34
132 1233
3358 2439
2013 859
3356 3362
2641 2604
721 4955
3770 4173
2114 3843
4362 2030
185 4282
2210 194
718 514
1190 1741
2594 1055
3441 4793
3623 2811
466 4179
1775 3987
1335 1832
2904 4469
4676 2897
4852 3671
1404 3076
3536 2412
4710 4603
872 500
4805 85
3546 2495
216 4406
4378 3296
1274 5
832 4114
2043 925
1097 2
2730 1190
2416 2701
3830 967
2004 2449
2914 1732
1121 3008
1925 3625
85 1755
4032 2639
1914 3014
2552 1283
3499 685
135 3967
4459 2337
4627 2445
2110 1617
2891 4679
2611 4657
4271 4541
2549 885
1568 3374
982 4719
1886 3799
3945 2438
3022 2361
3608 4149
1389 989
2314 2300
1802 2568
3528 4926
4456 4819
1770 4275
3861 942
4034 509
3708 796
607 586
2095 1175
2276 562
4670 3304
908 4540
2136 4392
3887 2564
3410 991
4587 1946
1912 2276
2488 4758
1694 2494
3220 1775
3144 1319
496 360
167 4125
3003 3047
2736 304
174 2614
4526 1868
3324 184
466 3415
2001 2736
3232 3609
3934 2009
3039 4794
4944 1869
3764 2127
4555 3837
3281 4331
461 2099
1527 4723
4058 4235
3124 4095
461 3379
4317 2535
969 3852
167 3576
1345 4935
1011 3614
2912 4975
988 17
4000 4327
2165 2456
4370 2910
4366 977
2379 3986
2691 2913
482 4012
2757 67
1979 1224
3394 3016
4888 252
489 1373
1028 1336
3824 4233
4714 3447
1904 1581
3100 2623
2018 3563
3704 1983
3444 4935
1980 4567
3252 4415
803 1031
4190 4904
2844 3784
2536 1187
564 803
750 1676
1872 4859
182 918
734 931
4324 3219
4709 995
3362 3428
27 3620
4834 768
3760 1451
1173 1930
1813 4561
1977 4831
2553 3090
4643 3017
3698 33
3700 4629
243 1968
4001 2449
4105 3483
2945 3160
989 4281
1960 4520
2446 1309
3117 4933
1644 2295
1887 1176
503 1734
2646 4554
2378 602
1768 4676
918 4256
4153 4172
2705 3572
4496 1876
877 325
793 1335
3883 1985
1133 4922
342 3987
2013 1152
4733 2698
4506 3971
4084 896
69 4958
1277 3490
2475 1183
650 1520
676 1563
2444 4321
4566 3079
2929 3891
3090 2367
885 418
3798 2421
2467 3072
3388 2232
4043 1159
1450 3470
1785 3254
2302 492
1030 4210
3501 3992
3692 4875
2723 1964
138 394
3867 4902
4792 656
5 188
2370 791
4848 622
1 3518
3477 2400
4124 363
3409 1699
2221 3007
425 4275
2284 3801
4714 4939
17 1299
4890 1980
1503 1199
641 992
2024 544
3687 2331
1730 3246
2329 2570
3581 3933
1444 4054
3381 3752
2769 2151
2621 573
4872 2873
3918 4206
4247 3728
3959 4701
1455 2589
4528 1734
2356 554
102 107
627 2265
303 2830
762 3170
1391 931
4853 2725
2404 1982
4935 3895
2058 4840
3231 4114
4769 2413
