50
2500
29 1
37 10
22 14
23 18
48 37
35 1
3 4
19 6
27 20
34 22
22 7
45 47
15 33
10 18
0 45
25 10
38 8
27 4
42 1
31 9
30 47
29 14
31 41
27 32
19 12
24 40
28 21
46 2
18 49
7 40
2 29
21 37
5 29
1 44
43 46
41 8
23 43
30 5
31 41
49 19
22 30
48 49
30 36
35 39
16 32
31 11
2 43
18 45
48 40
8 33
35 22
4 11
30 12
36 29
10 23
7 16
24 3
43 48
29 25
34 41
27 23
32 18
13 2
24 5
25 10
15 5
10 38
11 40
14 26
23 32
18 9
31 41
45 31
48 2
7 49
42 41
23 46
44 15
25 45
43 46
10 35
15 2
25 44
3 31
14 16
11 6
2 28
1 5
39 2
15 21
25 9
38 37
9 47
27 1
12 43
40 49
18 33
20 38
49 23
1 30
38 14
30 14
43 28
26 6
5 32
3 9
34 38
4 46
35 31
40 11
17 37
37 32
30 2
43 35
19 39
13 33
12 22
5 19
11 4
6 49
40 11
17 12
27 3
49 7
30 32
24 39
42 14
17 38
47 46
31 10
28 8
19 14
48 18
28 21
22 42
40 46
23 19
38 19
3 46
30 4
12 16
32 47
11 47
25 18
25 10
1 36
29 30
19 21
24 2
34 14
44 41
20 22
35 11
34 10
9 40
22 4
15 42
27 22
19 36
46 8
0 42
25 43
5 41
26 0
40 26
47 21
32 12
37 31
12 20
20 9
31 39
4 44
43 26
39 20
36 47
26 33
24 39
48 18
39 3
1 39
12 5
36 6
19 5
45 25
26 4
16 41
42 16
40 34
25 35
15 23
20 24
30 40
18 33
21 13
10 40
49 12
5 31
43 14
8 1
13 28
18 41
27 30
13 12
41 45
33 30
36 15
13 1
11 42
34 10
7 6
21 15
41 13
0 29
22 4
30 34
38 5
24 5
32 47
31 33
46 6
44 30
41 14
18 4
10 33
7 34
41 37
29 0
1 27
25 15
2 25
17 3
41 31
17 34
40 49
20 45
47 34
40 7
20 8
49 28
20 17
15 26
28 15
20 8
1 3
16 23
19 20
27 6
36 27
30 41
4 30
25 17
15 10
37 46
16 28
41 40
7 21
10 28
14 5
40 13
12 43
42 45
35 4
34 27
14 16
36 22
37 7
15 27
3 0
1 19
40 43
21 48
23 15
7 23
35 34
10 38
43 38
1 40
29 14
14 41
29 3
29 7
40 42
39 24
34 19
17 36
27 1
47 14
22 21
44 38
48 36
34 12
44 4
6 22
41 26
17 43
22 25
36 38
4 16
8 19
30 11
10 20
35 25
33 42
42 19
47 27
13 3
11 34
44 3
15 9
44 38
10 12
25 34
46 15
47 45
2 30
8 17
43 28
32 40
32 39
33 9
44 7
16 18
48 17
32 40
28 6
24 39
1 41
14 17
7 0
29 6
35 7
36 42
1 30
35 32
26 33
38 7
0 15
26 45
14 20
30 19
19 24
49 40
6 21
10 0
3 24
10 18
30 29
19 44
45 41
45 17
35 37
35 28
20 23
10 39
15 27
19 35
44 22
1 48
15 30
48 12
47 11
15 25
11 49
36 2
7 33
7 28
45 37
5 23
10 5
40 0
19 10
19 44
24 27
30 44
48 45
38 23
20 39
0 7
0 47
25 14
29 37
26 32
18 4
10 41
17 36
41 10
37 47
24 22
2 41
40 26
35 44
28 15
15 3
14 31
2 25
24 10
24 29
44 48
9 48
17 47
45 34
43 12
7 41
37 43
9 43
11 47
25 24
9 27
48 47
0 24
25 48
42 12
46 24
29 7
27 9
29 0
34 26
13 41
30 12
3 33
24 22
13 23
16 22
18 19
26 48
49 24
26 24
1 17
46 2
8 13
43 14
40 2
11 29
16 18
19 40
25 24
18 2
36 8
27 43
20 1
22 47
35 29
30 28
5 22
30 18
5 46
35 48
27 25
26 28
0 47
31 3
12 26
48 17
31 6
22 13
43 40
17 35
47 3
49 7
8 40
32 27
6 27
32 8
18 40
15 7
35 2
36 15
43 40
13 7
32 22
15 28
30 11
10 45
3 19
37 23
44 2
30 34
43 13
38 14
8 4
2 24
19 14
41 28
24 36
5 19
3 30
12 48
20 35
0 16
27 25
5 0
6 32
19 34
0 19
30 38
20 44
36 37
33 8
48 29
20 1
37 47
1 30
26 35
1 10
22 27
2 49
27 40
29 25
23 16
14 42
16 10
32 29
20 43
28 6
27 33
44 30
8 45
31 16
28 36
48 32
40 8
8 42
36 35
18 0
15 41
8 49
38 5
32 44
49 7
21 49
4 27
0 18
7 9
21 25
2 47
27 8
30 35
32 44
47 12
37 0
43 31
47 13
24 18
45 14
46 16
20 43
49 42
7 44
48 24
49 48
8 44
2 45
1 20
25 2
26 43
47 4
0 28
47 28
48 44
39 35
17 30
13 2
40 16
0 1
37 40
2 5
22 15
2 23
30 16
14 0
2 4
31 40
23 15
18 28
1 37
27 7
4 0
25 47
14 18
18 49
17 37
12 14
18 21
42 18
44 16
3 31
27 47
43 25
22 5
36 46
8 40
37 18
44 48
12 4
48 49
13 26
28 39
26 29
46 30
49 3
10 36
5 13
12 21
1 41
33 38
46 35
29 41
37 49
24 5
0 35
37 16
43 48
37 27
13 7
13 4
0 13
37 17
6 15
44 36
24 48
14 32
28 41
28 49
39 35
29 7
15 9
6 2
40 30
20 22
31 5
29 38
18 47
18 38
46 35
25 4
15 1
17 44
39 11
32 16
0 25
22 39
22 9
31 7
37 15
20 23
13 22
11 32
31 9
30 36
35 33
39 30
25 34
25 7
4 9
41 44
27 28
14 6
37 23
16 20
23 24
35 16
48 44
1 17
24 2
42 3
38 33
5 28
32 42
22 38
47 13
0 5
48 43
32 35
39 30
11 19
47 18
0 42
12 6
13 44
0 12
44 24
39 40
31 45
31 16
4 23
32 0
35 31
20 45
38 21
0 9
2 18
19 38
1 22
21 4
5 42
4 40
29 18
29 38
0 35
0 7
14 44
12 41
17 26
10 21
14 18
9 10
5 34
15 12
40 29
21 19
41 28
43 6
30 47
5 19
44 8
40 12
38 9
16 10
2 21
24 30
6 9
37 32
34 17
16 19
49 25
3 45
5 2
4 6
25 21
37 31
5 24
15 8
11 35
17 26
9 11
24 49
33 44
6 42
47 20
20 4
4 44
33 12
26 40
25 37
43 21
46 0
15 31
10 46
42 7
15 37
22 45
5 18
26 6
24 0
29 23
3 47
43 5
37 48
24 40
36 33
12 27
37 20
27 22
28 4
35 48
11 3
7 44
17 7
43 18
36 45
43 0
43 40
35 5
8 39
42 40
35 31
1 47
27 39
33 46
44 37
19 1
44 37
26 14
48 19
47 38
33 31
5 28
1 20
43 3
17 13
25 5
36 3
8 36
4 18
14 48
2 49
14 39
9 29
38 44
39 13
5 29
39 20
7 10
24 8
48 20
27 2
41 44
10 28
45 16
11 4
24 16
13 26
7 11
33 8
46 36
41 4
33 8
13 22
14 47
9 4
26 32
15 0
44 17
1 45
22 2
47 36
5 38
6 23
13 49
4 47
25 8
12 4
2 9
29 36
16 8
37 10
49 8
12 14
25 32
16 47
39 8
48 7
10 41
44 42
0 45
5 45
32 2
27 32
24 46
8 14
41 25
15 21
40 24
10 35
9 44
23 4
44 38
49 1
39 33
42 41
27 48
40 39
31 47
25 0
0 44
29 21
33 44
30 21
24 27
20 43
49 47
37 27
3 21
45 38
5 39
44 13
9 13
39 38
30 20
18 43
25 6
13 37
6 49
19 12
4 11
16 37
42 41
37 12
38 15
21 3
15 29
1 33
30 6
19 46
36 8
30 15
45 20
31 11
46 20
35 47
49 40
16 26
22 6
14 15
47 18
0 33
29 8
36 44
46 23
19 7
10 34
31 35
5 36
29 0
8 43
20 47
0 16
12 19
40 0
36 10
4 3
34 32
4 14
25 5
4 18
36 40
49 30
47 32
45 30
46 8
18 49
25 20
47 36
31 3
8 40
0 43
4 19
11 39
43 13
3 42
47 3
39 12
0 8
1 9
9 29
45 16
29 5
43 44
0 24
17 31
43 15
46 6
17 31
12 49
10 11
6 0
41 23
4 37
48 20
20 12
20 36
22 17
10 38
18 9
7 46
13 43
39 17
1 23
36 25
3 33
44 17
10 7
30 28
21 12
18 1
33 44
12 48
15 10
39 47
49 30
30 43
13 44
11 47
4 38
0 38
46 11
49 2
25 13
16 5
15 3
27 39
5 13
39 40
31 39
46 24
23 21
3 7
15 28
45 13
2 33
48 36
35 49
46 48
10 37
19 47
4 23
32 9
25 9
23 18
12 20
17 22
8 7
48 12
28 36
24 26
5 27
22 18
2 35
9 22
8 45
41 39
28 44
9 21
45 29
21 49
29 48
0 10
10 3
43 17
44 20
35 20
28 39
25 44
30 23
36 15
24 32
24 13
41 10
16 27
24 15
48 42
18 22
39 41
12 41
2 47
16 14
14 5
19 38
8 21
36 49
9 36
10 40
40 42
30 16
13 1
34 46
26 40
6 13
19 14
49 18
24 1
36 35
11 45
11 41
47 22
22 44
12 17
22 7
25 6
4 17
10 22
25 14
45 44
38 34
27 2
20 36
9 24
29 37
46 45
1 47
18 34
42 29
12 7
12 18
33 7
15 49
40 49
31 49
4 16
40 4
0 17
7 1
17 41
48 3
22 23
5 48
11 32
44 0
29 21
49 7
33 27
31 34
37 48
8 31
9 41
33 16
46 11
30 19
11 9
25 20
46 20
21 25
27 29
4 13
39 9
16 24
18 30
18 49
49 17
43 12
23 10
8 20
0 25
30 40
30 34
25 46
38 43
1 49
35 8
33 24
17 43
30 45
28 30
31 8
3 13
27 38
29 45
44 24
3 12
28 15
30 14
26 41
47 28
11 22
3 45
18 39
34 25
4 11
23 0
35 21
26 33
18 12
22 28
40 13
31 39
1 8
25 7
0 36
26 48
4 30
14 13
29 3
49 22
39 19
25 0
9 20
33 43
42 21
20 45
2 21
2 12
32 0
49 37
31 35
43 47
29 21
44 47
37 39
35 38
49 31
10 34
34 10
35 46
21 9
37 20
37 46
23 49
26 35
28 27
31 36
35 13
13 8
42 6
9 33
42 16
38 27
5 2
26 41
28 44
8 38
19 41
14 17
47 9
10 38
40 41
23 3
16 34
38 37
26 21
9 11
16 23
35 47
41 31
22 12
48 46
20 43
25 3
40 6
4 27
47 31
16 24
23 16
1 49
48 26
49 31
39 27
48 49
39 46
6 19
12 15
17 19
5 1
19 21
27 28
6 31
42 27
20 35
39 21
2 0
7 4
17 40
42 15
22 45
21 14
25 14
8 10
30 21
19 36
26 10
5 31
4 17
17 26
22 15
4 35
3 36
12 2
20 2
24 18
49 28
45 19
49 16
5 38
49 46
5 37
28 24
42 48
38 10
36 24
44 49
28 45
37 48
6 10
35 3
0 26
2 19
39 31
44 24
15 41
47 41
43 22
4 21
3 36
48 29
13 1
29 26
21 18
4 48
43 5
23 34
21 16
10 0
21 18
24 20
13 9
46 40
47 17
42 28
16 0
6 9
46 31
44 41
29 47
31 48
25 34
13 3
17 9
29 6
8 43
7 40
38 40
0 9
28 39
48 20
42 33
2 49
37 23
19 24
29 46
38 43
38 43
41 11
5 25
47 37
1 36
14 5
43 9
30 39
32 15
2 14
25 3
46 36
30 23
38 26
27 30
43 15
30 13
11 9
3 2
35 25
10 34
43 16
41 18
9 10
7 13
14 39
48 31
8 25
5 49
0 32
21 28
41 15
31 18
11 36
23 0
18 38
10 40
13 23
6 29
28 30
11 25
44 40
48 1
41 47
4 0
4 34
2 11
0 19
17 40
40 38
33 46
17 26
13 17
19 26
23 41
33 49
40 9
13 44
7 2
15 4
18 2
10 18
10 13
38 11
27 30
36 19
7 14
15 2
4 3
13 42
44 14
41 13
47 30
44 22
3 21
49 1
44 14
6 1
40 18
30 18
43 30
48 13
42 8
3 21
42 18
10 20
41 26
8 5
45 30
30 39
33 39
21 32
48 6
4 17
30 16
41 45
42 9
12 24
26 0
49 1
33 29
28 10
25 19
40 14
13 16
30 1
38 49
15 26
1 42
38 17
28 24
32 47
33 34
12 32
49 33
47 27
2 10
43 25
26 28
16 20
34 26
35 18
4 12
19 49
22 23
5 13
48 5
29 8
43 44
29 48
24 41
27 8
22 31
5 32
26 36
31 20
7 17
27 30
9 19
34 3
40 18
0 19
6 43
48 34
41 7
31 24
31 12
40 36
25 40
11 23
10 26
3 27
45 26
14 47
28 8
21 17
10 3
8 30
47 30
9 26
37 23
40 5
11 3
45 34
12 0
48 29
19 39
9 37
40 14
44 18
20 39
32 47
15 21
17 7
13 26
32 23
28 37
42 8
18 34
15 22
4 14
35 13
27 6
11 17
48 22
45 17
46 25
26 31
35 31
11 44
7 5
3 26
4 43
28 18
9 30
47 45
34 48
20 25
43 1
9 26
1 26
46 19
7 5
47 9
46 16
10 35
23 46
20 15
31 29
8 23
16 38
22 19
12 19
30 4
48 17
17 43
16 39
21 39
29 49
39 10
44 21
9 25
47 8
9 25
7 22
24 6
13 38
36 10
1 19
33 46
19 15
5 15
3 19
30 25
27 30
39 7
21 41
30 2
27 35
27 25
17 22
22 6
23 42
38 45
29 30
15 20
38 1
30 16
2 40
45 22
13 45
15 36
41 31
24 2
46 1
6 45
39 20
40 25
42 23
3 8
15 21
49 25
9 14
45 6
29 39
37 15
33 29
29 39
35 23
4 27
39 47
4 43
18 13
30 40
35 44
33 37
28 31
2 20
42 24
14 47
10 29
28 11
31 9
22 23
49 16
37 22
26 2
29 27
3 6
20 25
4 38
8 10
29 3
19 32
11 25
28 27
6 41
24 32
36 16
46 22
39 49
36 22
34 43
48 12
19 38
41 1
37 41
8 22
27 24
17 28
48 9
18 12
16 22
8 10
32 35
43 6
13 45
5 38
48 4
35 40
42 33
26 13
35 4
0 12
25 16
28 35
42 36
47 36
21 37
24 40
23 22
35 43
39 40
13 0
3 9
11 9
29 22
46 6
37 16
6 11
26 41
47 36
9 49
24 7
34 45
30 34
41 39
15 0
40 20
6 5
23 49
5 4
14 29
30 8
40 28
23 15
35 27
25 27
44 17
26 22
21 40
14 37
47 44
5 42
36 8
28 9
44 32
47 7
36 33
41 30
41 45
8 32
6 18
31 5
27 17
28 20
42 34
17 42
20 23
3 13
26 36
46 2
23 26
35 10
14 5
32 4
47 40
39 20
48 16
26 24
30 36
35 6
9 24
49 24
6 37
32 34
22 42
8 48
14 22
48 13
45 37
11 5
37 1
0 18
44 45
19 30
8 4
34 12
1 9
20 16
4 31
6 1
31 9
48 4
47 16
17 7
26 11
27 4
15 45
38 7
14 25
7 28
38 27
31 44
40 15
11 24
17 15
6 43
42 11
36 40
3 45
4 20
43 19
32 20
30 15
9 49
25 44
28 27
31 1
21 15
19 0
2 41
46 12
47 11
31 48
34 37
42 25
42 7
19 5
15 40
25 1
27 16
26 10
24 44
45 48
8 14
38 31
1 36
24 11
40 18
17 22
40 14
13 39
15 23
8 45
27 6
32 31
33 49
26 8
22 37
43 26
15 42
4 45
28 25
36 26
2 14
26 41
41 22
14 19
39 41
16 6
24 36
37 38
36 5
41 36
21 9
21 37
17 46
19 28
23 36
21 17
37 20
38 14
30 39
9 45
14 30
44 38
47 5
42 18
39 30
10 27
40 18
42 27
18 33
24 41
42 30
31 39
35 14
6 30
47 19
8 47
44 12
15 20
17 14
43 46
8 46
2 24
25 19
18 11
5 17
25 15
16 27
36 37
20 3
39 28
9 27
15 6
20 41
26 28
46 18
23 30
17 13
37 19
22 4
48 41
12 25
38 2
21 33
20 12
44 14
32 29
30 10
1 9
37 2
23 46
29 26
3 35
42 18
32 16
28 32
22 27
17 28
38 16
10 42
10 45
28 16
14 10
30 32
39 9
14 48
13 45
41 14
36 1
34 32
16 35
28 12
22 47
13 3
31 33
3 10
25 21
33 17
19 34
24 44
12 18
25 40
0 14
36 29
48 42
16 26
23 39
46 4
42 36
30 5
21 47
34 32
21 19
39 5
12 22
24 7
41 36
26 8
4 36
13 15
17 6
5 10
19 45
7 43
3 47
34 5
30 2
19 0
40 25
27 10
47 10
22 43
22 6
29 14
14 15
19 41
40 34
37 2
18 2
49 29
14 29
1 23
25 39
24 4
21 36
29 28
0 16
13 20
23 6
21 4
9 8
13 42
18 29
31 49
3 42
41 23
41 34
4 29
10 13
32 0
18 41
45 43
28 49
23 20
20 36
15 28
9 14
38 21
5 27
32 35
28 22
21 25
26 44
49 34
21 18
33 31
30 14
45 5
40 10
36 32
48 30
15 27
26 11
33 35
7 30
30 26
49 1
19 40
44 41
13 43
10 46
43 47
22 42
42 26
3 36
15 45
24 31
20 23
27 28
28 7
27 7
0 48
43 20
9 46
36 30
11 13
17 33
30 17
22 36
45 44
27 30
15 24
47 26
41 32
30 9
28 29
2 46
22 32
48 19
11 43
30 46
46 22
46 39
22 17
28 32
12 27
32 46
6 11
13 21
25 38
32 0
6 22
15 3
23 1
4 33
23 39
28 15
43 40
21 19
27 10
24 0
29 6
14 21
0 29
22 49
4 43
16 7
26 0
44 10
37 30
26 45
49 28
45 34
35 45
28 27
28 8
6 49
15 46
40 10
18 0
28 11
43 37
20 29
39 43
25 38
18 7
18 24
33 8
35 23
33 23
35 5
41 7
15 21
24 34
13 46
29 48
22 47
15 36
34 38
18 43
6 11
31 11
14 19
36 4
20 5
12 6
46 7
43 16
3 36
47 20
23 13
1 30
43 42
17 48
22 25
3 23
0 26
22 27
13 10
30 34
30 28
20 6
5 14
15 19
27 34
39 28
48 49
38 45
3 27
36 1
26 22
10 3
36 34
31 43
33 4
2 1
46 45
46 40
3 25
3 26
21 17
23 4
27 32
8 38
31 19
33 15
36 38
8 25
28 37
28 16
17 38
10 44
46 10
27 49
40 11
30 11
36 32
37 3
48 33
47 10
48 38
14 21
27 1
4 37
30 23
25 10
42 15
23 45
45 22
45 12
9 49
17 0
49 24
7 45
11 41
30 44
49 47
23 39
42 0
20 39
32 3
11 9
28 26
1 45
28 29
29 8
35 48
4 27
3 24
32 2
34 43
23 16
40 9
20 4
47 42
8 12
3 30
19 49
20 16
31 33
13 29
11 32
27 5
18 40
25 16
19 4
10 14
2 31
36 0
29 30
19 45
19 48
19 37
35 11
4 41
31 18
2 24
28 29
40 12
31 27
24 31
34 7
26 29
21 40
36 42
38 29
46 19
24 1
1 31
16 25
21 47
38 12
23 11
7 24
14 39
15 49
19 22
7 23
31 15
15 21
9 47
45 15
36 30
1 15
11 18
10 12
42 31
43 38
32 11
21 10
8 14
30 24
33 27
12 42
47 4
13 9
11 41
13 36
29 30
1 34
8 9
9 28
2 23
41 11
41 31
23 14
40 26
47 48
26 16
25 20
42 25
19 17
27 19
30 31
19 5
44 32
47 39
37 36
48 40
46 13
21 14
19 3
32 40
7 10
19 26
29 47
21 41
27 24
26 42
24 14
39 36
33 38
32 2
47 20
21 30
14 22
31 0
23 21
47 29
5 44
44 7
33 39
45 7
34 15
12 7
49 38
16 34
20 41
43 20
26 30
27 13
35 48
7 4
0 16
48 43
28 6
12 6
12 1
19 18
1 27
17 40
2 48
12 22
19 41
6 11
40 22
19 11
48 28
38 40
37 48
3 46
16 48
11 8
23 4
36 28
36 43
39 48
19 13
10 15
47 8
31 27
35 27
13 33
47 23
10 40
15 42
4 32
25 38
13 8
41 3
47 15
47 31
40 47
36 44
19 22
33 11
30 2
6 1
46 40
30 36
39 8
20 3
29 5
29 43
4 43
20 44
38 37
32 37
43 23
35 9
3 30
41 9
43 1
10 28
47 5
43 14
46 45
7 46
20 49
17 18
21 14
40 3
30 27
47 36
34 11
0 16
47 29
46 17
8 15
0 8
11 25
7 47
1 48
2 1
42 6
37 17
8 24
25 18
41 31
17 33
48 18
34 14
27 39
25 11
39 28
4 28
36 4
41 20
9 20
16 22
25 37
17 8
42 35
46 13
15 43
14 21
16 3
3 48
33 46
49 22
26 32
25 41
24 9
7 40
7 44
28 4
0 25
17 10
37 42
31 12
44 34
1 22
24 36
42 32
6 27
30 5
23 0
21 37
2 32
48 2
7 13
43 42
31 36
34 18
34 29
9 22
29 6
38 49
8 27
7 12
20 22
5 35
34 9
12 8
7 2
27 42
36 43
1 2
2 10
4 45
27 40
31 41
9 7
41 13
31 23
18 5
34 37
12 3
27 23
35 15
