60
1 2 81
1 3 18
1 4 73
1 5 92
1 6 43
1 7 62
1 8 38
1 9 22
1 10 95
1 11 100
1 12 11
1 13 6
1 14 16
1 15 26
1 16 57
1 17 5
1 18 66
1 19 31
1 20 90
1 21 7
1 22 37
1 23 56
1 24 26
1 25 77
1 26 27
1 27 93
1 28 53
1 29 71
1 30 95
1 31 61
1 32 32
1 33 75
1 34 5
1 35 52
1 36 46
1 37 20
1 38 74
1 39 37
1 40 17
1 41 52
1 42 40
1 43 29
1 44 76
1 45 77
1 46 48
1 47 72
1 48 57
1 49 72
1 50 28
1 51 94
1 52 96
1 53 86
1 54 97
1 55 100
1 56 41
1 57 32
1 58 25
1 59 32
1 60 97
2 3 11
2 4 70
2 5 67
2 6 67
2 7 95
2 8 9
2 9 83
2 10 79
2 11 48
2 12 45
2 13 27
2 14 79
2 15 26
2 16 14
2 17 98
2 18 14
2 19 26
2 20 13
2 21 65
2 22 27
2 23 15
2 24 88
2 25 76
2 26 46
2 27 72
2 28 8
2 29 24
2 30 34
2 31 76
2 32 54
2 33 85
2 34 50
2 35 56
2 36 11
2 37 97
2 38 0
2 39 100
2 40 88
2 41 27
2 42 32
2 43 2
2 44 60
2 45 38
2 46 54
2 47 69
2 48 2
2 49 79
2 50 23
2 51 92
2 52 24
2 53 57
2 54 97
2 55 33
2 56 5
2 57 55
2 58 42
2 59 48
2 60 19
3 4 30
3 5 58
3 6 4
3 7 67
3 8 74
3 9 48
3 10 61
3 11 85
3 12 73
3 13 1
3 14 86
3 15 59
3 16 100
3 17 18
3 18 56
3 19 88
3 20 31
3 21 100
3 22 65
3 23 2
3 24 63
3 25 85
3 26 26
3 27 25
3 28 42
3 29 30
3 30 62
3 31 40
3 32 81
3 33 15
3 34 98
3 35 24
3 36 22
3 37 2
3 38 88
3 39 87
3 40 57
3 41 16
3 42 24
3 43 25
3 44 6
3 45 79
3 46 95
3 47 86
3 48 46
3 49 45
3 50 85
3 51 40
3 52 24
3 53 95
3 54 59
3 55 44
3 56 21
3 57 36
3 58 15
3 59 37
3 60 48
4 5 38
4 6 20
4 7 13
4 8 54
4 9 7
4 10 30
4 11 17
4 12 65
4 13 63
4 14 16
4 15 78
4 16 99
4 17 41
4 18 98
4 19 34
4 20 72
4 21 11
4 22 99
4 23 25
4 24 52
4 25 76
4 26 24
4 27 3
4 28 68
4 29 5
4 30 84
4 31 60
4 32 79
4 33 74
4 34 86
4 35 31
4 36 1
4 37 17
4 38 38
4 39 52
4 40 92
4 41 31
4 42 51
4 43 32
4 44 30
4 45 30
4 46 40
4 47 55
4 48 23
4 49 73
4 50 1
4 51 46
4 52 31
4 53 25
4 54 78
4 55 100
4 56 55
4 57 56
4 58 2
4 59 2
4 60 57
5 6 74
5 7 52
5 8 95
5 9 26
5 10 86
5 11 37
5 12 70
5 13 60
5 14 88
5 15 69
5 16 99
5 17 73
5 18 13
5 19 69
5 20 85
5 21 58
5 22 21
5 23 13
5 24 97
5 25 67
5 26 38
5 27 12
5 28 9
5 29 20
5 30 51
5 31 15
5 32 55
5 33 66
5 34 71
5 35 88
5 36 89
5 37 10
5 38 57
5 39 93
5 40 85
5 41 10
5 42 88
5 43 38
5 44 5
5 45 67
5 46 54
5 47 49
5 48 60
5 49 99
5 50 77
5 51 25
5 52 74
5 53 94
5 54 11
5 55 56
5 56 40
5 57 73
5 58 94
5 59 85
5 60 74
6 7 73
6 8 32
6 9 28
6 10 98
6 11 94
6 12 44
6 13 28
6 14 42
6 15 19
6 16 12
6 17 30
6 18 77
6 19 12
6 20 38
6 21 60
6 22 32
6 23 39
6 24 40
6 25 85
6 26 61
6 27 49
6 28 60
6 29 3
6 30 63
6 31 3
6 32 44
6 33 6
6 34 45
6 35 29
6 36 21
6 37 65
6 38 80
6 39 30
6 40 89
6 41 10
6 42 51
6 43 41
6 44 16
6 45 55
6 46 32
6 47 62
6 48 42
6 49 74
6 50 50
6 51 92
6 52 63
6 53 74
6 54 40
6 55 7
6 56 21
6 57 36
6 58 27
6 59 52
6 60 4
7 8 51
7 9 41
7 10 47
7 11 33
7 12 41
7 13 62
7 14 91
7 15 91
7 16 57
7 17 47
7 18 80
7 19 41
7 20 89
7 21 9
7 22 55
7 23 89
7 24 54
7 25 47
7 26 89
7 27 0
7 28 89
7 29 61
7 30 95
7 31 8
7 32 0
7 33 14
7 34 15
7 35 66
7 36 79
7 37 95
7 38 100
7 39 46
7 40 68
7 41 19
7 42 43
7 43 37
7 44 64
7 45 6
7 46 61
7 47 1
7 48 63
7 49 52
7 50 18
7 51 5
7 52 89
7 53 53
7 54 22
7 55 69
7 56 48
7 57 95
7 58 93
7 59 76
7 60 66
8 9 30
8 10 53
8 11 2
8 12 68
8 13 15
8 14 15
8 15 65
8 16 88
8 17 45
8 18 4
8 19 55
8 20 13
8 21 71
8 22 97
8 23 4
8 24 25
8 25 58
8 26 48
8 27 95
8 28 40
8 29 50
8 30 96
8 31 86
8 32 7
8 33 3
8 34 65
8 35 46
8 36 84
8 37 37
8 38 30
8 39 50
8 40 39
8 41 4
8 42 93
8 43 82
8 44 13
8 45 41
8 46 81
8 47 95
8 48 6
8 49 7
8 50 8
8 51 12
8 52 83
8 53 55
8 54 5
8 55 89
8 56 58
8 57 31
8 58 100
8 59 84
8 60 28
9 10 90
9 11 50
9 12 92
9 13 32
9 14 78
9 15 84
9 16 42
9 17 10
9 18 5
9 19 63
9 20 67
9 21 54
9 22 43
9 23 72
9 24 33
9 25 9
9 26 10
9 27 9
9 28 17
9 29 0
9 30 6
9 31 81
9 32 15
9 33 20
9 34 26
9 35 71
9 36 48
9 37 31
9 38 33
9 39 23
9 40 62
9 41 60
9 42 97
9 43 93
9 44 54
9 45 18
9 46 23
9 47 8
9 48 1
9 49 50
9 50 83
9 51 31
9 52 42
9 53 60
9 54 53
9 55 44
9 56 52
9 57 64
9 58 95
9 59 54
9 60 6
10 11 47
10 12 20
10 13 67
10 14 27
10 15 95
10 16 100
10 17 70
10 18 18
10 19 77
10 20 4
10 21 88
10 22 49
10 23 39
10 24 100
10 25 73
10 26 64
10 27 10
10 28 39
10 29 84
10 30 42
10 31 14
10 32 20
10 33 34
10 34 22
10 35 44
10 36 17
10 37 13
10 38 17
10 39 92
10 40 10
10 41 10
10 42 29
10 43 99
10 44 19
10 45 5
10 46 3
10 47 1
10 48 81
10 49 46
10 50 54
10 51 1
10 52 41
10 53 16
10 54 42
10 55 37
10 56 51
10 57 61
10 58 60
10 59 75
10 60 27
11 12 89
11 13 3
11 14 59
11 15 55
11 16 51
11 17 25
11 18 28
11 19 31
11 20 36
11 21 85
11 22 15
11 23 59
11 24 98
11 25 37
11 26 32
11 27 22
11 28 16
11 29 3
11 30 22
11 31 19
11 32 81
11 33 22
11 34 83
11 35 20
11 36 53
11 37 43
11 38 20
11 39 77
11 40 53
11 41 87
11 42 63
11 43 10
11 44 96
11 45 69
11 46 99
11 47 84
11 48 76
11 49 18
11 50 83
11 51 93
11 52 83
11 53 11
11 54 13
11 55 8
11 56 11
11 57 79
11 58 65
11 59 9
11 60 57
12 13 17
12 14 27
12 15 54
12 16 6
12 17 47
12 18 39
12 19 59
12 20 90
12 21 29
12 22 59
12 23 2
12 24 81
12 25 50
12 26 46
12 27 43
12 28 20
12 29 86
12 30 72
12 31 39
12 32 22
12 33 95
12 34 42
12 35 1
12 36 74
12 37 55
12 38 31
12 39 6
12 40 8
12 41 3
12 42 98
12 43 69
12 44 26
12 45 98
12 46 39
12 47 0
12 48 18
12 49 78
12 50 66
12 51 98
12 52 79
12 53 44
12 54 91
12 55 15
12 56 81
12 57 57
12 58 14
12 59 15
12 60 9
13 14 52
13 15 50
13 16 16
13 17 20
13 18 1
13 19 98
13 20 11
13 21 30
13 22 1
13 23 62
13 24 63
13 25 73
13 26 7
13 27 14
13 28 24
13 29 52
13 30 28
13 31 38
13 32 63
13 33 66
13 34 64
13 35 22
13 36 22
13 37 33
13 38 7
13 39 76
13 40 56
13 41 15
13 42 93
13 43 59
13 44 57
13 45 14
13 46 72
13 47 95
13 48 41
13 49 44
13 50 100
13 51 97
13 52 40
13 53 78
13 54 88
13 55 47
13 56 29
13 57 19
13 58 87
13 59 92
13 60 38
14 15 59
14 16 43
14 17 60
14 18 10
14 19 0
14 20 48
14 21 54
14 22 92
14 23 83
14 24 13
14 25 24
14 26 98
14 27 8
14 28 40
14 29 73
14 30 5
14 31 98
14 32 11
14 33 35
14 34 6
14 35 57
14 36 50
14 37 52
14 38 78
14 39 85
14 40 45
14 41 85
14 42 43
14 43 20
14 44 38
14 45 56
14 46 7
14 47 94
14 48 49
14 49 68
14 50 55
14 51 35
14 52 85
14 53 44
14 54 89
14 55 35
14 56 10
14 57 0
14 58 46
14 59 67
14 60 96
15 16 81
15 17 81
15 18 97
15 19 64
15 20 75
15 21 49
15 22 49
15 23 99
15 24 95
15 25 25
15 26 45
15 27 59
15 28 33
15 29 37
15 30 85
15 31 45
15 32 23
15 33 79
15 34 15
15 35 3
15 36 78
15 37 26
15 38 14
15 39 52
15 40 62
15 41 78
15 42 12
15 43 47
15 44 39
15 45 9
15 46 11
15 47 78
15 48 8
15 49 4
15 50 36
15 51 88
15 52 65
15 53 14
15 54 46
15 55 50
15 56 20
15 57 19
15 58 2
15 59 9
15 60 50
16 17 97
16 18 42
16 19 86
16 20 86
16 21 69
16 22 16
16 23 76
16 24 74
16 25 5
16 26 27
16 27 79
16 28 34
16 29 87
16 30 18
16 31 98
16 32 55
16 33 33
16 34 36
16 35 54
16 36 28
16 37 55
16 38 100
16 39 16
16 40 15
16 41 91
16 42 81
16 43 68
16 44 72
16 45 53
16 46 8
16 47 97
16 48 82
16 49 92
16 50 37
16 51 56
16 52 37
16 53 65
16 54 14
16 55 11
16 56 20
16 57 68
16 58 40
16 59 97
16 60 25
17 18 40
17 19 35
17 20 15
17 21 81
17 22 95
17 23 28
17 24 12
17 25 5
17 26 33
17 27 81
17 28 17
17 29 34
17 30 19
17 31 37
17 32 26
17 33 23
17 34 98
17 35 44
17 36 38
17 37 25
17 38 9
17 39 61
17 40 55
17 41 8
17 42 62
17 43 31
17 44 99
17 45 15
17 46 59
17 47 70
17 48 78
17 49 57
17 50 26
17 51 24
17 52 80
17 53 69
17 54 54
17 55 10
17 56 61
17 57 21
17 58 48
17 59 90
17 60 43
18 19 8
18 20 98
18 21 42
18 22 49
18 23 34
18 24 40
18 25 22
18 26 35
18 27 73
18 28 3
18 29 65
18 30 31
18 31 2
18 32 43
18 33 31
18 34 91
18 35 71
18 36 11
18 37 38
18 38 61
18 39 1
18 40 36
18 41 66
18 42 82
18 43 28
18 44 32
18 45 37
18 46 0
18 47 27
18 48 24
18 49 73
18 50 45
18 51 93
18 52 12
18 53 41
18 54 78
18 55 15
18 56 0
18 57 98
18 58 39
18 59 52
18 60 50
19 20 52
19 21 65
19 22 0
19 23 90
19 24 11
19 25 76
19 26 12
19 27 59
19 28 66
19 29 72
19 30 13
19 31 98
19 32 77
19 33 47
19 34 69
19 35 67
19 36 39
19 37 38
19 38 2
19 39 51
19 40 25
19 41 78
19 42 23
19 43 47
19 44 58
19 45 54
19 46 15
19 47 46
19 48 16
19 49 16
19 50 14
19 51 8
19 52 90
19 53 5
19 54 21
19 55 68
19 56 82
19 57 41
19 58 7
19 59 26
19 60 84
20 21 99
20 22 51
20 23 85
20 24 9
20 25 83
20 26 98
20 27 26
20 28 59
20 29 27
20 30 51
20 31 46
20 32 53
20 33 62
20 34 58
20 35 54
20 36 19
20 37 8
20 38 50
20 39 23
20 40 12
20 41 40
20 42 26
20 43 70
20 44 90
20 45 87
20 46 16
20 47 46
20 48 29
20 49 40
20 50 91
20 51 100
20 52 59
20 53 35
20 54 7
20 55 68
20 56 88
20 57 58
20 58 19
20 59 29
20 60 69
21 22 87
21 23 2
21 24 94
21 25 25
21 26 84
21 27 14
21 28 65
21 29 91
21 30 37
21 31 7
21 32 77
21 33 61
21 34 60
21 35 9
21 36 76
21 37 18
21 38 99
21 39 22
21 40 92
21 41 87
21 42 46
21 43 49
21 44 83
21 45 56
21 46 100
21 47 76
21 48 73
21 49 98
21 50 17
21 51 83
21 52 63
21 53 87
21 54 23
21 55 5
21 56 88
21 57 87
21 58 11
21 59 2
21 60 22
22 23 42
22 24 42
22 25 39
22 26 84
22 27 86
22 28 34
22 29 85
22 30 18
22 31 60
22 32 33
22 33 7
22 34 50
22 35 55
22 36 94
22 37 97
22 38 80
22 39 10
22 40 48
22 41 1
22 42 92
22 43 73
22 44 53
22 45 95
22 46 34
22 47 73
22 48 79
22 49 83
22 50 49
22 51 69
22 52 48
22 53 91
22 54 66
22 55 63
22 56 61
22 57 50
22 58 28
22 59 51
22 60 21
23 24 8
23 25 4
23 26 60
23 27 45
23 28 73
23 29 32
23 30 23
23 31 5
23 32 20
23 33 97
23 34 82
23 35 94
23 36 64
23 37 85
23 38 40
23 39 81
23 40 44
23 41 14
23 42 55
23 43 23
23 44 90
23 45 82
23 46 83
23 47 22
23 48 29
23 49 23
23 50 74
23 51 68
23 52 92
23 53 73
23 54 88
23 55 17
23 56 16
23 57 14
23 58 95
23 59 3
23 60 45
24 25 7
24 26 5
24 27 54
24 28 34
24 29 41
24 30 37
24 31 27
24 32 79
24 33 61
24 34 45
24 35 85
24 36 0
24 37 63
24 38 16
24 39 44
24 40 50
24 41 36
24 42 24
24 43 34
24 44 50
24 45 94
24 46 56
24 47 93
24 48 89
24 49 55
24 50 74
24 51 13
24 52 76
24 53 8
24 54 1
24 55 68
24 56 94
24 57 18
24 58 95
24 59 48
24 60 8
25 26 14
25 27 53
25 28 34
25 29 32
25 30 6
25 31 69
25 32 38
25 33 38
25 34 13
25 35 24
25 36 73
25 37 12
25 38 51
25 39 45
25 40 100
25 41 93
25 42 34
25 43 73
25 44 48
25 45 34
25 46 66
25 47 90
25 48 49
25 49 89
25 50 48
25 51 1
25 52 72
25 53 86
25 54 54
25 55 72
25 56 37
25 57 5
25 58 19
25 59 21
25 60 6
26 27 8
26 28 24
26 29 100
26 30 0
26 31 68
26 32 33
26 33 96
26 34 28
26 35 20
26 36 86
26 37 15
26 38 18
26 39 4
26 40 81
26 41 93
26 42 54
26 43 53
26 44 81
26 45 96
26 46 87
26 47 94
26 48 56
26 49 28
26 50 72
26 51 60
26 52 55
26 53 43
26 54 16
26 55 84
26 56 27
26 57 3
26 58 85
26 59 31
26 60 68
27 28 21
27 29 16
27 30 61
27 31 58
27 32 59
27 33 91
27 34 3
27 35 11
27 36 89
27 37 12
27 38 79
27 39 60
27 40 13
27 41 56
27 42 13
27 43 2
27 44 12
27 45 73
27 46 45
27 47 96
27 48 81
27 49 18
27 50 46
27 51 63
27 52 42
27 53 39
27 54 79
27 55 16
27 56 42
27 57 77
27 58 51
27 59 34
27 60 58
28 29 76
28 30 65
28 31 52
28 32 17
28 33 50
28 34 43
28 35 60
28 36 73
28 37 79
28 38 36
28 39 94
28 40 34
28 41 42
28 42 34
28 43 74
28 44 94
28 45 49
28 46 15
28 47 18
28 48 74
28 49 43
28 50 93
28 51 36
28 52 11
28 53 6
28 54 64
28 55 66
28 56 85
28 57 11
28 58 34
28 59 38
28 60 99
29 30 81
29 31 53
29 32 24
29 33 90
29 34 33
29 35 24
29 36 37
29 37 35
29 38 30
29 39 2
29 40 64
29 41 82
29 42 65
29 43 83
29 44 17
29 45 70
29 46 39
29 47 36
29 48 28
29 49 2
29 50 34
29 51 20
29 52 77
29 53 25
29 54 75
29 55 34
29 56 57
29 57 84
29 58 65
29 59 47
29 60 41
30 31 9
30 32 43
30 33 33
30 34 99
30 35 51
30 36 44
30 37 85
30 38 14
30 39 54
30 40 55
30 41 88
30 42 80
30 43 87
30 44 3
30 45 85
30 46 74
30 47 76
30 48 10
30 49 63
30 50 64
30 51 40
30 52 99
30 53 3
30 54 58
30 55 90
30 56 73
30 57 89
30 58 77
30 59 59
30 60 62
31 32 36
31 33 13
31 34 94
31 35 74
31 36 80
31 37 63
31 38 76
31 39 24
31 40 89
31 41 67
31 42 87
31 43 47
31 44 100
31 45 82
31 46 6
31 47 60
31 48 63
31 49 51
31 50 98
31 51 45
31 52 8
31 53 90
31 54 52
31 55 40
31 56 61
31 57 16
31 58 43
31 59 98
31 60 59
32 33 99
32 34 5
32 35 37
32 36 83
32 37 52
32 38 90
32 39 40
32 40 91
32 41 33
32 42 10
32 43 85
32 44 82
32 45 77
32 46 55
32 47 48
32 48 52
32 49 31
32 50 63
32 51 18
32 52 58
32 53 2
32 54 25
32 55 6
32 56 86
32 57 79
32 58 73
32 59 43
32 60 86
33 34 62
33 35 94
33 36 10
33 37 10
33 38 67
33 39 76
33 40 92
33 41 78
33 42 80
33 43 22
33 44 84
33 45 35
33 46 65
33 47 95
33 48 44
33 49 3
33 50 44
33 51 80
33 52 1
33 53 28
33 54 83
33 55 49
33 56 81
33 57 16
33 58 28
33 59 33
33 60 80
34 35 57
34 36 92
34 37 56
34 38 75
34 39 78
34 40 35
34 41 62
34 42 76
34 43 34
34 44 75
34 45 3
34 46 55
34 47 90
34 48 48
34 49 51
34 50 67
34 51 21
34 52 61
34 53 89
34 54 47
34 55 29
34 56 69
34 57 46
34 58 98
34 59 10
34 60 65
35 36 59
35 37 100
35 38 77
35 39 3
35 40 86
35 41 62
35 42 4
35 43 84
35 44 61
35 45 58
35 46 30
35 47 99
35 48 91
35 49 5
35 50 27
35 51 60
35 52 79
35 53 25
35 54 29
35 55 8
35 56 98
35 57 41
35 58 59
35 59 93
35 60 49
36 37 100
36 38 20
36 39 59
36 40 92
36 41 61
36 42 20
36 43 79
36 44 55
36 45 61
36 46 48
36 47 82
36 48 68
36 49 42
36 50 33
36 51 9
36 52 66
36 53 57
36 54 31
36 55 9
36 56 16
36 57 21
36 58 10
36 59 29
36 60 13
37 38 81
37 39 20
37 40 80
37 41 77
37 42 21
37 43 93
37 44 56
37 45 44
37 46 41
37 47 27
37 48 11
37 49 28
37 50 88
37 51 37
37 52 91
37 53 16
37 54 32
37 55 9
37 56 83
37 57 67
37 58 60
37 59 15
37 60 11
38 39 10
38 40 63
38 41 93
38 42 60
38 43 82
38 44 6
38 45 46
38 46 99
38 47 64
38 48 50
38 49 64
38 50 30
38 51 96
38 52 25
38 53 84
38 54 82
38 55 53
38 56 82
38 57 76
38 58 89
38 59 66
38 60 17
39 40 41
39 41 65
39 42 33
39 43 98
39 44 59
39 45 100
39 46 96
39 47 20
39 48 30
39 49 97
39 50 73
39 51 7
39 52 23
39 53 26
39 54 11
39 55 28
39 56 30
39 57 57
39 58 71
39 59 31
39 60 95
40 41 82
40 42 10
40 43 78
40 44 69
40 45 27
40 46 0
40 47 79
40 48 84
40 49 17
40 50 67
40 51 46
40 52 91
40 53 95
40 54 7
40 55 53
40 56 1
40 57 59
40 58 34
40 59 59
40 60 20
41 42 64
41 43 53
41 44 25
41 45 92
41 46 90
41 47 46
41 48 42
41 49 13
41 50 23
41 51 26
41 52 68
41 53 0
41 54 78
41 55 63
41 56 95
41 57 70
41 58 28
41 59 0
41 60 33
42 43 45
42 44 23
42 45 90
42 46 47
42 47 54
42 48 27
42 49 55
42 50 4
42 51 51
42 52 29
42 53 83
42 54 27
42 55 27
42 56 5
42 57 60
42 58 94
42 59 94
42 60 55
43 44 39
43 45 98
43 46 40
43 47 60
43 48 44
43 49 46
43 50 6
43 51 41
43 52 1
43 53 17
43 54 79
43 55 56
43 56 29
43 57 43
43 58 42
43 59 81
43 60 96
44 45 20
44 46 29
44 47 33
44 48 61
44 49 9
44 50 89
44 51 25
44 52 79
44 53 22
44 54 28
44 55 84
44 56 96
44 57 25
44 58 20
44 59 3
44 60 72
45 46 20
45 47 78
45 48 50
45 49 14
45 50 79
45 51 1
45 52 4
45 53 71
45 54 78
45 55 93
45 56 54
45 57 41
45 58 95
45 59 45
45 60 49
46 47 3
46 48 28
46 49 48
46 50 72
46 51 3
46 52 45
46 53 67
46 54 64
46 55 94
46 56 32
46 57 12
46 58 83
46 59 42
46 60 62
47 48 63
47 49 24
47 50 13
47 51 64
47 52 5
47 53 16
47 54 78
47 55 3
47 56 82
47 57 22
47 58 75
47 59 100
47 60 67
48 49 88
48 50 33
48 51 65
48 52 93
48 53 65
48 54 23
48 55 81
48 56 36
48 57 64
48 58 86
48 59 16
48 60 20
49 50 25
49 51 47
49 52 100
49 53 5
49 54 80
49 55 65
49 56 48
49 57 18
49 58 7
49 59 34
49 60 95
50 51 27
50 52 22
50 53 50
50 54 52
50 55 79
50 56 82
50 57 9
50 58 22
50 59 100
50 60 84
51 52 100
51 53 47
51 54 60
51 55 7
51 56 90
51 57 38
51 58 99
51 59 43
51 60 59
52 53 89
52 54 97
52 55 30
52 56 63
52 57 87
52 58 83
52 59 100
52 60 3
53 54 70
53 55 58
53 56 99
53 57 41
53 58 92
53 59 10
53 60 44
54 55 48
54 56 91
54 57 40
54 58 37
54 59 84
54 60 26
55 56 59
55 57 70
55 58 17
55 59 23
55 60 51
56 57 65
56 58 24
56 59 55
56 60 65
57 58 21
57 59 71
57 60 76
58 59 97
58 60 65
59 60 75
