6000
6000
4964 5141
5972 122
1747 5554
271 4772
4022 1638
3633 2510
5403 7
2304 1174
1768 5010
5478 423
1796 2750
2819 3015
3102 2614
5719 2256
1364 3282
923 3537
719 2858
4648 2212
1363 3108
2583 4826
4399 4890
5303 1781
42 1558
3755 1755
1089 3976
3410 4450
2714 4656
5485 2789
2356 5687
1281 2058
1775 1513
686 3792
2697 374
1684 450
132 561
2960 1677
1403 1541
1018 2272
615 141
3930 5169
4222 5170
2445 2433
1627 1556
5965 4435
1741 3493
235 3738
198 1527
3834 432
4336 4374
240 4264
4847 2617
1039 926
4545 471
5214 3577
5016 5846
109 3200
2705 356
4452 441
5051 858
5904 5394
3375 5022
5637 1798
710 3094
998 900
3302 1084
5681 4499
242 3570
4544 5195
4263 1130
4001 2586
5367 1856
5002 3457
2218 5901
2396 2190
1147 4424
38 790
1146 1100
4950 4854
2284 99
3208 4708
871 3156
1584 1663
4558 1961
3601 1170
3203 2402
3218 5635
5839 214
2032 5736
5778 312
5893 3114
1398 5228
1373 4597
5599 2019
4812 1262
2684 1391
2295 2459
2587 1562
3578 1650
327 1332
4854 3600
3859 3939
1389 5496
3150 822
3988 901
5425 5549
3073 4118
3600 4929
4683 5251
640 4681
2230 4366
1717 1019
5310 5264
2760 5391
4731 2376
4059 2088
4497 2557
1462 4214
4307 851
1171 1284
4621 574
3537 268
4678 1852
3282 957
194 2182
5951 537
4191 4494
2874 221
4767 2737
1079 369
1018 5243
561 2802
4070 4602
340 5008
3021 5311
3598 3973
324 4515
334 1428
3346 5078
5431 5587
3934 1996
3499 846
366 5230
512 1262
4922 4639
3091 3293
3414 2985
1629 587
3050 1099
4720 1666
5870 3106
1711 5632
1780 1789
1938 1783
4704 5493
5415 2295
5489 409
4930 1067
1857 1725
1306 3405
1421 3052
3748 1299
3271 2250
1636 1891
4040 2323
4456 577
5704 4037
456 5642
4186 3271
5621 2873
76 5399
1152 1561
5655 171
2934 3358
3215 4610
2888 1714
1408 4935
891 1241
3586 928
965 1306
2889 3879
348 3227
3234 4861
5532 518
2405 1695
2854 2369
1872 1796
3830 4709
4035 3410
5269 5136
2762 5317
5156 3308
1929 3165
5515 514
1671 5936
1910 2304
2679 90
3745 3414
3135 1376
5880 3445
1435 4164
3126 3232
2296 3206
5665 5790
3298 3562
193 4723
3444 5632
305 2541
4344 4591
4613 841
5416 1277
4051 2274
4037 5403
1009 3959
1376 1560
801 4952
5890 2720
499 2998
2114 1457
3862 3269
5640 4898
2476 2487
959 5898
1789 5039
3473 1333
524 3768
298 1962
4832 3505
4093 502
572 1548
870 1374
1034 3935
4177 1168
3847 4789
4100 1275
1271 4957
2954 2647
3461 13
224 4369
4462 4709
4407 936
1671 4732
4880 3840
2705 5696
5588 410
2590 3106
3312 2283
354 1737
606 2614
4855 4805
5392 3497
4212 1998
5447 1376
5814 78
2645 786
3151 1648
1436 5480
203 1768
3693 3079
2594 5034
308 4866
5168 3910
2770 4055
1016 4506
4533 3194
3149 500
1592 3939
804 1277
2590 1145
1501 1451
989 5105
2057 2011
1493 3545
971 1412
2174 2968
5921 5606
4525 1162
2095 5105
724 1040
4391 1932
216 4913
5281 4402
5692 1203
1397 866
535 4501
5339 5163
1115 2393
4092 3858
1788 4878
398 4712
1442 147
2987 5708
4186 866
5526 4383
1949 3985
5024 4533
1662 3614
2069 1383
3721 5410
2214 5422
1086 4450
2665 2330
721 3126
4860 2851
5199 3981
2033 4048
769 5877
3183 1904
3740 5257
2889 2745
2847 4372
413 3631
1369 694
2074 32
2004 352
707 5299
1638 1302
5234 994
5909 5275
4702 5938
1420 4253
1423 3962
1285 5697
3933 4462
2975 38
3851 1035
5343 3221
2037 645
1178 3387
4321 4649
1481 0
4645 2601
2392 4317
3457 243
969 3875
367 4496
285 5933
362 2951
4526 755
5498 2034
18 5314
102 2719
5843 1368
3304 3397
5555 1171
1517 3177
1162 3947
230 5131
5380 4431
1771 5825
3250 3831
3215 5060
5919 639
2520 4096
4428 2784
3399 1628
4708 787
4799 2603
5161 5130
5857 2141
2141 1929
2699 1831
869 2802
3515 3756
3017 2600
2058 1929
813 2084
2139 4375
5444 4633
659 5206
4747 5789
1999 3997
3870 1544
2727 5748
2699 4090
2115 4717
485 3536
1612 535
4181 1862
184 1321
5764 1504
5386 4334
5716 5266
820 4436
788 5626
2984 3575
5958 4791
4266 4944
1068 4014
4739 2607
3425 746
4594 1337
144 1616
4353 2210
5655 2320
2241 3936
938 2204
3729 1356
4091 161
3576 5212
2767 2326
3387 1386
2505 1666
3517 3041
5347 1943
1644 2998
5581 5729
3969 3283
5971 1696
3761 5614
1566 5098
3625 770
1259 5213
430 2036
227 3371
1305 4048
2013 3212
4691 908
3973 940
3150 2256
3115 2616
5313 1366
2718 452
1100 129
5870 2607
2121 1320
5172 650
5315 5560
5710 2993
2046 5642
4743 2949
5667 4818
1010 46
4070 4027
3685 4822
1902 5516
3910 3406
4178 613
3477 2388
3801 4663
2699 2569
4874 4941
5938 2446
5288 1226
5772 859
1484 3141
4342 2637
2901 48
1777 4307
2902 165
913 2661
5294 727
1720 3087
2966 3885
871 5141
5693 720
4945 903
5811 5868
5658 4974
4006 450
3963 136
3380 833
4677 3027
5805 855
1516 5182
3495 416
154 2106
1576 5030
3106 2975
1484 809
2869 3323
3747 1954
2919 3686
3482 4246
1386 2174
4659 4682
3013 5850
1863 5982
1610 694
5702 3789
4257 3458
5740 2178
1351 5019
3215 183
1482 1767
3939 4400
910 247
5765 4111
2850 3024
5901 5845
5157 3343
1961 4421
3846 5778
2372 1975
152 3104
5405 4833
4950 5454
4973 658
251 2002
2831 5891
3717 2981
1984 3455
4571 3445
1192 5395
2081 3293
4095 3714
5064 1783
4624 5729
4033 3991
4705 5039
2232 4713
3615 5298
4770 2569
5567 3552
1366 3449
515 4504
38 2175
3379 3403
2364 5148
507 5530
1686 5465
685 3488
3880 5937
1771 957
498 4721
4861 4400
5135 4411
3085 5688
5057 5179
611 1283
4997 4883
1030 4395
5276 5523
854 1405
2194 3160
4471 5321
569 2083
4755 5320
2217 4296
2738 1329
4459 4429
3356 237
5610 1975
822 3709
588 4962
2931 2986
2343 3525
320 1300
3616 5
3749 3715
1955 704
3714 3455
1047 3800
3354 5926
2840 1779
1335 1164
5960 676
1405 5284
3970 1678
5089 3105
5269 1626
1075 5744
4424 4499
5419 5570
1605 496
1300 333
58 1004
4584 3159
4027 3959
1627 5080
2476 3481
4917 1898
1085 1905
4105 3221
851 5503
4715 2613
4221 5181
4578 688
4742 3657
5329 391
4823 165
3685 5147
3923 5586
924 1431
2241 2717
1372 1591
1960 5907
3023 4039
1230 413
1164 226
1647 1768
3984 1149
323 5922
5136 2653
1989 4585
4849 4109
2795 4804
5016 3123
3478 2534
1570 799
4252 68
1445 3558
5266 2796
4382 5140
4528 68
1853 4003
917 366
1471 3802
2160 616
1816 5616
2923 1888
2960 2240
5270 2702
5938 954
1419 5506
2507 415
37 992
1647 5124
1886 4498
2830 1709
5124 2101
3307 1144
3421 1104
4824 2490
2113 3308
3376 2355
4454 3885
181 661
5924 4108
1247 2108
2294 2982
4226 3936
3847 241
3289 5522
2765 4195
684 5523
5355 5253
5949 609
1260 3297
5998 2135
2106 2431
372 5261
2088 3014
2744 5905
5371 2888
4134 5063
2870 953
4912 3004
5440 4206
5352 3980
3528 5667
5616 3236
1405 1564
3371 5002
2187 2035
1904 3839
1310 2517
66 5916
5343 2609
3940 1438
4844 525
2329 2820
380 3318
2338 3953
1825 3804
4921 3116
5262 4508
1574 5252
594 4442
1781 2506
1585 1415
2894 3321
2437 3323
2352 1967
84 2479
68 4133
3620 2852
1531 4127
3018 150
4311 1639
4911 3868
5789 1878
5075 4050
1036 4977
1994 5671
3022 4535
246 535
3030 1339
3945 4015
4857 5541
239 267
5376 3692
823 2670
5347 5713
4383 3430
1143 897
3761 1319
5514 5593
759 2546
3887 3959
3200 460
4313 4010
5771 1541
5773 2769
4850 4407
1974 3646
2488 349
1125 3888
1836 3098
1814 1276
4422 5260
4792 1725
3235 278
5469 5799
2075 5238
4519 4862
1683 904
3870 1815
575 2766
1753 1627
5153 5099
805 3349
510 1977
3205 1243
5158 4369
1586 849
1043 1026
2336 3751
5576 2200
2518 3619
5499 2831
4876 4044
3516 2755
1057 134
3500 4463
1584 2368
1608 4398
2384 2752
660 1702
2359 5997
4276 5867
1251 37
5777 4385
3298 1387
5633 3098
2096 2894
4451 4142
2269 94
5983 5674
550 530
1016 2409
2179 2062
5967 2784
1259 2727
602 1963
848 3836
1251 2571
3310 3208
486 2057
1629 4991
4336 203
355 3556
4078 4572
2582 2095
1462 3269
2746 1793
1755 1602
1599 3769
844 4799
4932 4389
1773 3255
5906 2408
1539 5797
2869 1594
3609 1377
5447 2493
5367 622
3257 2161
2511 5673
1488 1965
666 219
3661 1143
3024 647
3863 2187
966 2239
5724 2024
5035 2578
5226 1583
4861 2872
1818 160
1232 773
4807 788
2489 332
2146 5842
470 1348
3234 1941
4378 598
1226 4577
5734 3846
548 4314
5548 2892
595 1438
2192 2092
1813 4782
305 906
605 5112
5554 5041
564 3609
5309 1271
1748 4881
2863 1107
784 3844
314 1839
2630 513
1727 5022
2392 4724
3386 2865
4871 2500
145 1602
494 5315
3072 3476
3371 3601
3124 5922
5476 3188
321 3454
5918 5171
1404 3750
2737 3874
2272 1921
1694 1594
5527 2830
2748 5453
481 3436
4561 3292
5634 488
5585 2826
1529 665
1857 3625
3972 1942
5582 112
2489 3066
3477 316
5372 2346
9 5079
913 254
5085 1919
2712 1193
317 216
141 1526
980 4064
4032 5081
2116 4194
3656 30
3453 1451
5500 2517
3010 750
5122 3277
3308 2212
2374 4401
5705 5426
525 2901
2931 1857
2180 5336
4940 124
3413 1272
1146 3645
110 5593
1448 1831
4877 1661
3201 2482
5174 2937
4154 1130
2687 2339
2323 3159
1190 5055
4177 5867
596 5870
3851 2601
1575 5905
4546 3189
2774 5470
3644 2247
2390 3928
4281 927
1897 2584
3280 2959
2036 3875
5879 4573
1482 1874
5127 3718
1625 4751
1975 4193
1127 2539
1223 1206
1237 532
5245 3763
1585 2083
1280 3053
3003 5916
5851 2768
2336 4052
4861 3963
5752 810
812 150
3914 2719
1259 2963
5814 4076
731 2376
3618 2339
4714 1403
1563 1370
415 163
2800 4591
5724 2759
1664 3
1979 4502
1522 2379
5126 929
3085 2474
4361 499
3763 988
4397 5966
3564 124
975 5043
1638 2270
4885 3161
5709 5171
5999 3023
5596 2251
3672 3727
4719 3371
5684 2844
1693 4339
856 5189
248 427
1918 4888
3979 4247
5574 2464
5860 382
1636 391
1010 2003
1002 56
2241 4421
5083 5289
2801 2776
991 3962
2558 5072
3010 2024
4759 5975
87 798
3383 771
424 550
4689 2574
4018 2485
5310 1118
2134 2503
4902 3267
1466 3726
4260 3028
227 982
1859 942
2566 704
5297 1934
966 2123
5547 5359
5194 1094
1670 2564
5625 2558
5182 208
2932 383
3108 5117
2285 1446
3577 3263
4347 2073
674 2361
952 471
335 4098
2052 3842
5110 2623
2934 2837
3698 5879
5843 1649
2585 1682
219 806
1396 1655
433 2418
2586 2864
1831 1484
249 5641
5443 2153
1814 1561
1307 2386
2330 575
151 4743
4817 1771
1587 4380
2396 5118
2087 4896
2138 2492
2777 4811
7 948
1710 2028
5709 413
3130 1374
671 4941
1963 3849
1193 5470
4237 5116
273 663
3709 362
4665 4132
584 5014
5508 2053
497 5619
3611 5093
2013 943
883 2484
4146 3445
1605 1788
5098 3964
247 5637
260 1619
4147 5746
3442 1329
188 3187
811 5664
2626 3675
3710 4403
4581 5501
3640 3777
229 1672
3756 5928
5900 3015
980 1241
2335 5702
5830 847
518 312
4932 1748
5673 5529
703 5823
887 3955
5552 4073
5325 119
3539 1148
1397 4526
4172 1102
3164 5985
5495 2979
4602 5655
2500 2749
126 4664
4088 5482
1312 5303
1770 4049
3725 4027
3501 4142
4216 4681
1990 5998
2742 547
3102 3556
5262 3800
3509 2832
4909 1658
3871 5822
3178 5985
5431 3979
3730 3798
506 3759
5905 3011
2855 4078
4918 2861
5848 4599
421 5492
5506 2727
3876 402
3537 3018
683 2588
358 3816
258 5125
3383 5956
4577 1577
1560 2575
4136 3711
2232 5637
3139 1992
3020 5918
1053 2541
2906 813
399 2497
2863 154
5958 4817
746 4470
1988 2163
2073 4404
898 464
719 4777
158 691
1289 4317
1161 5487
753 297
4020 910
1332 2313
4751 609
2909 3291
2915 127
421 3045
4782 705
269 1267
3495 5043
2129 4185
299 4018
2445 2962
3515 783
3181 152
416 4324
2207 1953
1219 4159
5511 4263
2215 5515
146 3544
5575 240
2498 3237
5904 1126
838 2368
313 4352
3049 3133
5832 400
3320 5593
4358 4304
560 5862
3268 2629
3007 57
5779 657
5725 3375
237 4752
1162 4236
4624 916
4701 38
1316 3186
3518 4334
962 884
2935 2583
3982 487
136 5348
2867 1696
2633 1110
1289 881
1100 5853
5662 1700
3055 3643
3263 5803
3463 1901
3058 2742
975 5973
2461 3330
4589 3474
314 4517
5845 5582
1176 3775
5507 5461
5102 5023
812 4076
3811 1716
5300 5340
4722 2953
4891 1589
3200 1753
2867 3133
4585 2156
2749 2694
865 205
5817 2418
3142 4427
1902 948
1691 3994
4127 1081
971 4476
3202 5801
2690 129
5266 2695
1273 4195
1146 3327
5995 356
2846 40
2782 2239
5900 5828
3389 1472
3838 5318
3452 3869
1124 2816
5616 4833
323 4675
4849 2955
3742 1300
3943 2209
4123 2002
4371 1645
2636 1451
1476 3640
5236 97
1118 3210
4533 5893
5239 490
3308 3024
236 4552
288 1367
5674 4220
4857 2494
732 5876
1939 1767
2160 1147
3674 3320
1485 4988
4111 5440
2734 2440
4678 4304
4070 5618
3816 446
4605 5807
4829 4734
4551 1172
5456 4474
4519 2097
5490 1307
4942 3006
916 999
1755 5679
4585 4806
4741 5251
4292 1376
1865 1131
5816 3910
1959 502
5651 1672
1722 2560
4205 2485
65 2089
680 976
5317 1953
4909 1768
14 2493
3280 2479
279 893
5040 3840
3634 4393
2460 5763
1451 1978
3992 2902
2407 472
3030 2237
5942 4742
59 3286
539 2096
5953 1584
1678 1886
3029 324
5039 2197
4149 3
940 1276
1538 2550
840 1474
208 659
1216 475
882 1119
2142 3450
3987 3562
5088 4474
2876 2749
2265 2939
2399 1718
2216 3511
3728 4705
2953 1791
3528 2145
5983 2521
5953 2350
2276 4884
2612 2096
98 5973
1024 3063
3089 1440
3468 37
2452 2831
4394 4477
976 1376
3620 5538
1827 2534
3552 1217
3124 1748
5312 1774
445 2770
3076 779
46 4160
586 5362
5837 368
3698 1227
313 921
2945 188
3919 1827
2854 5534
5742 1839
2388 4821
5493 3365
4776 2729
5739 191
5058 4741
1562 5765
24 1037
5729 3665
3156 759
3183 5279
3460 75
699 905
3401 4285
4055 4133
5239 1117
5899 4860
1944 490
2154 3504
3449 3846
3238 2649
3965 5060
3244 500
5156 3702
3899 720
2223 96
1101 2566
5031 165
5950 2497
1950 3136
4322 2661
1407 1167
5335 4242
3077 89
1040 3169
406 5521
48 2746
4717 5504
5030 1110
2025 2513
1915 601
4661 2637
5037 2364
2408 1675
3917 4329
1459 3336
1938 791
1138 4632
4527 5794
5089 5661
4303 350
3272 3968
2302 2514
2930 986
34 1307
2481 1581
4548 2390
1314 11
2244 3132
5393 1630
98 4584
5116 3798
3111 5739
5212 42
520 189
522 3395
5720 5557
3544 5619
1014 1566
746 3456
4887 2903
4864 3240
4462 4738
4877 2108
3945 4781
756 3035
5573 1249
972 1052
2552 2163
4841 1075
5883 3055
2857 1503
5611 3966
5603 5565
3952 637
5071 3600
1206 4238
969 3131
4265 2444
988 4794
1629 2321
651 3328
2431 4053
65 3040
1011 4832
2483 3850
1161 2983
4202 4112
4816 365
4940 2325
1250 465
2474 4415
1591 997
3890 4698
4647 2665
4485 1977
5503 3271
4083 4286
1468 1379
4697 5816
52 5647
1082 3626
2438 2388
3012 2650
2762 1613
3407 3373
3333 4736
138 2110
4527 3026
1730 2663
5309 3346
901 3547
1211 2820
3044 4839
5938 4157
1925 2717
3397 3026
4559 5171
2018 670
3378 4876
4029 4989
2846 4461
3618 3272
6 2023
439 5304
3575 3853
4767 2430
1275 3231
2400 4631
5972 717
4861 4560
5036 25
2638 5923
4459 4965
2334 1341
5713 2375
4709 2428
5183 5943
2541 1328
4236 3296
510 5505
2984 1301
2998 2421
5710 2881
5729 947
4768 5491
1777 3885
3895 2223
2829 4931
5506 2912
529 1064
1649 2600
2398 683
1336 5266
5296 2035
4058 195
1712 3304
4878 1342
5651 5505
495 2919
2662 5636
5869 2928
166 5971
5801 1068
5821 5871
4681 883
445 5534
155 5398
2489 784
5021 118
5731 1090
2531 4619
3890 1244
80 4544
609 4095
4503 4283
3147 930
3244 1228
4876 2068
1812 5343
721 3701
4407 4517
4414 4557
3767 5247
361 4359
996 5208
2980 2591
3209 1744
2133 3992
5632 4743
4354 4496
4154 8
3630 5353
3119 5281
5459 1195
4118 3278
5351 1652
1082 3136
4740 1304
2165 2255
3043 3648
1859 5012
236 4718
310 4455
3244 1207
528 763
707 724
4099 1122
4844 2404
1095 4827
553 2244
3221 3284
4402 975
3361 4725
3180 948
1933 1357
440 1784
3376 4186
2066 5165
1438 4153
5986 3981
4025 4335
1051 5325
1585 987
2257 2416
2016 5729
527 1206
1354 5576
3336 2046
3164 221
5864 3490
2434 4225
1908 2436
5413 1782
1521 5031
5587 1240
5619 5174
1555 2296
3106 5128
5423 3367
273 2646
1302 5787
197 5436
1232 5453
1957 2686
1498 5219
5855 1238
3885 904
3984 5709
2697 731
698 3162
466 5712
2947 4899
4068 3336
5471 1751
344 263
2490 1812
5291 5445
5950 3638
2642 3235
3681 5162
800 5188
4761 3893
2494 4581
3314 4518
2256 5038
3858 3965
1171 3359
4064 1932
2626 4232
4094 5748
1499 2902
3481 2166
3048 962
4973 5740
678 5268
3448 3844
1530 3047
2137 1458
5937 3308
4812 4101
5818 2289
450 1015
4174 101
2304 233
4920 2325
4105 4369
1635 1310
1585 1799
4229 2632
5261 2156
4021 1338
4466 3355
4333 5362
3288 1819
928 3303
890 303
2317 3648
4233 1078
1297 1367
949 4197
1944 5171
1374 647
3045 142
5359 3271
894 5965
3029 3018
5999 1270
1894 2946
2713 106
2698 4549
2348 5856
1817 1115
5427 849
1185 3767
5288 3815
231 440
2526 3150
5129 3957
3025 5114
5129 3401
914 3212
5702 3240
1558 604
960 3123
885 3906
3806 15
4468 3186
1897 2538
687 1312
4019 2834
5528 1380
5934 4916
1280 1154
224 5555
613 5277
5628 4980
4874 1918
1553 4391
2317 2060
5045 3645
4336 1663
4960 1164
5566 5219
2310 4980
277 2420
4819 818
5926 3831
207 3220
2653 4254
1587 4088
665 5081
4502 4044
4370 2931
1982 4797
1467 2930
4417 4467
3508 2567
3177 4585
1061 4629
1196 3553
1471 451
1633 1384
1293 319
297 2962
4419 3467
1881 3439
4056 548
4370 73
5642 4987
4992 1542
945 447
3658 2533
648 4932
5614 4093
2327 2882
1663 3349
5365 2143
3975 4135
63 4431
3455 3242
4113 2074
823 4994
5886 275
4120 5194
2352 2155
1221 4451
3513 1640
1281 5170
4910 3176
1419 5428
5403 1555
887 1898
5935 2950
4933 3393
423 3760
1384 943
4705 3589
4046 3931
2273 2722
3790 5418
5506 5945
3385 2324
3584 1123
415 1392
171 719
3216 1493
1248 1794
3615 31
2235 3430
1287 5617
4092 1565
5417 1544
1428 589
3559 943
5298 5259
5400 4383
5693 5932
1674 2327
143 4071
959 5225
4685 4314
198 3883
3343 4666
4207 498
1054 2794
2000 1700
4265 3173
3873 4786
5912 1140
1840 2023
2411 2095
2833 500
5828 4398
705 3310
2658 2037
3753 2694
5111 2475
5963 5770
5145 620
3233 2202
3429 4309
5530 4709
3826 5096
2717 3349
649 29
3621 111
3505 5085
148 1705
1058 597
1845 1271
4348 5298
4088 3277
4111 3071
1853 203
5165 715
5190 652
5780 1131
9 162
1656 1556
3384 2297
2116 5468
4052 5249
2136 5769
4212 4395
3440 3584
3677 3041
2129 5230
1222 809
4259 145
2448 5276
2974 1913
415 2455
1964 778
1555 2870
5267 2479
5172 4330
3912 1794
1187 5924
3968 1299
4861 4175
5492 5463
352 409
5373 5153
1351 668
5944 3359
3699 3697
643 4809
5461 3948
3379 4207
2095 2960
1210 35
893 5394
1747 5727
772 5639
4615 4718
3631 2825
4067 4798
4616 1502
5577 2552
5615 3373
366 2232
1288 1847
3711 5420
3963 1396
251 1406
3507 1323
2177 2622
2678 2865
3178 4100
3301 3785
5717 5474
3476 1693
930 243
2137 33
2588 3970
3119 4475
3592 1855
2716 1174
2396 1626
5311 5874
2111 2187
300 3058
3257 5874
3260 3532
466 313
1689 424
5363 4327
1116 641
4089 88
4594 3839
2132 5310
1372 5074
5280 276
5979 3336
3558 4187
1991 645
2295 2270
2583 4018
3343 4619
2098 3681
1784 2342
5104 244
4783 4761
4283 5290
2768 5873
4754 3396
33 2866
5098 2710
1936 4434
5646 5509
3285 5733
1281 5746
1349 3964
140 4085
3404 4682
2585 3140
75 4420
4433 3953
4054 2172
3435 4643
1548 5055
3434 4588
4554 2566
2861 4648
366 1025
968 2829
1736 1525
191 2142
4649 5949
1088 5929
4998 4483
859 2378
3702 2889
4579 3904
537 4645
3170 787
1783 1439
1077 135
4572 262
2395 407
5204 5718
393 3913
528 5759
261 4642
3368 4922
1177 1748
2794 4804
5420 0
4186 1614
4938 3125
195 4088
4722 4923
3864 2942
4224 777
2938 2739
5011 2088
1182 307
5076 3428
2253 804
3461 4004
5950 1623
5409 2451
5721 4168
450 3523
1474 3917
3417 2461
18 1658
1452 5010
1429 5847
4559 5307
4364 3685
3577 2053
5731 5629
1223 2903
2224 5064
4328 4058
3788 4621
428 3125
3226 468
5890 2225
5189 4683
4619 4745
2623 981
586 4486
1277 1366
2208 3987
731 4701
258 4478
4740 3446
3148 1383
3865 4330
2358 5911
2620 3698
1371 2147
5871 5080
3574 176
271 2756
5394 5860
5919 194
225 415
4088 2940
2086 579
5044 5899
4007 5086
3897 4586
325 2940
5466 4030
1035 2197
578 4170
4328 5103
2623 5651
656 2675
5322 991
4049 2720
3917 562
4506 2731
1774 2294
5668 3016
4921 1457
3615 5930
596 3524
3700 4510
5189 163
4036 4527
1302 2631
3300 1773
3324 2195
2267 4459
3283 3272
521 4493
2137 4924
1209 856
5555 5566
1122 2245
4389 5014
2433 3027
4117 5631
3713 462
3870 3447
4729 3964
1454 4352
3624 2889
1804 95
2872 5220
3869 4723
636 5051
2808 2132
4757 1999
3367 5596
213 4019
3504 2433
173 4220
3268 3228
3795 206
1176 3964
4848 4352
3142 2391
3666 865
1446 2262
2334 4114
312 1613
328 624
1967 5414
5068 3760
4662 4716
1457 1716
5074 4641
1322 4534
4765 2141
833 3908
5830 131
5645 2671
3901 5972
5381 5709
1090 673
1926 2323
1958 5325
5685 2639
4733 4561
5279 2748
30 1706
2251 3605
5246 5758
2367 3009
2390 2280
1441 3838
439 2759
5107 3921
5370 5706
5613 4385
4281 2692
2370 5739
1462 5763
3977 5682
5871 795
5199 1526
1022 2363
3761 5308
5659 933
1496 238
1004 4936
2432 4141
1489 5890
434 431
3026 4359
1031 5128
3566 5667
4178 860
2780 2576
4812 2576
1249 801
1324 1592
1620 1607
3907 1722
3525 784
3758 3330
4107 2214
4081 3105
120 926
948 4659
221 2219
4943 2312
4977 1655
3072 4977
4084 5912
336 1077
3614 5665
2705 3374
5494 4199
1513 738
4418 710
3930 1589
1210 1756
5756 3460
5815 596
326 2523
2534 546
2022 3943
5385 3152
2140 2330
4458 2413
5175 4846
1817 4740
3593 5098
276 4267
5067 2950
4724 3412
5720 1216
3687 2857
3293 2207
2581 2434
2433 4211
3711 5762
267 577
2636 3425
3670 5243
3109 4436
622 667
2280 431
5232 5937
70 5898
4621 661
3371 1560
1165 1790
4705 776
3094 4097
1962 1490
4654 1826
361 1346
1898 4127
2069 900
5015 963
5964 2752
4737 3850
5643 2767
4237 4507
2187 1198
5301 2314
1005 2987
3796 2377
4561 1321
5280 1801
2708 2302
4784 1057
5320 2379
5577 3722
3251 4339
4483 339
568 2417
2739 4731
5611 5675
5792 1484
1491 5496
2087 2626
1084 5857
5495 5277
35 3260
1431 5957
4084 2488
2585 1440
4214 3941
1140 4433
1536 4086
5559 5190
3483 2193
1453 448
3906 3208
250 4403
2092 5509
1409 423
4363 2648
1057 5094
2162 1268
406 4840
1590 1345
3108 1966
5622 2688
2199 2065
486 5361
5504 2597
5354 4294
1809 595
478 5380
133 4138
594 1834
4237 3277
2786 4109
5691 3356
1960 1596
826 1766
5159 5447
4325 3259
2516 1221
1422 3467
5436 2915
520 1651
1449 4268
3846 3202
2184 1245
5677 2442
1001 4784
3886 3972
1245 1449
4244 845
3415 1594
4121 1693
612 3400
3188 5046
2763 4137
4765 4764
199 4039
5022 4697
3933 1977
1866 5010
2797 5337
2013 899
831 3257
213 5385
5759 1240
979 1575
4294 2064
4444 4606
4075 5694
5200 5185
5812 4414
5966 5080
2149 5317
1460 2781
5637 5166
3899 4118
5863 3690
1473 1443
914 442
2853 634
1479 2216
1539 4128
3351 630
4808 2101
2980 2242
4088 5439
889 4012
519 5565
5619 3187
433 1685
4178 1887
5733 3519
5969 5500
3251 4335
3281 4250
1082 3017
392 3489
2498 5925
333 2902
4381 2035
1409 164
1025 2706
3986 1251
312 2722
3391 1410
1466 3977
3739 5716
5115 5878
3581 5777
5533 1110
4885 4080
3960 3306
7 2453
4552 4030
1752 1498
485 2241
470 3284
5881 2956
4406 4262
4579 5954
4511 4300
4742 4082
433 3122
1524 4221
1432 2426
2791 5896
316 5914
5510 2541
3442 2902
3534 5098
1991 3260
5268 5528
1158 890
4056 4440
1658 1216
4511 3281
3198 4597
4906 1018
4006 4897
2602 3554
1871 879
5436 5209
4284 4991
1207 3445
1338 29
5219 2577
4223 3179
5921 837
716 670
909 1126
4625 3267
4191 1810
4890 1551
2572 57
902 3501
2054 5076
3885 3375
1030 2263
4942 4680
1319 1308
3529 4032
2880 4158
4605 5385
1520 4192
4857 3486
4936 178
4365 3453
1460 5301
5218 2000
2381 1736
1270 2899
3246 4157
180 1455
17 4797
1269 4263
153 2522
3819 2040
1186 5816
4584 4647
3366 5091
1644 1922
4102 2696
3744 3503
488 3697
1816 3365
3094 172
1667 4296
2165 52
4011 5332
1690 5740
1406 3361
1995 5557
5190 642
771 3881
1282 5168
651 1539
2813 5446
718 484
4681 5738
4050 501
2825 4393
3720 4054
2849 1429
5640 1377
3974 531
2626 3921
5944 5859
3903 4326
1750 1759
233 5081
831 3967
4517 4949
91 382
3723 2400
5897 4991
570 5397
4039 957
2709 4598
5377 1689
4289 1476
189 5324
1524 290
3044 1979
135 1595
3426 2508
651 1142
686 4988
1436 5206
4933 2060
4730 2215
3128 2542
2483 3446
2844 3487
5811 5778
1603 4079
4281 1417
1844 5382
4692 4106
796 2025
2681 2027
5309 2582
1887 3119
4351 4336
4096 3512
4299 787
4910 4632
1404 1549
8 5307
4702 5278
1331 3018
258 1325
4459 4619
2337 2134
5997 1926
3745 1401
2381 4598
1033 2739
5875 5898
3181 4448
2357 1034
4953 1840
3134 5418
4748 3507
3921 2942
4522 1683
5115 5879
2629 885
2964 513
682 5796
4578 1604
788 2746
4451 1007
4427 3263
3889 2901
1069 5630
5423 260
4056 2119
1179 2563
2727 3456
1112 1392
5376 595
4149 3984
3241 3106
5032 2832
4541 5949
135 2003
698 2807
2308 2660
461 5625
499 2419
894 3690
2841 574
2943 1833
1770 1668
407 2930
2717 2093
1003 3815
3226 772
1385 4164
4250 3856
2284 4188
1672 4922
5274 2185
4818 612
2232 461
3588 4016
732 2719
4454 615
5739 1360
4186 4648
5470 4997
3590 2162
3319 1713
5155 4511
4214 5949
3691 3193
2368 2223
790 2879
2229 1331
777 5795
3746 5754
2472 5825
2621 4941
456 577
212 3858
1110 5901
3201 3353
1741 5033
4719 5731
286 5206
425 2920
4429 2322
5433 889
1830 781
5514 5356
1545 3486
5300 5271
1771 5641
1857 3320
1433 1897
2625 1387
2705 5834
3813 3272
3765 2558
1192 157
5404 4365
1861 4173
1860 4926
451 1283
1418 5887
46 1716
361 556
1098 5068
5756 1026
2275 5989
1314 1350
2099 473
5207 4463
3424 657
5529 3858
5997 385
3236 2363
1628 1553
1068 1919
2020 5020
3679 3147
27 2442
4856 1074
3551 4584
2106 4913
4126 4218
247 677
4169 23
5331 4065
1786 2074
1526 3129
2611 5637
2817 2491
78 2574
3265 777
2699 1654
5706 657
2587 1357
4011 3474
55 787
1285 4158
1365 3615
717 1059
2921 5986
5121 3184
4176 3395
5412 4009
2845 3509
3931 5262
5193 1812
3849 2989
4316 4571
1896 2171
2705 594
3156 980
1436 4764
3464 1569
5288 4420
2358 1840
1233 2491
2713 4260
4711 4391
5896 2577
5067 5442
234 3527
4354 4675
1350 1108
4759 579
1162 243
3552 1231
4439 541
1371 3098
1996 2764
375 3827
3110 3182
3322 2887
4482 2012
306 730
2448 1409
883 4344
3758 4190
5852 2865
5732 2947
242 5248
1968 1502
1931 1788
5181 2681
5882 4792
4392 4494
1272 5479
1406 3673
4368 5753
5812 3373
5311 3905
933 2181
2732 583
2144 1530
2278 5549
1519 2326
3645 882
1518 3999
2008 3107
1332 4935
1931 3743
3097 2464
1883 4750
5764 3766
4390 2611
3227 803
2892 2023
3114 70
3723 3779
3686 5219
5126 4646
2311 5004
4553 5099
730 7
5591 1173
4809 4219
709 1007
3390 4147
507 5673
703 5523
1018 1928
3109 5861
3827 5379
4554 5269
4282 3044
5949 1040
4697 4076
434 3751
3430 2861
3568 5636
2889 5681
5744 522
3060 65
3626 3217
565 2702
767 5786
490 164
729 5371
5473 1462
1913 2823
3619 3447
2940 5864
5275 1904
5759 4739
1814 2738
730 2730
2517 58
5005 2070
2672 717
5716 789
556 5819
4299 5654
1213 5687
4943 2497
3093 1596
5162 5872
1119 495
2025 2484
3549 3115
5923 4654
5418 516
1574 4358
5922 588
4791 4991
2444 5335
3981 5653
5322 5162
1034 3565
1200 603
222 4624
3067 5937
795 4912
4012 3739
4215 3806
3353 3447
3595 4930
4433 5215
3134 5517
1340 1557
3779 661
5312 386
3755 399
1183 2119
4920 4221
262 451
1028 2257
1389 3667
1637 1409
592 1712
4001 5057
3739 2797
5219 1480
601 1388
5260 1989
5549 4307
4700 3609
824 1490
3706 165
941 4974
1109 4409
4454 3406
3963 3831
1283 2503
740 3978
549 5779
4445 4229
5825 831
17 4356
5115 895
4102 5697
2127 4613
1818 1965
4519 2397
3579 1613
1237 866
5900 696
4154 779
1653 1243
1846 2888
4886 2172
1184 2477
5879 254
2365 4915
3244 3294
1726 2768
5319 4812
4031 4379
336 2335
4526 4818
1859 1440
3908 459
5187 856
5844 885
5390 1572
65 4259
4843 2283
2293 2053
4014 4327
3837 2187
2748 4755
4499 3681
4726 5510
2929 1411
2936 497
2645 5925
4405 3512
4596 4734
4067 5679
5875 313
528 4068
2111 1239
2486 5785
964 4363
1451 877
3668 3148
4929 3098
2337 3335
4104 4734
4805 3795
2981 1547
2288 2122
3113 3431
3867 261
5091 977
2729 1185
2033 1954
1420 2857
1738 5082
4768 106
360 2687
2973 5291
5010 3623
3140 1232
790 2311
4668 3277
4943 4448
1882 5752
3668 3857
3662 5845
5560 4788
4603 1329
205 5697
1016 2719
2730 3925
1876 1079
2462 2956
1982 862
4613 3972
5081 1708
5392 2345
5614 2708
3541 1348
1946 3099
3314 1090
3630 5337
3769 4722
5024 3229
3848 1188
2865 2993
4313 941
593 132
5818 5260
945 4265
5497 1171
3621 2647
795 3441
2702 4165
2106 5458
5140 4731
1201 1787
476 1827
5663 529
123 5686
4315 502
3988 2855
3493 1850
2910 3271
1598 448
2902 5094
1639 2949
677 3270
2710 2552
594 757
2315 4035
3169 5609
3679 5594
5497 2564
4038 2028
5167 1315
887 3209
4410 2130
3968 2189
153 4463
5428 3046
815 699
1290 3181
3418 1805
3104 3242
402 3288
517 3251
2652 4089
3696 2141
5477 309
1961 2012
4143 562
3187 915
5802 1999
1170 1811
3993 5203
4119 2243
2211 3463
4036 2245
4119 2049
3889 2287
2785 146
5928 86
2662 1292
2063 3150
226 408
4426 2935
4726 3954
378 1822
4299 5392
3588 969
1867 3495
3471 1291
3668 4698
4925 4632
3509 5375
1805 5332
5285 5157
4606 2971
893 2694
1837 238
1361 3
5664 2087
1752 1045
3964 1780
3168 442
4823 4524
5369 1765
1535 2231
4221 222
5447 2544
2894 5317
1566 118
1321 1639
5889 4156
1642 4034
4178 2233
4963 4962
5255 3803
2387 1186
565 4975
1651 5076
2596 1102
105 4444
3100 823
735 3780
5052 4675
3053 831
876 420
2327 4588
4840 3647
2652 5767
405 3648
5488 556
1312 3580
3020 2502
4814 4866
340 3876
2282 443
3223 4780
620 4883
5062 121
311 1388
5936 4646
1286 2474
1573 3028
5216 3965
2435 5047
2693 2350
3005 2827
1570 2870
4963 2975
1808 4193
1796 2349
4977 2808
934 5223
4426 1284
2051 885
2205 3175
3553 4472
5780 4729
4704 5654
604 3338
1789 1679
2954 546
3054 873
4486 1351
359 5227
1215 3166
3164 4412
3560 2612
4096 627
3123 969
3323 4160
1599 317
5952 2708
730 1671
3852 11
5051 5568
4050 107
5080 3257
4356 2516
4580 4751
4177 1164
4813 5063
5384 604
3968 4603
5520 574
4624 61
2162 5537
4146 5271
119 5193
9 4692
2693 2338
5766 5498
2931 4405
2857 1301
148 1279
2162 1168
5571 892
2610 3553
1043 4952
3464 1577
2474 3549
1651 913
2834 3984
2899 2953
4307 913
2521 1792
5317 626
2485 1151
1841 5944
1585 1707
1176 3623
3143 1620
2464 3354
2368 3922
1413 1787
1980 4343
2153 4913
4704 2306
5657 3958
3387 580
3200 2876
3697 5342
2606 2492
2095 1115
3494 1774
3052 138
3481 1368
3171 1777
160 4495
2692 4751
1029 4059
4070 678
2108 4426
1242 1572
5947 5315
2479 2739
4622 266
2079 1122
3876 4911
5655 5778
3263 5049
368 1365
5070 2523
2514 5993
3796 3858
1444 1601
1680 1359
4019 2893
4083 1522
5854 2971
4536 1522
2465 5660
3957 948
446 2524
5329 3778
4338 3894
3004 4689
2646 5769
2940 4606
2462 4648
2711 3408
680 1671
2822 4266
4164 543
4872 3314
2681 5458
3261 5167
5436 17
721 3447
4108 3988
4472 4338
1844 107
3666 5796
3409 5527
2784 880
2618 295
5004 1571
3170 5549
4650 1380
4762 843
2681 1327
5515 5601
1134 1222
2635 1903
3530 2427
4362 1281
4409 1408
5447 842
3896 1785
551 1429
5583 2110
4014 1573
2308 1533
5753 4167
255 3160
5546 1919
2705 1715
1533 1293
3878 4399
3271 2417
3079 246
5989 253
2143 4887
2281 3593
41 576
3537 2385
5988 5737
1152 644
5640 5492
460 477
1152 2013
1900 2120
2027 1747
1217 1983
5551 1875
502 4003
1029 3405
4300 4357
5206 4264
3490 392
2672 1501
4427 227
152 485
3374 3431
4143 4419
4727 5417
1145 1684
912 610
5407 2625
4166 4803
3328 2469
5500 4466
3895 3686
3489 3078
2469 2600
3009 820
329 3141
2941 5124
2719 3038
490 80
1427 29
5856 4473
2286 70
3908 4576
284 2313
3789 3005
5682 174
72 4259
4699 4273
5197 207
4648 3779
2065 1796
2617 4324
1631 5989
3599 5884
622 5570
4449 298
2590 3686
2975 2598
5197 577
5258 136
5281 1371
5569 5128
1705 4187
4332 5268
3395 4312
1235 4109
4034 3900
4254 4326
1331 1659
138 5089
5960 1188
5366 1552
2767 4409
3977 1466
199 490
4344 5436
1179 2996
220 4211
2855 2596
861 1895
820 3305
1023 877
1158 4720
4806 735
5830 3816
4728 5003
2779 4368
5413 4857
3632 94
3027 4940
5862 1023
173 1650
1107 346
4035 5610
2740 3299
3700 5898
1753 4571
1050 3932
1825 353
3028 1650
1954 3243
486 1886
4053 4301
3716 316
3254 4229
4732 214
3351 2745
4552 909
4347 1655
3029 5948
956 74
2041 5174
5113 965
2452 5371
26 5655
2125 81
1795 5729
495 4718
1391 4451
2805 2646
937 4592
1424 2509
415 3619
1170 3958
4885 563
5907 445
5076 4915
5476 2380
4389 3968
4137 4183
5071 3521
3438 4072
4952 1291
228 990
5728 3475
136 112
1796 3910
4686 3275
3375 2610
4130 2131
2858 2423
765 5563
1480 4898
5311 1787
3945 3352
5812 5830
1688 1621
574 700
3053 3167
620 388
3301 2012
5964 3462
1923 4985
461 33
5041 3746
5430 3521
1102 4463
182 4757
1366 5900
2111 5066
3283 4403
5796 1370
3784 2910
3838 1102
3012 5680
1123 4803
3809 2034
5483 3924
1357 4249
1188 687
3549 5316
2718 3003
569 2271
2004 3921
1428 4284
4375 4871
4938 2474
3169 1062
4558 4902
5469 1059
1670 2952
5072 5948
5055 1278
3521 3603
3067 1918
3873 4907
4184 4263
2486 1374
794 782
2572 3739
214 4428
5262 1007
2469 2016
502 5302
2082 3665
3443 3649
694 2914
2272 5460
1689 1575
2708 3468
1220 2499
1260 4705
3328 2144
963 1547
3982 3488
3371 2883
2112 5031
1305 5306
5075 5108
2111 223
255 658
4678 2748
2423 2734
1588 3132
2109 3496
5844 2089
4006 4438
5347 0
1822 5421
4215 4228
4864 2080
116 3262
4225 4647
592 3193
1216 2397
827 5578
2000 3971
5048 4571
3953 2768
1799 4799
1358 5684
3484 4846
4263 1580
605 189
1644 4926
884 5758
2196 3913
5453 892
2648 4660
4861 1458
5128 2066
398 4112
3554 2959
5545 5183
1170 2292
4104 3962
795 2153
185 313
4985 4960
5828 5119
455 2776
2162 3715
1612 5394
169 2545
2107 5511
1188 4723
2968 3616
383 2926
5856 5775
1940 979
2748 4211
3965 5439
5547 145
2272 4501
376 2547
3026 5208
4160 3580
4892 5971
2741 742
5698 3316
2293 1931
3469 4687
2042 3101
5401 1228
2550 4662
2375 2724
76 792
5509 2117
4254 1080
1292 1465
1841 4975
5473 4842
5715 2498
2777 1088
2753 5970
339 606
995 704
2642 5601
3324 28
401 1556
4625 4418
3801 3023
566 1582
1676 715
4525 969
765 1706
5536 4317
3661 5397
3609 4372
5067 4903
2763 3275
4794 4313
2186 4655
67 559
1164 3297
691 1965
498 23
1699 4244
2521 3947
3362 1899
5403 1631
1277 828
673 3753
999 2570
1545 5949
5467 2765
5791 42
4270 1601
782 5398
4067 4899
1852 3770
1874 4371
1034 2283
2181 1201
4577 571
3693 4842
5380 5479
3675 4340
941 2372
1541 5156
1623 457
742 3194
291 1946
402 3438
1395 3822
1288 1937
3689 4792
4099 266
4566 5744
4023 1702
1130 2122
4142 3746
3167 2638
2572 3814
143 1489
5133 728
4406 3597
568 628
5672 5251
5282 5966
1863 1574
825 2856
4168 1020
1467 5103
1249 666
5276 1155
3696 4440
280 4566
4046 251
1782 4040
2163 2040
4301 4775
5442 1373
4994 535
1475 5439
3678 3309
2159 2156
2058 2156
3472 2350
4719 1406
3027 5033
4827 1774
2237 2225
5048 4344
1325 440
187 3569
3865 2726
3258 2658
4522 2604
1598 4296
1384 1542
3425 1733
169 3801
5247 292
5728 3118
383 3797
1788 1999
2442 4325
204 3478
2532 2570
4330 5103
1996 153
937 5493
1831 3969
5543 4006
3800 3594
4162 2845
2257 5659
5196 5905
3679 1342
2601 2195
4161 1048
3582 3194
5746 517
311 481
3645 5945
5944 563
471 773
1732 5765
3103 4064
753 4235
982 4408
4417 5498
1995 5384
5490 5120
5769 3349
873 3409
4577 1604
4288 5
5585 4990
5955 5481
1717 2862
5803 2348
2805 3917
4117 2036
5645 1976
4163 2900
243 2412
2343 1663
5675 1026
313 2644
5447 4430
4241 2602
1960 69
1182 4159
5884 4588
5169 479
3623 361
2181 3651
244 253
1007 5767
5935 1320
504 4346
5870 5995
120 3792
1510 5019
151 107
1089 1622
2491 1730
4094 5987
5228 3965
3091 1428
5134 3812
4957 521
5359 558
5144 4597
34 2338
5125 3103
1149 285
3225 3329
543 4763
728 4415
2067 5984
1171 5574
1073 3130
4833 1343
2182 1964
4335 3753
2440 165
664 5705
2427 3143
201 2184
3347 2725
730 4670
4285 3500
1266 993
3059 3399
2126 799
4510 4366
2862 2205
4523 2782
4034 967
4604 1720
1851 1163
1079 163
4166 4480
1227 1802
2979 3108
1038 2496
1012 5551
129 4673
2727 1383
5634 4350
4325 4657
5995 238
5226 5056
5872 3948
3775 568
622 3706
1868 5353
3203 5578
5436 5075
3568 2264
1907 3040
4381 3335
1586 2705
3647 4616
1794 5013
3860 1468
5004 810
4337 986
2610 4274
668 4713
5584 4498
1287 681
3795 3549
4707 424
1348 5973
1156 1695
144 5780
4371 4502
4608 838
4648 2785
990 5183
5732 379
4897 5059
1433 5294
2087 4440
5821 4988
2533 4318
4884 1285
532 4101
3742 2922
3207 1936
687 3163
2874 5978
654 1538
2029 5838
4117 5794
5318 305
894 1754
2904 2445
417 2197
2834 3344
2922 5379
2896 2129
2459 5361
5095 1717
1600 621
3770 321
1301 1381
3898 3916
5207 654
55 3113
5472 2292
3070 4383
3302 1949
2508 5951
2421 4123
1356 4013
4272 1004
820 76
5500 685
2581 3403
5535 921
3056 3309
3098 4952
717 191
1601 2130
526 838
5981 115
5810 3617
1953 2695
5701 4290
4274 603
725 5637
2197 4097
3809 769
4442 383
1940 3109
4708 5576
2385 4826
160 1984
4757 3853
2386 218
1748 5786
3964 2393
2576 4952
5870 5057
5892 333
13 2236
5782 2198
892 1017
1477 1354
2062 4381
1774 4882
3398 3817
3930 2846
2117 3513
1290 3691
3554 3480
5726 1265
5289 2874
1382 4987
1736 4137
1157 108
4087 2615
5593 3808
1374 1471
862 5165
2639 1582
5804 1793
1566 4710
4449 3868
2541 1552
964 166
4424 3163
1978 3739
276 3761
4708 723
2309 1342
5921 666
3147 2318
3871 4617
5147 3742
4067 2754
4949 2438
1494 5554
5492 889
4241 477
1283 5458
1345 1323
2010 772
2161 4583
375 2250
1976 539
659 4681
5315 2268
2465 5333
2980 3839
5978 1130
602 584
284 4236
3571 411
950 2778
5581 5106
1366 258
5592 1467
1179 822
3190 807
5864 1717
2126 2435
5648 4853
438 1343
2240 547
813 5169
2665 5051
3084 1151
1227 1241
5286 2679
2160 5360
5449 4973
3084 4320
2028 4925
2464 1044
5220 3226
67 5620
1462 2333
5524 1809
4303 2061
1485 2835
5094 4274
5657 4680
757 479
31 4710
3832 5813
5289 5671
3774 3391
2238 2672
2189 3722
4941 1008
4266 5058
4239 4397
4274 4799
342 4441
129 841
1328 5479
182 1489
4063 4987
4732 3435
5704 5767
5102 4965
5888 5463
1537 5688
2497 390
1282 245
4703 807
1308 5415
1720 912
4397 1174
3967 1725
3061 1240
3187 279
2281 516
4398 312
4388 2385
5215 3055
5099 3746
4116 3072
1964 943
5029 2940
431 1105
5031 4737
3017 1098
3787 1320
2306 1566
4197 4688
2177 2005
3278 5991
5330 2603
4526 5582
2473 1086
5080 427
1657 5657
2781 2567
2748 1750
1710 557
3327 1556
2737 5142
1183 4770
1614 3518
5639 2885
4111 1099
957 898
2329 1650
1527 3780
863 3
5079 4079
4949 371
4334 1976
3370 406
5953 5590
818 2825
4232 1589
2955 2843
2982 1556
1113 5494
2447 1613
4494 3155
5360 3063
4328 472
4397 3351
923 4249
2322 2542
4197 2372
3086 5037
3362 1810
3181 1841
5044 4051
2243 85
1319 3989
5379 5600
3440 2382
2730 851
2483 5361
2355 1353
5851 1052
3113 4936
4103 3014
2813 4498
4049 3977
1464 4925
475 800
4540 1013
4786 2956
2128 3958
3623 4148
4338 5952
1340 4031
5562 4671
3963 5880
1587 120
4415 3309
4583 3485
5079 248
2562 1525
3030 1984
4010 2388
2638 3466
4373 3696
1653 1131
5907 2172
4200 478
3156 4285
4020 1729
3710 5740
2869 4976
3482 707
500 4659
3630 3228
2653 5565
363 3093
3922 937
2755 1203
46 439
5081 533
1624 4449
180 992
3423 5069
2172 1882
769 940
5614 4869
2444 777
3340 5327
1107 3506
5384 567
5965 2425
169 3863
3580 3517
1688 4326
2789 5393
5717 4930
4043 3692
1958 2396
818 2896
5586 1667
3107 4061
2375 3787
727 2559
2394 3793
2510 2061
3611 4246
2987 3725
556 1524
669 1871
1295 1757
3600 2038
4411 557
112 5301
3236 1746
5897 4954
1660 5576
3 2400
2821 674
1521 665
5236 3132
2519 3191
4735 1293
4815 5557
2314 1075
5268 4505
5557 4679
10 1074
5594 3227
343 2574
3656 4691
28 357
900 3462
3735 1247
79 1368
3938 4373
4096 5054
3026 369
5198 635
3705 4176
5120 72
1874 798
5369 425
5525 3787
3614 3586
111 1549
4075 1530
259 4306
2033 3431
5686 4963
5350 2243
3792 2734
644 3279
1528 1437
4345 4475
4885 1087
2611 4984
1353 2149
1452 4749
3564 4548
2439 5677
2257 1726
3081 2663
1348 1674
1103 4388
1406 3017
472 3970
374 1253
3758 4554
462 5695
1085 414
3055 2222
5988 5184
2404 5135
4451 2385
2477 2980
250 5895
1162 2865
3753 2003
4366 1378
303 5901
3365 355
4810 5919
399 5266
5180 3185
5112 2625
3954 5603
3764 2571
862 4245
2476 1548
1130 3945
1956 2260
5778 1329
886 4325
3459 361
607 5329
4849 3155
1708 4577
5100 5655
4165 1668
1182 2543
3653 3949
1623 4233
3623 173
1599 101
1123 4633
1646 4793
2238 2780
3594 5356
2139 812
4501 1344
4688 4250
4424 4882
3346 3963
5287 1654
3789 2311
3812 4809
5260 663
5351 265
2130 1764
2178 2791
216 3920
1330 4158
5083 4320
4559 3437
1394 1444
1644 773
3399 588
210 1766
4440 1925
4558 3391
2969 2561
558 3898
396 4830
5711 19
1451 5813
5789 5351
1630 3911
5399 4230
3386 2755
4858 4906
877 4883
723 1201
4889 4519
3104 2241
4474 5182
2430 2976
3230 677
3337 5197
199 3213
3061 3034
237 343
5608 3649
302 3544
466 3784
3577 5228
2103 379
777 2047
3806 3191
667 1026
5411 1715
1432 4088
1999 3250
2589 2135
3749 3661
269 5192
4892 4853
2093 167
869 46
302 4501
5261 2276
1149 1732
5763 256
4841 528
5345 4857
5089 3191
917 2693
3701 4806
2546 940
3153 1382
1615 2494
5940 959
162 5331
883 2930
2481 2310
726 1905
4975 130
4572 1272
3305 5617
5751 2754
4175 5901
5544 897
5292 5648
5160 2601
2533 4102
592 2899
5041 530
4023 1802
4527 624
2710 1009
4971 2192
1434 5677
4703 847
4247 4964
2277 46
5407 3980
4190 5514
1285 4577
1436 4543
4638 4179
5198 3495
3047 1286
4255 3499
4215 1352
4199 2928
383 5743
1955 4762
5714 1804
1658 3356
2438 189
2527 164
54 4714
5819 3685
4777 1819
3153 1268
2394 1313
1609 5707
3990 1977
4126 2745
4094 2975
1937 87
3 3186
5432 2981
4846 4520
73 3643
4339 1257
1308 1600
4457 2125
5670 4798
953 4291
61 3353
3925 5339
3151 4578
808 1968
5240 3551
5376 5951
4472 1879
5697 2930
5285 866
5594 2327
2358 1659
3635 3520
3967 4810
1417 3292
2247 2650
5148 53
5834 585
5557 5360
4085 5947
4317 5423
4475 5708
5201 3174
3050 5112
2856 5907
2706 2069
3385 3948
2009 4614
3576 253
2622 5499
1105 888
69 4149
2855 4808
2390 116
505 5562
2140 3066
875 1395
2173 5209
4714 2578
5941 3763
4447 3515
2395 4676
769 5360
2414 408
1585 5296
3425 3067
3319 763
1601 4667
4397 481
4864 2626
5934 3247
1047 2271
3389 2173
1344 5446
454 67
391 2119
189 4327
5497 731
903 3064
1031 1953
5222 2758
4915 5154
1287 3516
5869 2342
5829 2699
5233 493
4125 4662
681 5280
5749 1134
5514 3553
1072 2605
4964 2215
2574 2768
374 4184
3341 570
2347 4673
4114 3999
5306 1533
751 3671
2881 5834
5015 3049
3484 5666
5414 406
4476 4862
575 3503
5949 3549
4501 2204
2223 175
2731 413
1326 1110
3100 4668
3632 4188
2673 1176
4555 5189
3559 3597
4243 1725
5814 90
4612 4603
117 271
4287 1392
4751 4124
3007 4275
4695 1537
5676 1876
5380 5406
1479 3231
4223 4804
5046 314
2259 1032
5611 2461
1635 2676
3220 4727
1527 5588
1591 5367
2474 1095
1707 2105
4668 3543
5773 3452
4586 2161
4828 159
4905 1715
5502 3570
4230 4513
1810 4803
1304 3558
4680 4789
5869 3882
2614 1192
5241 1612
4153 871
4532 277
3238 486
2466 3149
3003 16
1613 3388
5045 3779
5099 5934
1096 1376
3537 648
1408 348
3618 4268
4371 1894
1181 68
552 711
5473 3269
3331 748
2613 537
2627 3410
2654 5873
1655 2491
465 1191
1694 3172
3606 4744
906 1466
1611 436
126 5500
4663 1402
2729 2830
64 1989
5535 3563
2461 4657
4463 1764
4168 2045
703 4682
1236 4854
315 695
4327 5632
1360 5518
1681 4562
3096 435
583 3695
106 4638
3710 68
5476 4205
4786 3374
3562 97
567 5124
381 4153
1430 4332
5815 2043
3842 2141
4492 2874
4520 5155
4969 2759
1220 153
659 2462
5278 5608
2826 297
3751 5324
4243 1081
3008 5659
768 793
3098 2017
4352 4240
5991 4854
242 2996
2575 1719
2602 2104
2055 5677
4216 1430
1604 2028
4411 5683
5326 5074
5453 159
1392 4382
1120 5758
5070 4877
3588 4259
2222 5378
5706 1706
5424 5403
5808 3638
1933 5345
3914 2388
2805 1607
5748 4985
3770 5122
4971 3707
2421 2454
4354 2254
5195 1930
5654 4850
5430 5811
2050 1098
4080 5776
1754 331
3620 1640
4662 5051
3737 4014
4386 2681
856 4139
4610 2312
3832 3584
3499 557
1066 5483
4086 5777
4628 384
4823 554
4169 5085
3803 1702
636 4256
1656 1817
4607 3561
341 3061
2465 1059
5927 2454
1811 4284
452 83
1236 3399
4652 4461
5216 4913
724 1446
1293 558
3573 3493
1565 421
3648 4644
3453 1781
1172 1038
5455 3589
5448 5018
2228 2220
75 4167
29 3244
3537 5999
5094 1134
3403 2780
207 2066
686 5676
2836 992
4318 5846
3463 647
5057 5136
5743 1759
4234 443
1476 4286
1956 5555
2126 4568
5552 3890
187 1183
4764 4225
2468 3154
2173 654
901 2303
2504 5362
5377 2816
4055 790
597 1452
2397 4877
550 3647
893 3631
3733 1592
5294 5608
5171 909
579 429
5340 4902
4144 5747
3715 2590
4084 1876
1089 2470
5078 3354
3204 5871
3849 2007
825 1936
1714 934
3623 5654
2614 2361
1894 4630
862 2477
2142 3244
2430 847
5900 274
946 387
5098 3760
2531 5458
2143 2664
209 2364
3777 2599
4564 4073
1871 1721
2108 3626
787 4991
3598 2115
3825 3997
1944 3562
4773 2673
1027 5794
3672 174
1286 5549
4471 4246
5344 3027
4573 4646
2399 1333
2261 2194
906 5642
2758 4499
5861 985
3804 5240
3015 1290
3090 5898
4095 1104
2824 2449
3298 2621
1486 5368
2507 118
2187 5099
1712 2115
3004 1409
5618 5265
4176 4340
678 1131
4563 2284
1309 162
5794 1568
4961 3743
5405 734
5782 4364
268 1621
4802 5704
955 2599
2447 1168
4193 3992
1070 3738
283 3902
2302 5446
1476 3622
2515 3772
3264 844
627 5555
4729 5872
4427 5960
134 5189
2691 3266
2742 4398
557 2148
1198 2261
1850 1105
5222 5334
3901 3760
4549 201
3561 3969
1864 5477
1908 3510
5715 4067
2999 5126
5437 2966
4092 2501
3011 4292
269 4190
514 3028
3733 4746
4695 2318
1587 2590
5456 3493
2781 4607
5779 298
4824 4141
2152 1405
4116 5047
869 474
3613 5182
884 4583
5851 611
2393 330
2207 3854
447 2939
81 4938
5757 2192
3722 3451
1167 1964
3939 1190
4496 1236
4103 2339
5476 4861
412 883
4202 2507
5612 836
2126 2932
4767 4795
863 5046
742 4383
3720 3524
5921 3712
2978 3550
1059 1338
1831 239
1097 3304
3660 4358
848 5749
590 3818
1052 5982
2459 2165
2607 440
4795 1965
87 1675
3124 2723
49 5718
5052 2589
1862 3459
2500 5149
2368 4107
346 779
1333 1753
3675 1700
2454 5172
2381 212
5640 4322
5911 2996
3893 2137
3840 2551
5678 2326
5799 2967
4524 3930
4870 328
3662 4211
4905 3383
2266 816
5103 5728
2455 764
1248 3961
5923 2388
3305 4192
1614 3556
1775 5152
4756 2095
5036 2353
3806 4549
4073 4585
4804 2824
3029 635
3396 773
4114 1385
424 343
1500 2689
2157 2833
5792 4203
718 706
5035 2983
3616 5256
2316 3902
1285 3423
903 1293
4335 3141
1901 1970
530 2731
844 1065
3075 596
2123 1112
3086 5823
559 5160
1266 3380
5910 5428
5775 2009
5151 3185
2495 4835
4607 4475
2777 897
1565 2811
4645 4253
532 5396
3964 2716
1101 4983
240 1145
3718 2673
2495 5602
2938 5288
1446 1308
5313 2066
5969 5351
5606 4143
3583 1973
5418 4933
4440 3069
1001 4182
2665 5453
5118 5022
55 2835
977 5475
2480 2180
2206 4234
2655 2097
3505 1794
4757 1451
2069 3313
818 5201
5459 2052
3588 3740
1119 2753
3496 5599
4231 509
1618 5872
5003 3639
3198 5891
3819 4524
3801 778
1274 732
4899 2263
5650 2132
1000 521
4078 1978
4636 2065
2183 735
4464 2642
3483 5233
525 1330
5272 4322
2576 2134
1575 4710
4156 3033
1183 1356
3122 2589
3936 5514
1922 813
4013 4008
756 5272
796 3857
1565 2306
5196 4703
2312 1131
3408 4507
2099 1464
601 5655
4057 3857
5987 5103
5100 2767
3685 5930
4569 5240
4236 1885
3536 3375
2167 2631
4566 5427
128 1479
1326 1150
5174 1904
3493 182
637 5421
4034 2901
2613 3296
2628 5870
2512 1638
1781 1065
5902 771
2864 3158
4455 5310
3988 5926
5344 5831
3005 2033
2898 2957
5925 1509
2350 2724
4888 1185
1598 2608
2472 2429
1670 720
1203 256
558 3170
32 2534
248 993
3603 5999
3020 5415
3890 2470
1935 1388
5692 539
3901 4842
3933 197
1322 1065
4735 571
5991 5585
1070 4708
1276 2767
1276 554
2107 1836
4095 1933
1589 34
3514 2076
465 4772
1349 135
819 648
4526 4532
1710 2064
3831 2210
2410 4217
3823 720
5529 3005
1815 2282
4969 167
4619 2769
123 5189
887 2851
1376 3953
3268 1517
5960 3725
2314 3015
1957 390
1495 4998
5195 4033
4311 5762
840 2009
4598 2314
4343 4592
1972 5053
3401 4509
3556 2091
2821 496
3302 465
4369 1503
4288 5207
160 708
575 863
3196 3994
2291 2241
4886 4779
236 3255
1324 771
4686 1516
5870 5652
4843 4695
5668 1068
3907 5097
2554 793
697 3922
1694 3923
2607 4662
3713 2422
995 3751
3325 5456
2232 3481
3547 4175
3754 3963
355 2544
3727 160
4598 5365
1751 3347
1770 5322
432 344
3490 4712
3011 2514
2586 5262
4256 943
4369 2309
651 4856
3661 2674
1820 5411
1784 3020
8 1240
4718 3589
1197 2981
5304 3414
2578 648
4695 5810
4974 813
1178 2125
5296 912
1962 2421
253 1980
5282 5429
2090 4755
5530 4762
2763 3079
2358 3032
3190 788
3151 5636
999 5042
1067 5638
5351 3266
5319 4143
926 3937
5071 5243
1099 470
2137 4139
31 1425
3967 551
485 2481
4380 2544
1458 326
1713 4688
1631 1404
909 1767
3484 3572
2140 39
4357 2282
442 5891
2582 2018
5280 3967
2445 1290
707 87
1704 1975
5021 4924
4931 4173
628 4851
4895 5598
4683 203
617 2918
4396 5714
5970 5392
1178 5208
4600 1386
2603 1520
4582 1350
3466 4713
4903 145
3900 371
3724 1254
3766 5014
4604 3693
3202 4037
3836 2949
656 2120
5699 5312
311 5751
5778 5497
5755 3482
4290 5114
525 4668
2118 4161
5363 5522
2652 1142
5379 1717
4502 4748
4670 3592
2344 2291
665 1702
993 5683
5615 2618
3006 2612
1283 1621
5230 1187
3781 2951
1945 1776
1944 1225
2174 4470
1154 3054
4530 1453
3068 3308
2229 3747
143 1537
2907 572
327 4696
5718 2056
2655 2504
1803 3879
5959 2108
2063 1337
1354 144
607 146
1951 3856
1451 2081
4887 1050
3374 710
1330 4867
2275 4346
1800 5562
1064 314
1000 4896
4192 2811
5335 551
2501 3434
2126 1222
4624 3931
1789 3796
2360 5722
2241 5664
1614 5250
135 2842
2804 2709
3363 2407
940 1006
246 1551
2206 643
5246 5077
5014 219
2074 4187
3590 292
3881 3987
1526 1207
5993 5328
3393 2169
2344 1379
5098 1890
1371 4528
5425 685
2637 268
377 2994
5587 3068
4367 2892
964 5976
2462 4716
229 2464
445 4939
2207 4806
5650 2186
1973 315
2284 2736
2454 1466
2418 1211
5288 441
1593 2867
182 5308
2852 5294
1113 101
3540 938
5800 4972
2500 3194
2508 1008
1996 1218
1529 3655
3385 278
1589 4570
1085 571
421 1364
598 3355
5199 5157
4725 3665
1712 1171
1220 4592
1061 4320
1828 2554
1198 5259
425 1781
5942 1165
4161 3197
3825 2013
1460 658
2763 2700
4354 2700
2298 5316
144 5993
1343 3650
2425 517
4158 4898
5885 3248
689 5590
1617 2239
4311 5
1852 4721
2656 5068
2731 1248
5466 2561
5712 3483
2940 2490
2038 1980
4547 684
842 2435
515 2318
5685 1748
5235 3758
2442 5593
4318 5033
4160 604
2562 12
3987 1631
5406 502
501 1979
3350 4007
5960 606
628 3929
5607 1388
5512 4895
5935 5375
2196 4024
831 2828
4204 731
581 5901
5146 4998
4369 2064
4534 1009
2434 1438
740 3376
1055 852
5451 5546
346 4811
317 12
1053 739
559 2504
1819 5437
3780 1125
1742 4430
1900 1450
328 1996
199 1828
4250 1625
5263 2134
5012 2941
1473 2266
105 4078
1564 4570
4253 748
580 20
2422 4780
5922 5026
2611 5534
3451 2352
1820 3222
417 3234
5580 1448
2495 2904
5019 1877
2714 3370
2561 848
662 3779
5838 5459
5182 5631
1086 2464
3711 837
2512 3273
634 5447
5818 2033
1962 2370
4736 5508
1747 4641
1373 426
3569 4316
3283 5110
4593 525
545 5398
4224 4991
2692 1946
4990 3197
2826 3848
4226 5847
2526 477
4551 3522
1068 4930
5569 3067
2266 5322
3079 5980
656 4689
3740 1454
2877 1722
4944 4245
2000 1307
4476 4860
5595 1478
3783 1126
1442 4581
3157 5362
5429 4745
115 1508
5905 1613
4656 1139
3853 4878
4683 5988
4266 1187
3165 4525
2310 4396
5237 5383
2900 5911
5148 2047
3443 733
2377 1997
3149 1571
3042 2145
3610 1267
868 3270
4064 2889
2490 1508
3103 4319
2232 5035
4669 458
2424 2274
2243 3820
1167 3560
2641 287
677 673
965 1349
520 5782
4903 3526
3194 656
3879 2962
5426 4836
5446 3196
2868 3239
3199 3135
2313 5616
3224 5278
1001 3479
4068 2579
713 5493
4471 5998
3561 4243
1040 482
4580 4914
5644 4059
565 2339
296 4187
2499 5182
4448 1716
3264 5494
4426 3768
2513 422
81 2324
4076 3146
1347 3205
5550 4926
2356 4158
1152 3349
93 4041
80 3562
3652 5456
3378 3438
4971 2414
5409 176
4052 5461
4665 5066
4358 4735
1506 5285
4570 3619
2115 1306
5818 1806
2176 2992
5162 5221
5900 4496
5290 5583
5012 4409
5681 2554
5743 431
5883 2629
4852 181
5041 3336
479 3257
612 2752
3162 3644
322 199
635 5706
2846 3623
30 1939
889 1799
1911 3982
2935 1532
667 3280
433 1995
1544 895
3870 3394
5793 100
35 4474
501 4285
5050 5320
61 2926
170 5164
2290 2684
4668 929
2217 4589
545 744
4819 806
133 1492
2147 1494
5703 89
849 5356
3285 1999
2894 1650
4245 63
3398 1899
5417 3238
1021 1194
4625 5636
2272 137
2486 4527
3724 4866
1856 1109
4202 3594
2707 4747
314 5718
5073 2540
4527 5524
1979 4493
21 1381
2411 1369
2331 692
5703 5670
4215 5202
3425 77
3383 65
4316 3841
5560 2248
4055 1709
602 5247
5132 2289
927 742
4472 3626
1264 1970
5937 90
3529 2069
5393 5227
3188 4439
2856 1090
3670 5637
1879 1521
4845 4823
2788 1640
4434 1841
160 5391
4401 3372
4452 806
678 1285
2732 2560
1812 5805
5808 4440
2801 1160
922 5897
987 5435
4764 3865
5698 2000
3458 1056
199 2508
3627 2098
4599 3433
159 636
5335 436
2070 5509
243 2413
4236 1278
1237 1060
1152 917
813 1811
2532 2226
2339 1453
2629 4255
1529 5748
5918 1764
3037 563
2082 1243
1308 2391
5862 1450
5987 151
1692 2020
386 4650
5788 1307
1707 3413
2128 3810
2376 680
2683 3219
827 4412
621 5592
1170 3355
1615 5980
4658 3719
3402 1950
3941 1510
2525 18
4231 1162
1230 4763
73 815
4362 919
3090 1439
1337 839
2622 3861
1437 5094
5389 5196
755 465
5707 5590
1361 426
2236 3633
2568 4892
5567 1369
329 230
4922 1333
1084 5536
4823 5036
1925 873
5468 5490
5588 3255
1120 4958
1842 5618
370 4274
4590 2259
3450 3668
5224 1440
2889 3616
2806 2139
1556 2719
1597 1193
4142 1530
874 3411
24 3302
5035 4632
5686 4523
3702 1660
4296 2906
4054 1186
1308 130
2474 1274
4746 4184
4741 3333
5119 5643
928 379
2019 1907
1530 2645
1267 152
1279 3943
3868 1800
2308 1965
2307 2068
3108 393
2526 4343
5428 5733
5357 5224
373 2618
2531 4159
2444 925
3518 1072
1609 1607
5122 2404
1617 4867
4023 3569
2419 4380
3530 4718
4137 4786
1793 513
1446 3736
826 14
3428 2725
159 1418
5004 3202
852 2089
2586 2433
19 2979
4773 5190
5451 5753
4258 2175
991 3838
250 1738
1719 4918
4764 2463
5931 5224
5024 2741
2382 308
2428 3615
3484 3841
4231 5981
2686 730
771 890
3190 2145
3469 5092
2353 3322
1071 3166
5004 2606
3592 3345
3848 5900
4077 1090
3004 3103
890 2513
2587 2784
5641 5918
4483 4129
1510 5495
5628 345
3840 2072
1075 5524
2345 475
101 372
1626 4112
2519 4377
2770 3764
733 3770
4944 4765
5087 4946
2990 3530
501 5925
5696 910
4710 4556
5645 5619
1494 4670
4726 271
5250 2347
547 2101
1117 2569
2588 5085
1895 3240
1248 4555
910 280
2546 5952
3913 2962
5952 268
1658 3100
1610 2984
1071 2498
1861 3314
2174 2201
422 2836
5894 5601
1325 4406
5006 3460
4865 3964
2834 993
5369 4085
4028 5435
3580 193
5244 92
1504 1859
5668 1541
2405 12
3179 3350
3676 3776
2698 333
4821 3775
4764 5993
3498 5614
4324 628
4374 4362
2134 118
1201 3760
1250 1654
1775 1814
886 4579
2544 4355
5573 3088
4887 4714
2514 1014
2162 508
2192 973
190 4927
5134 1215
3811 5799
5749 2068
1175 2176
2000 2541
923 1863
3000 3011
3125 1203
1426 1249
944 1409
5497 4727
4372 3236
4530 987
3092 5809
3154 1555
913 3596
3852 2853
4872 5654
4988 1977
5404 3752
4943 2702
964 3719
4435 654
2090 4841
1020 5248
3639 5596
4773 4189
5992 1098
5499 559
1136 5405
4104 3039
556 5122
1289 5250
1431 5297
3897 3832
762 1600
5722 1006
3068 3276
1070 5610
2349 5389
5937 5842
4824 3938
5796 919
3918 159
3249 2277
5870 1973
762 997
5054 1277
1856 1536
5723 122
1548 4767
1182 4447
330 4443
1709 3281
3647 2862
3709 4761
4671 1137
5456 5364
1664 558
5779 4263
5568 1758
3823 2795
1026 2605
2077 645
3009 3470
630 5414
2308 4606
788 5130
2124 5141
3314 2308
2393 3287
2013 5225
4264 3296
1737 2729
1813 308
3802 1304
3169 52
3245 3417
767 3209
1169 122
5994 4484
3898 308
4287 250
630 3463
5822 5020
4028 763
298 3157
2668 1465
4290 1482
1194 3399
4336 1068
3446 4393
5788 3536
5932 1401
4827 4771
4948 4929
5602 468
12 1147
5213 5085
102 296
4531 2064
2722 2999
1184 3731
471 5143
4493 1751
777 321
4357 5432
1384 3658
1833 5968
3189 1018
5828 4973
4166 5316
4195 3043
2683 5836
959 3239
5677 1864
3573 3829
1596 5688
353 3151
2957 482
4484 2293
339 122
1556 3000
5683 2220
5350 5851
31 3533
2504 1818
3877 697
4249 1175
2763 1166
844 3211
2625 4677
2732 2155
4462 2836
3025 1039
3457 4291
4528 776
1092 1062
665 3015
324 2381
152 1336
3697 4372
3865 964
3969 5794
272 4795
5281 5267
4066 2938
1967 1526
2367 2315
4433 301
2773 2794
659 2446
1011 5347
1965 2682
1139 1632
5171 5192
4054 1094
5422 227
2459 5742
4614 2897
2042 1267
3613 1179
4703 1092
3676 4454
5884 1284
4831 3635
925 1707
5428 1151
4981 4057
1568 915
655 5892
454 346
3320 2964
3450 2274
4868 5256
2161 2256
1751 490
3205 5595
2516 5128
3576 5783
2967 2651
5730 3216
1497 2574
1798 613
5985 2658
2416 973
3186 5186
2615 242
1586 154
870 4872
4227 3242
201 3504
255 1643
492 5301
4111 2016
1645 4290
5433 360
823 91
5258 4834
2684 2489
5282 1240
3070 1916
2550 5754
207 1416
3844 2088
1666 2001
2580 352
3571 2691
5769 308
48 152
2567 71
2290 1639
3723 4820
2541 341
637 5743
2436 2588
3930 5354
1781 1243
1023 3644
1974 4196
3311 202
2747 4181
4612 4785
2008 3484
5709 1705
377 1197
3116 4940
3740 4242
293 182
3451 4481
4614 351
2777 1507
1079 825
868 2006
2774 5935
4333 1542
2170 1135
5773 5145
5934 1839
4407 1907
1949 5498
2602 3684
2458 3391
1320 3479
3499 2095
3306 4796
5271 550
5961 3630
1103 5294
4368 3053
1458 3604
5062 709
1833 2674
4802 4482
4527 1831
5750 4655
3877 4509
822 362
1640 5536
1993 4396
841 4240
4702 5085
4435 3830
743 3322
5228 1322
4582 5652
2513 3180
4747 1290
714 2294
5857 127
4599 1237
387 4023
5681 4500
2389 3191
2418 2508
3705 353
911 4721
3645 5330
5163 869
5876 879
1991 5720
3524 5878
5377 3360
5844 1676
2638 4935
525 948
1675 1625
3624 2110
1114 3506
3462 2639
3200 4097
3687 1361
2548 3258
5567 4601
2032 5339
3952 5884
2785 647
525 4072
3778 3330
1396 2462
4487 4597
1060 285
3976 4253
4692 1298
5816 5462
1210 5726
1435 3698
4700 4818
660 5393
4165 5475
2812 810
3629 4268
2641 2386
1424 1162
3414 3779
572 307
1606 4224
5425 5982
301 3918
1082 3657
2735 1942
3835 1312
917 4150
902 4219
872 1423
3614 4182
3806 1716
3747 4434
555 4645
135 4259
689 2637
1115 3756
5355 2840
1956 3263
3070 4893
5722 5666
68 989
912 2063
5691 2260
3564 4372
4731 4096
3327 5899
4108 2405
2525 3008
1711 3535
1325 3982
1820 1444
3460 2780
3939 3878
213 1749
984 4670
5715 3632
1430 1217
2992 1265
5358 178
2157 5900
4388 4372
5870 3946
3134 5688
2365 5307
745 4434
3117 1552
1543 4246
5233 705
1143 1172
4984 1285
542 2412
5472 4463
4992 532
1151 4464
1521 2371
5058 4507
1358 5059
3995 4916
1734 3638
3742 1607
5936 5836
2348 475
2740 4655
3723 2085
141 2504
4908 2187
5218 255
943 2739
4641 43
1100 5335
1894 2592
1842 1579
255 2832
1096 2706
530 1736
1796 5217
1406 649
4627 4871
5309 4902
2480 3105
2030 750
2604 3924
3838 5791
4053 3897
5554 4772
131 3357
3657 4457
4406 799
4368 1504
374 5344
2192 5224
3809 1224
5914 4735
4914 5467
2740 4402
1318 4602
3801 4095
30 5903
2952 3680
4467 2373
3922 933
4270 1266
975 2532
5704 3098
3370 3948
2384 2153
2533 3907
5415 5323
5431 4282
1355 3252
1569 2435
1599 1116
3595 312
3951 1813
3795 988
823 3905
5668 2189
1826 4426
2897 83
1203 5708
5384 5315
3572 4850
4709 4724
3997 5585
3770 2659
5505 1783
2193 2400
5560 2477
3709 3468
2228 5632
4726 3970
259 1877
43 826
1868 5773
2574 3326
3536 23
5760 1863
4888 3398
497 5735
3261 2115
2880 3358
919 5126
3260 3552
243 4993
3005 3523
1782 5265
1612 1708
1971 1027
1304 1084
1008 2351
2668 3105
5669 5000
5669 3260
1877 1491
4361 2132
3997 4963
5218 695
4046 3281
1324 466
3339 4436
4817 3793
4487 2602
4330 3292
4987 3680
4883 3027
2600 5366
2043 4414
5922 3474
4384 2896
1243 2560
95 2621
2139 1789
635 1593
5629 145
2290 3824
3418 1663
4819 2780
4175 4710
4548 3709
4432 3700
2618 116
4479 499
1975 2574
2962 324
4605 356
1411 5467
834 3132
1888 5603
43 3373
3265 1461
1604 1345
2867 5954
2691 5751
2658 5359
1540 1936
5794 3038
5000 5489
2892 3757
2257 331
929 4185
