60
3600
59 29
44 33
25 58
42 53
16 30
9 0
1 32
55 8
34 15
35 8
51 42
11 23
9 52
40 53
50 35
8 33
9 10
29 52
58 9
15 44
11 2
8 32
45 34
26 48
43 18
21 41
56 7
34 48
22 0
27 0
59 39
56 20
3 31
23 27
34 33
15 4
13 16
11 20
54 58
20 38
31 55
41 13
17 32
11 53
37 56
38 53
18 6
42 40
26 57
37 38
6 31
56 4
1 20
33 13
52 38
8 4
51 39
21 20
47 0
12 5
12 20
18 28
36 11
57 18
40 22
27 16
50 10
24 2
29 11
34 3
36 33
4 53
11 52
38 39
39 18
6 0
2 42
25 13
32 11
0 11
54 49
26 44
37 40
20 7
1 9
32 59
49 50
20 13
17 31
14 15
15 12
18 15
32 4
4 17
35 52
31 36
25 2
3 5
47 0
48 37
33 32
45 26
32 21
7 50
3 26
42 58
43 8
58 36
55 26
37 8
25 8
17 27
30 39
31 0
53 19
37 39
43 14
33 41
1 6
59 43
46 37
48 18
13 2
17 37
11 15
10 12
44 22
9 5
52 19
43 10
1 22
35 57
55 37
13 26
17 22
17 44
38 34
27 45
4 45
2 59
45 0
49 1
26 34
33 14
3 14
15 9
5 19
15 29
10 27
58 14
4 52
24 57
41 58
27 15
55 14
47 51
10 20
30 35
52 20
40 55
51 46
57 37
28 41
43 23
2 47
56 28
18 35
46 34
32 25
30 40
5 28
23 48
15 9
45 4
16 20
10 59
42 17
10 29
23 38
8 51
58 3
30 33
32 21
1 51
33 23
42 56
40 43
11 37
29 15
30 45
10 25
9 55
19 47
29 21
2 44
51 24
0 10
58 0
56 17
4 41
0 28
16 58
0 10
49 18
27 15
48 25
10 30
20 10
53 48
47 3
13 42
46 31
41 47
32 41
48 13
58 8
40 29
30 18
42 0
45 55
55 12
54 17
15 43
35 9
4 7
41 1
35 13
18 38
17 6
25 41
20 40
34 44
2 55
23 15
8 56
7 34
44 17
52 30
12 7
52 48
37 54
9 23
12 39
59 18
2 6
13 37
1 20
58 26
30 54
15 47
31 4
0 55
9 12
10 52
18 21
47 26
51 46
58 39
42 1
30 19
40 10
36 59
43 45
11 25
54 1
40 51
33 16
53 16
51 24
53 20
43 6
16 7
38 27
38 48
46 6
28 41
7 59
8 31
1 36
50 18
44 5
25 41
49 36
24 50
24 35
32 44
4 37
30 0
20 8
1 38
47 40
40 45
59 57
12 49
3 38
55 19
45 9
29 20
30 51
13 12
12 51
22 39
45 38
7 45
24 11
53 37
44 16
36 47
41 42
11 38
9 34
21 53
50 6
46 51
51 55
57 13
53 5
14 33
50 40
28 17
41 12
37 35
27 11
12 43
46 0
30 3
27 18
10 49
11 21
53 28
4 45
31 2
53 50
30 32
20 22
55 47
30 15
40 11
38 10
12 52
2 42
1 41
48 26
36 29
16 21
39 18
38 35
2 56
48 39
39 16
55 19
24 19
42 43
13 22
51 27
26 21
49 30
11 34
44 6
42 20
46 39
20 31
6 29
53 12
15 48
2 16
7 19
11 58
7 10
56 4
41 9
4 7
38 3
50 57
11 14
47 34
8 22
40 23
5 22
47 59
55 24
50 34
19 59
40 17
9 45
57 44
36 12
43 4
34 7
18 53
57 11
46 15
2 3
45 23
43 29
23 36
20 16
5 50
38 41
55 37
43 47
3 51
13 25
22 56
23 38
55 38
58 22
21 55
27 58
22 1
47 59
16 26
6 38
35 24
5 23
22 5
54 56
16 15
0 25
13 20
2 4
23 36
5 12
52 20
46 2
13 44
23 29
29 21
22 7
34 14
19 55
2 36
14 49
20 58
39 53
39 28
39 43
46 24
44 19
10 43
17 25
14 12
48 10
6 18
45 4
41 19
38 1
32 43
26 6
41 11
20 10
31 35
13 50
6 58
47 41
55 10
7 19
46 30
2 27
1 50
40 54
11 14
4 43
4 53
3 18
58 22
53 32
57 25
12 22
10 25
37 55
20 45
46 16
15 19
33 19
53 57
39 3
35 54
30 40
32 58
54 57
19 16
4 59
54 39
58 46
17 59
19 25
29 58
42 8
13 15
16 43
20 13
20 25
40 14
15 23
58 54
32 2
15 23
38 9
22 12
45 9
39 30
33 29
50 6
6 18
2 33
51 44
51 1
20 7
17 2
43 8
35 9
44 53
54 40
25 11
30 49
43 34
52 32
59 58
35 52
40 12
18 37
36 30
50 9
59 1
14 30
52 3
5 43
32 42
47 16
22 15
5 51
2 8
52 32
24 32
34 9
30 33
18 15
24 41
24 26
15 24
58 2
20 21
52 56
25 49
24 5
1 44
34 17
0 53
0 9
1 53
33 28
53 32
42 14
53 51
0 34
56 32
42 6
30 24
14 43
40 18
22 49
27 33
37 23
46 2
5 47
58 51
1 22
40 52
29 41
42 21
23 6
54 56
47 33
33 56
46 16
3 11
11 47
46 15
26 4
53 0
41 17
45 31
19 2
1 4
59 15
0 50
41 7
54 46
2 20
16 7
11 0
20 11
30 36
1 22
4 30
56 40
52 23
27 52
15 42
5 4
26 40
38 40
36 12
28 21
45 22
16 54
11 34
15 32
40 15
40 10
30 25
4 17
31 46
22 5
44 58
15 59
40 2
56 34
51 16
3 36
31 18
1 3
26 27
8 4
10 33
46 31
20 28
40 7
2 12
26 17
7 52
27 26
30 40
30 38
25 47
33 59
11 54
56 51
18 10
46 31
20 53
59 56
28 23
13 51
29 36
11 4
38 45
36 45
52 21
14 23
7 56
22 5
9 51
35 46
49 44
30 3
19 16
33 32
6 34
44 52
11 8
12 34
50 17
18 57
44 52
22 25
51 52
19 53
8 36
27 38
6 9
18 6
22 53
47 42
2 46
3 56
52 28
43 10
16 20
50 8
7 8
6 59
34 6
23 49
10 11
44 27
37 46
34 13
10 57
44 36
36 48
46 20
32 10
17 30
20 2
31 17
27 47
39 32
12 14
12 51
56 10
16 3
25 5
50 30
0 7
8 33
25 40
35 46
23 1
10 58
55 44
3 15
6 58
31 43
57 40
12 6
23 37
5 35
9 6
21 3
23 55
36 28
45 16
37 36
1 45
5 54
35 41
31 37
58 36
39 22
47 31
48 41
57 9
33 31
19 14
34 54
22 38
12 18
12 24
59 48
46 31
17 43
0 33
43 54
32 38
16 57
2 55
43 42
45 28
44 5
33 11
45 53
4 48
40 25
57 4
41 13
26 8
26 21
23 46
39 23
49 8
12 7
37 43
27 30
36 15
21 28
57 44
30 18
48 0
5 44
38 56
11 37
46 16
34 1
8 0
27 10
32 3
32 37
22 30
55 49
51 42
19 48
5 59
59 56
0 53
41 2
50 1
22 30
54 44
46 8
42 38
19 12
31 33
5 3
4 33
50 23
14 31
43 25
21 45
3 15
50 29
24 27
7 14
54 33
41 4
9 8
8 25
41 57
10 53
33 28
17 15
37 7
43 36
41 42
48 10
9 12
1 38
28 22
27 22
40 2
6 48
52 46
21 36
50 28
32 53
52 22
37 12
41 54
5 50
23 29
9 54
11 38
52 23
58 42
4 26
11 1
15 35
35 27
47 10
12 34
0 10
55 18
21 4
56 11
9 0
44 9
40 30
52 20
13 15
15 36
57 33
56 1
45 21
0 59
46 24
11 45
13 30
15 50
40 9
26 21
38 3
12 43
53 38
26 50
7 15
45 27
18 17
1 2
20 49
47 36
1 34
27 21
12 38
43 51
31 52
8 15
31 5
29 50
36 30
9 36
11 34
40 35
0 58
24 58
51 13
11 26
59 21
29 30
4 16
15 28
12 0
59 7
27 26
1 49
14 25
16 30
40 54
54 6
6 47
23 35
37 24
41 36
16 43
28 20
26 33
44 32
5 39
28 14
25 32
3 40
58 13
39 40
40 15
52 22
55 22
32 44
8 45
16 44
5 58
28 30
27 40
6 37
33 12
1 26
51 21
14 15
43 10
4 13
11 55
29 53
11 46
35 22
9 37
54 48
3 42
3 49
57 48
0 20
16 33
24 6
0 30
58 38
25 34
16 43
12 30
38 31
39 13
11 3
44 17
28 6
8 13
19 46
55 32
23 12
50 45
58 10
32 22
59 58
40 0
45 21
25 50
46 10
15 51
34 52
6 23
49 18
22 3
48 54
8 31
41 27
23 24
42 16
13 22
9 5
54 42
25 54
40 12
20 54
5 31
47 36
40 50
50 35
25 31
14 44
16 47
14 13
42 56
20 39
56 49
52 9
40 26
35 46
6 46
10 18
21 57
38 18
37 32
34 9
37 20
3 14
52 59
58 43
27 15
51 14
37 51
4 55
25 6
4 26
21 22
36 13
54 59
17 14
20 3
17 16
21 49
51 45
52 11
16 17
27 44
41 12
27 17
52 43
44 59
22 18
27 48
27 36
35 44
31 38
53 26
36 59
37 46
56 32
14 32
49 48
27 22
0 18
14 40
17 59
34 21
12 55
1 2
45 39
48 44
41 27
4 34
16 19
18 53
59 1
7 59
0 52
30 57
36 3
1 45
39 17
45 19
43 16
37 24
50 54
50 39
14 48
12 29
33 14
40 10
31 26
3 27
9 47
14 33
24 28
47 14
54 0
53 6
55 47
56 14
56 47
21 13
20 7
41 20
21 26
23 27
5 22
29 45
56 19
34 55
4 37
26 10
39 47
34 42
7 58
52 20
48 11
20 47
22 4
34 22
59 38
22 44
41 28
44 24
31 29
24 35
4 12
59 45
35 30
30 29
6 35
43 46
10 51
30 45
13 26
29 49
4 42
41 14
56 0
23 16
9 23
39 25
25 42
29 19
55 50
54 47
24 6
47 37
38 25
6 9
22 58
38 39
47 13
51 14
14 43
35 19
11 8
5 11
14 41
25 4
24 55
34 35
40 30
21 11
18 48
0 1
52 11
51 29
44 40
50 53
37 17
56 20
7 54
27 1
42 10
41 12
23 24
2 10
37 16
29 16
52 32
39 56
47 55
29 15
58 12
6 33
34 49
25 19
9 1
46 57
42 32
39 33
3 9
45 26
16 49
6 4
16 17
43 29
39 54
28 48
43 33
27 10
11 0
52 37
7 5
38 23
57 5
35 45
8 49
44 46
20 1
25 33
51 23
59 16
6 11
55 57
40 22
2 45
42 37
2 16
36 18
31 2
9 42
32 56
22 19
44 6
11 28
41 14
4 19
48 44
8 41
35 38
17 49
53 21
24 21
47 56
32 8
9 50
12 35
21 36
49 33
30 4
18 26
21 14
44 5
55 9
32 34
39 47
48 46
56 7
13 59
15 36
43 36
22 3
46 1
57 49
52 15
28 36
34 54
55 37
18 31
21 4
43 50
35 23
9 59
9 32
55 58
21 30
35 55
25 43
52 50
41 4
57 11
33 36
25 34
31 30
32 29
27 49
54 45
48 41
33 4
16 5
56 33
52 29
56 36
48 47
25 50
26 55
18 51
27 40
56 45
36 17
28 37
53 58
24 10
22 3
30 31
44 25
45 2
21 43
34 15
21 42
7 4
30 55
23 36
51 10
1 50
41 49
40 37
28 41
53 1
13 53
27 36
51 6
39 55
8 33
18 49
11 32
30 39
32 8
30 47
16 46
30 50
11 28
44 32
58 52
36 6
6 46
1 6
55 49
25 35
53 31
18 53
6 53
30 5
47 29
11 18
2 50
57 31
36 54
51 12
4 16
13 44
21 4
17 1
2 59
57 33
59 22
11 48
16 35
8 40
34 45
43 31
34 16
43 50
32 0
4 18
39 28
53 35
45 9
15 42
53 39
50 55
34 11
14 3
27 39
50 14
19 42
56 52
27 38
43 1
33 4
44 52
42 59
10 22
3 33
22 6
46 4
6 45
9 41
21 41
59 18
42 37
0 12
8 46
13 41
45 57
43 47
9 22
40 1
1 41
7 15
55 1
9 25
28 44
48 33
43 56
35 14
36 25
5 34
36 5
10 45
31 41
5 34
9 31
42 18
24 57
24 3
7 40
48 7
20 29
5 22
34 14
35 30
44 7
45 22
46 42
43 42
44 51
37 27
36 8
2 58
11 35
54 57
2 36
40 8
13 41
28 53
32 24
5 1
18 26
44 58
22 25
34 54
21 22
58 6
33 7
58 4
24 11
49 0
46 3
43 12
48 23
47 32
3 53
6 35
1 35
46 35
15 25
7 51
3 29
19 55
3 46
56 38
2 36
22 11
38 41
47 27
19 28
7 46
26 23
9 43
58 3
52 12
27 5
38 24
23 34
27 50
15 44
22 16
40 32
21 12
53 42
24 56
41 37
50 53
52 53
44 16
57 28
30 58
3 5
51 30
50 36
48 35
48 4
28 37
13 15
17 16
52 50
3 58
49 40
47 5
3 1
21 1
52 47
17 4
45 3
0 50
33 4
50 52
7 41
24 25
34 10
20 36
17 59
20 49
38 43
2 9
45 28
47 10
7 44
52 8
21 31
45 17
34 27
7 36
28 38
14 16
13 46
46 37
13 50
4 8
0 28
6 50
13 56
18 28
41 59
28 17
44 24
7 23
10 15
48 27
49 28
25 23
26 6
29 26
6 30
19 11
25 26
25 49
7 5
3 19
47 28
40 13
34 26
16 11
33 16
58 20
39 36
47 48
23 3
50 7
58 10
57 14
39 12
12 46
49 41
53 2
43 22
7 11
51 55
36 32
16 20
53 54
9 23
14 19
47 43
41 11
13 59
11 29
30 25
16 28
25 24
17 59
11 52
55 14
6 0
50 10
3 43
33 18
9 13
54 42
34 44
10 22
10 19
50 58
53 34
26 12
19 7
3 17
1 15
35 28
17 49
27 7
18 0
1 18
53 13
46 18
11 53
18 45
44 2
18 23
40 26
36 55
30 18
57 34
48 12
4 36
18 20
9 47
13 9
45 19
19 56
24 31
0 4
6 24
58 24
50 38
54 12
44 33
6 8
28 25
44 29
22 28
26 42
43 55
1 20
0 6
43 39
6 38
51 0
2 39
15 9
59 40
33 49
25 54
25 6
31 16
54 38
41 9
22 37
19 23
27 11
33 37
30 12
43 40
2 25
45 2
27 10
33 17
43 36
56 12
13 0
30 43
52 14
1 54
14 32
26 56
50 46
12 59
35 50
1 6
41 0
31 36
30 28
55 39
17 36
51 3
45 55
49 30
55 40
11 10
24 13
3 25
50 32
46 31
18 52
46 59
49 26
22 32
47 21
40 5
16 17
37 26
23 33
53 49
24 30
42 50
7 21
35 34
39 48
3 27
56 11
53 50
26 1
10 0
52 57
2 23
20 1
21 1
8 50
20 50
7 35
16 21
15 36
30 37
38 15
29 30
57 30
54 19
44 59
54 16
20 2
28 35
16 46
32 56
53 54
33 24
3 14
31 55
5 21
27 4
16 12
8 11
16 29
9 18
30 43
56 47
47 0
40 56
23 48
7 43
11 0
12 41
10 8
32 44
25 58
43 9
31 9
5 24
12 36
33 21
2 11
38 29
48 4
0 48
16 53
58 35
44 45
53 52
10 16
35 49
27 28
15 3
27 33
54 10
26 44
13 28
10 54
54 1
49 35
20 42
32 37
44 27
1 3
29 24
20 32
12 30
12 11
51 33
29 21
48 3
5 59
1 57
55 38
18 44
41 56
5 20
25 13
38 58
24 18
1 17
53 28
0 31
14 13
2 45
36 5
11 46
5 43
40 57
37 25
14 2
46 10
44 10
11 55
54 13
48 8
38 57
19 51
31 39
28 27
52 25
7 34
47 8
27 36
13 14
59 5
38 4
39 57
9 3
46 47
30 6
40 8
49 43
53 29
55 16
53 26
48 15
55 19
25 54
10 6
53 4
24 49
39 8
17 1
53 48
17 52
40 51
22 23
16 42
37 40
30 47
42 3
52 42
18 6
28 30
45 0
9 51
5 21
59 2
43 47
4 29
15 13
21 45
54 47
37 39
17 53
38 21
10 38
8 21
1 21
43 40
8 4
24 55
36 23
58 43
22 24
24 34
12 49
51 56
9 8
31 11
4 27
59 24
21 48
33 1
52 32
2 33
29 40
24 43
47 13
4 53
9 34
55 27
55 26
5 47
21 39
21 52
47 34
39 56
28 7
35 4
6 2
7 30
24 21
32 53
45 49
29 56
6 17
22 44
43 30
41 4
32 43
20 27
0 55
50 38
31 34
51 17
1 46
16 35
40 34
46 27
43 59
47 43
24 46
53 24
45 11
38 44
1 37
38 21
40 52
54 42
20 4
21 25
26 41
7 40
9 27
21 28
34 28
22 43
20 3
38 28
21 12
25 13
59 41
51 11
42 31
48 23
53 20
20 49
57 51
5 3
44 7
4 0
12 11
50 10
49 35
23 6
12 8
31 3
49 35
59 3
55 11
9 38
40 29
9 52
55 44
44 46
46 26
4 48
7 3
22 42
38 28
37 9
3 15
26 49
47 45
55 29
38 18
30 47
23 32
31 11
22 34
38 5
25 6
0 16
17 13
32 40
31 51
29 59
16 3
23 11
1 2
26 58
21 31
50 39
24 10
21 40
43 44
39 59
37 24
25 52
16 21
13 40
10 28
40 1
23 47
11 10
30 5
57 26
42 10
3 49
55 38
17 20
31 58
44 41
33 52
22 20
32 57
6 55
42 0
13 57
29 35
28 19
39 45
13 22
50 51
57 9
36 54
22 47
33 3
24 40
34 44
45 23
14 54
38 10
47 23
34 36
11 2
10 4
46 15
12 52
2 38
2 48
14 42
49 36
40 58
56 18
1 17
49 35
57 27
25 33
13 35
30 47
40 1
20 40
3 9
2 41
42 24
47 36
29 49
14 30
7 8
21 49
56 33
47 40
15 24
30 18
56 4
50 32
29 35
46 38
47 27
23 6
57 43
12 52
52 45
12 4
6 16
8 20
32 18
51 49
38 56
48 14
30 59
3 6
9 50
58 10
27 2
45 22
17 57
13 1
44 57
53 58
52 43
54 39
55 59
46 7
42 31
11 33
42 7
36 56
27 8
14 31
59 51
25 39
28 41
47 45
27 53
53 48
6 0
23 24
21 5
32 52
5 48
36 8
55 41
3 5
55 57
32 23
6 28
9 5
50 15
6 38
34 42
50 43
10 28
38 52
48 43
5 14
9 55
56 4
8 46
53 18
45 26
13 21
5 34
41 54
30 38
13 42
32 12
20 5
35 38
23 25
55 22
4 40
53 57
44 12
42 30
34 10
31 16
7 49
38 26
30 20
41 12
27 48
52 28
13 49
12 0
36 38
29 56
34 19
35 33
44 38
54 56
20 28
41 13
48 28
45 44
44 19
18 12
6 34
2 27
8 0
26 9
15 26
48 59
6 44
47 43
52 53
11 21
49 50
42 50
17 2
56 59
25 4
12 30
5 34
6 11
56 34
8 24
25 23
36 42
5 9
48 35
49 30
11 46
32 14
13 39
41 10
17 44
17 41
5 55
27 54
45 36
57 16
45 10
7 14
32 7
10 35
4 2
59 38
57 32
18 34
58 20
12 44
7 53
31 33
43 10
6 58
47 29
4 56
51 50
15 13
22 18
11 50
47 36
42 29
10 8
7 30
27 51
21 53
23 30
6 46
34 25
18 58
32 14
45 14
52 40
33 4
17 24
19 52
50 26
25 27
20 41
14 18
43 37
57 36
37 5
45 35
55 12
42 7
17 52
55 56
6 31
47 46
8 11
58 8
30 16
56 3
18 34
35 22
51 9
20 7
47 37
56 46
9 1
6 59
46 47
39 29
49 45
4 14
16 12
18 41
13 11
46 41
25 52
23 49
23 56
48 43
31 16
4 45
33 11
32 3
52 5
16 53
44 33
20 0
8 59
10 2
35 22
42 43
39 57
25 15
17 58
53 42
40 1
27 7
4 23
40 47
50 40
49 45
31 40
23 45
58 30
9 17
12 57
47 58
52 53
25 0
17 14
55 19
35 52
40 14
11 50
9 7
50 3
25 18
12 31
43 32
51 37
32 3
46 45
48 44
17 58
11 46
43 49
52 27
14 21
45 43
49 10
17 31
14 1
45 43
14 35
50 22
7 51
17 44
15 3
42 4
22 14
3 38
3 47
4 47
43 39
16 40
7 31
26 47
28 52
28 39
6 54
5 1
32 55
33 7
1 33
11 30
20 36
12 6
0 10
11 3
5 32
29 37
53 11
53 10
18 37
44 34
14 28
18 6
9 23
5 57
29 8
51 13
32 38
54 51
12 14
49 36
35 0
8 37
29 17
32 49
34 59
8 39
24 54
50 19
8 33
23 46
2 10
54 48
11 35
9 39
54 24
28 31
58 5
44 27
26 23
21 29
49 5
4 53
55 51
8 5
55 38
42 33
26 40
23 15
17 12
21 16
16 2
15 8
26 55
38 12
52 46
9 3
22 20
54 0
19 21
22 17
8 48
56 3
43 35
35 42
51 43
32 49
1 37
44 25
28 46
13 5
21 34
44 35
29 4
57 5
10 13
15 9
54 52
11 44
31 38
4 24
12 58
57 30
36 57
2 5
31 57
47 20
37 49
46 34
18 48
29 55
28 31
1 55
58 10
47 2
54 15
27 13
37 47
2 43
10 48
25 18
18 55
32 2
59 43
17 58
40 20
37 49
27 38
13 31
51 1
6 15
58 25
59 41
22 36
31 13
33 39
1 24
46 26
36 3
15 35
29 34
39 41
50 23
14 22
7 40
50 57
50 15
16 1
59 6
11 42
34 50
3 26
5 46
17 33
44 46
44 13
52 1
16 42
10 3
0 13
27 11
44 4
15 48
59 42
5 45
17 26
15 25
57 50
31 37
22 19
22 45
44 28
13 21
58 56
8 52
11 51
23 9
32 58
14 19
45 15
13 1
29 31
43 25
3 53
10 48
24 42
56 8
39 12
57 16
54 23
35 2
56 58
21 29
56 6
57 45
17 3
29 8
56 3
4 43
45 39
36 27
12 40
3 57
59 41
18 39
57 32
21 28
13 48
19 6
22 35
9 16
44 34
29 42
17 45
17 11
58 27
8 35
39 36
49 19
15 4
48 52
34 22
27 25
55 17
25 28
59 29
54 2
21 42
22 31
23 47
30 35
55 35
30 41
49 26
1 43
28 52
36 4
29 27
36 49
48 32
22 20
34 29
47 54
8 14
35 25
20 43
45 18
8 31
44 4
31 8
42 38
5 32
23 49
8 0
26 12
13 46
32 8
30 54
40 31
54 51
36 30
16 39
0 33
37 59
7 24
13 50
33 47
17 6
19 54
2 15
38 40
32 6
2 28
27 23
10 32
37 12
47 1
23 13
45 50
30 27
6 11
39 19
4 34
54 29
56 57
48 23
37 17
53 38
40 33
33 16
51 3
41 54
35 18
9 39
19 10
39 11
38 18
59 44
21 1
34 6
21 17
30 21
10 44
58 5
45 7
47 26
31 20
10 26
43 14
15 29
42 51
4 52
6 38
59 37
16 18
38 45
23 47
8 44
32 30
58 45
23 10
17 33
42 0
40 36
0 44
46 28
27 13
17 58
12 57
43 8
17 31
32 0
49 17
38 21
54 37
59 43
51 15
36 43
59 26
52 42
33 48
43 17
30 4
14 41
6 49
43 40
56 25
16 23
54 28
33 6
50 34
41 32
12 56
17 36
11 43
16 18
53 40
15 24
55 10
39 42
40 27
51 12
19 31
55 22
9 29
59 34
52 51
22 4
33 21
40 28
24 48
37 55
56 41
4 16
6 1
21 59
57 16
23 25
24 32
51 4
45 33
53 0
12 7
7 53
16 10
28 5
28 19
36 18
5 28
20 18
45 54
10 3
3 52
11 26
17 30
26 57
26 0
2 0
32 58
16 19
21 35
19 0
8 18
14 38
13 5
57 33
17 18
46 7
7 37
57 42
4 30
18 13
11 33
44 33
33 18
4 27
22 51
34 31
1 41
59 13
8 26
41 54
44 29
13 39
12 6
39 22
53 34
46 42
17 38
31 40
12 6
58 26
18 59
36 20
23 53
24 16
2 52
45 0
35 33
16 37
51 39
46 40
47 57
30 7
34 0
28 52
6 57
22 39
18 53
23 49
56 46
53 58
57 41
13 19
18 40
44 2
22 8
45 8
44 59
46 22
53 30
35 40
31 30
8 50
46 49
24 9
36 57
23 24
35 38
17 35
54 38
2 34
38 56
19 3
45 2
36 11
46 1
13 37
7 44
18 29
4 28
13 33
16 27
23 18
1 3
56 17
53 27
51 57
53 16
40 16
52 3
13 0
35 5
22 40
33 34
58 42
6 37
9 3
56 19
14 25
53 40
27 31
16 51
31 47
14 49
34 56
6 44
57 5
5 32
38 36
1 55
19 13
2 36
4 54
0 48
31 23
47 51
32 46
35 39
24 33
1 45
21 52
37 47
30 16
16 0
28 32
19 25
31 5
26 20
12 37
56 8
14 30
29 53
30 7
25 1
39 50
0 7
59 55
16 49
49 9
43 57
50 1
57 0
30 23
1 38
19 24
18 52
9 10
29 47
1 19
50 38
17 23
40 50
47 14
52 14
0 7
7 50
23 40
30 47
22 13
8 39
8 42
39 38
56 37
57 7
44 51
8 22
33 26
29 57
28 21
4 20
43 22
6 52
35 9
2 49
52 54
16 32
8 36
20 1
31 29
49 54
21 42
19 29
11 50
10 13
1 32
0 3
53 35
51 30
53 16
11 25
49 19
1 48
31 15
58 35
47 30
20 59
30 45
58 54
16 10
20 0
17 39
29 13
35 52
38 9
4 46
32 37
23 35
13 57
45 53
27 18
9 55
45 7
54 22
49 42
0 33
31 45
15 18
22 40
43 53
57 14
50 4
2 56
6 35
46 9
39 1
37 54
37 2
38 19
6 16
12 30
15 35
23 45
24 14
54 9
54 47
20 47
48 59
37 38
1 32
30 20
45 14
8 45
45 51
26 44
31 49
28 51
54 22
51 13
3 57
8 33
26 51
26 39
22 26
31 0
10 5
33 31
29 35
14 34
47 29
53 59
48 42
14 30
47 26
27 38
6 42
25 22
58 32
37 16
7 56
23 54
44 26
40 46
38 54
24 39
16 28
1 33
36 46
2 41
54 30
59 6
59 39
21 59
41 14
0 58
9 5
27 37
24 39
23 30
37 24
47 49
26 50
25 58
28 41
21 28
40 28
32 21
2 13
14 1
2 16
2 19
38 11
48 55
11 41
32 39
19 9
53 2
6 35
21 19
30 19
11 9
31 11
55 0
16 53
0 58
37 43
53 18
4 27
15 52
30 43
33 44
22 4
42 50
39 22
28 43
56 2
33 2
56 6
51 0
15 4
45 57
44 31
50 44
39 52
56 41
23 6
46 29
57 8
22 25
36 4
42 16
8 19
4 36
52 33
26 40
58 8
6 53
19 12
29 32
7 57
6 16
17 11
23 3
48 4
3 14
3 39
13 32
18 22
51 34
31 51
27 24
44 39
19 20
49 45
39 29
2 18
20 25
4 1
5 45
45 3
14 47
47 20
55 2
6 27
21 34
3 0
23 28
18 21
31 48
19 51
44 29
13 4
36 30
32 31
46 33
38 40
26 36
1 53
37 56
17 22
2 19
51 33
24 1
24 51
19 52
50 8
17 54
21 19
36 45
15 45
36 30
46 43
8 14
16 11
59 26
32 2
44 51
47 59
59 35
9 43
25 33
2 18
44 59
20 10
6 52
36 18
20 36
53 6
26 36
8 18
11 53
26 50
18 45
46 34
54 4
7 10
22 4
26 32
31 15
13 51
40 8
56 36
43 10
30 0
48 10
9 13
55 10
39 57
16 24
16 31
53 16
29 26
9 3
12 9
6 37
30 23
38 59
34 51
37 45
21 15
4 47
51 52
43 24
37 21
6 49
51 16
4 0
50 4
29 10
0 34
51 56
30 36
40 23
41 11
54 10
8 47
21 52
20 4
13 27
55 42
30 23
8 38
0 13
29 14
37 20
2 31
20 27
53 23
3 19
58 45
14 34
39 20
50 54
54 52
41 10
49 39
22 1
50 22
22 57
51 43
57 31
13 58
23 46
37 58
1 42
16 47
51 37
28 53
26 14
14 8
6 46
20 42
39 33
28 29
36 42
29 49
54 15
54 0
31 19
10 39
15 5
31 11
53 6
22 52
11 32
0 58
28 55
38 19
56 23
58 10
1 13
15 48
47 21
28 45
8 4
34 13
40 19
52 53
15 17
0 25
33 2
47 20
39 49
0 48
2 9
48 55
58 18
29 0
5 33
49 22
8 56
46 44
46 25
15 24
53 41
48 23
24 46
16 45
13 50
12 48
27 23
39 48
29 11
17 21
26 52
28 6
4 7
57 19
27 47
43 51
25 30
39 3
37 36
24 15
9 14
22 26
7 57
52 25
16 8
59 45
38 21
40 49
38 46
38 25
7 44
56 51
14 34
46 4
13 7
52 29
52 59
16 1
18 53
28 43
25 28
55 51
31 35
13 39
28 23
37 15
36 44
36 30
34 37
12 6
23 47
3 41
50 21
0 27
12 14
52 46
54 36
26 7
50 6
52 9
45 55
22 5
39 34
48 35
0 52
57 9
2 45
58 26
29 1
11 16
12 5
46 27
0 20
7 30
43 39
40 0
59 12
28 24
2 56
35 39
6 17
49 21
47 21
30 9
17 35
51 36
49 9
0 14
38 59
56 27
21 42
11 29
43 45
43 27
10 21
47 19
41 14
18 12
11 33
47 50
9 47
0 47
15 33
24 6
32 34
51 8
0 15
39 32
21 34
20 12
31 13
6 16
54 42
48 26
4 57
53 50
33 34
44 22
38 23
7 31
26 1
57 16
2 23
41 28
58 33
6 40
3 58
54 40
11 30
10 38
5 10
27 24
8 5
23 54
15 5
9 37
59 41
34 1
58 11
9 25
26 35
25 13
33 32
6 4
59 50
44 53
40 7
37 55
53 31
4 20
18 6
52 35
24 16
52 10
39 8
15 29
23 25
54 6
37 53
20 42
53 42
30 6
38 54
26 12
50 1
2 13
33 3
53 55
47 14
15 57
12 48
29 17
2 25
44 43
36 59
4 23
12 29
45 7
9 37
59 8
53 50
55 12
59 55
57 44
59 28
25 46
22 48
42 44
28 41
33 55
33 13
25 27
45 36
15 28
38 39
1 59
1 12
2 47
10 37
10 15
22 0
31 47
9 25
14 21
30 7
5 13
32 18
24 35
9 29
41 10
51 32
49 29
22 6
19 18
51 49
22 3
56 5
57 22
58 52
13 34
35 48
14 9
0 21
17 8
42 13
34 13
53 5
23 4
7 19
50 5
36 22
41 14
15 8
9 8
13 27
7 40
23 40
49 9
28 50
9 8
15 4
27 14
49 7
37 48
24 4
51 43
30 59
20 25
5 57
56 48
22 55
28 42
35 19
36 40
42 2
10 21
0 1
59 11
33 49
42 44
6 20
26 1
26 49
49 33
16 27
6 58
56 17
40 52
17 54
20 21
56 2
4 32
42 35
41 48
34 19
11 23
6 12
4 22
40 33
4 3
53 43
29 38
24 12
23 33
7 45
43 19
49 39
47 19
0 24
55 48
12 59
16 9
15 29
56 54
8 58
13 41
31 45
34 38
54 40
50 58
28 6
3 42
43 26
18 25
59 22
0 10
35 22
34 59
