70
1 2 39
1 3 24
1 4 74
1 5 8
1 6 72
1 7 100
1 8 76
1 9 90
1 10 14
1 11 15
1 12 65
1 13 45
1 14 52
1 15 47
1 16 17
1 17 75
1 18 43
1 19 87
1 20 61
1 21 22
1 22 43
1 23 33
1 24 36
1 25 62
1 26 49
1 27 14
1 28 99
1 29 45
1 30 61
1 31 30
1 32 59
1 33 65
1 34 32
1 35 16
1 36 0
1 37 73
1 38 32
1 39 70
1 40 8
1 41 26
1 42 16
1 43 14
1 44 69
1 45 17
1 46 7
1 47 11
1 48 8
1 49 12
1 50 86
1 51 12
1 52 49
1 53 5
1 54 35
1 55 26
1 56 1
1 57 88
1 58 96
1 59 47
1 60 15
1 61 95
1 62 56
1 63 48
1 64 71
1 65 27
1 66 23
1 67 35
1 68 47
1 69 63
1 70 83
2 3 61
2 4 64
2 5 11
2 6 28
2 7 41
2 8 32
2 9 49
2 10 63
2 11 2
2 12 73
2 13 86
2 14 30
2 15 92
2 16 67
2 17 37
2 18 50
2 19 1
2 20 2
2 21 42
2 22 76
2 23 95
2 24 44
2 25 68
2 26 39
2 27 6
2 28 54
2 29 60
2 30 82
2 31 39
2 32 66
2 33 9
2 34 50
2 35 30
2 36 38
2 37 44
2 38 24
2 39 91
2 40 49
2 41 22
2 42 0
2 43 36
2 44 65
2 45 27
2 46 73
2 47 19
2 48 66
2 49 42
2 50 5
2 51 94
2 52 69
2 53 22
2 54 44
2 55 19
2 56 67
2 57 66
2 58 7
2 59 34
2 60 86
2 61 89
2 62 83
2 63 50
2 64 12
2 65 75
2 66 94
2 67 95
2 68 46
2 69 19
2 70 52
3 4 5
3 5 52
3 6 77
3 7 61
3 8 19
3 9 96
3 10 63
3 11 60
3 12 14
3 13 77
3 14 67
3 15 64
3 16 1
3 17 80
3 18 100
3 19 29
3 20 65
3 21 11
3 22 6
3 23 85
3 24 69
3 25 13
3 26 30
3 27 55
3 28 8
3 29 96
3 30 44
3 31 18
3 32 13
3 33 72
3 34 16
3 35 49
3 36 72
3 37 62
3 38 92
3 39 83
3 40 73
3 41 15
3 42 50
3 43 96
3 44 22
3 45 35
3 46 55
3 47 20
3 48 98
3 49 57
3 50 27
3 51 50
3 52 0
3 53 21
3 54 41
3 55 49
3 56 41
3 57 25
3 58 99
3 59 50
3 60 25
3 61 40
3 62 22
3 63 11
3 64 23
3 65 58
3 66 5
3 67 49
3 68 86
3 69 12
3 70 96
4 5 91
4 6 41
4 7 64
4 8 81
4 9 81
4 10 42
4 11 8
4 12 81
4 13 51
4 14 37
4 15 24
4 16 85
4 17 16
4 18 13
4 19 20
4 20 57
4 21 34
4 22 58
4 23 14
4 24 74
4 25 89
4 26 68
4 27 100
4 28 42
4 29 68
4 30 17
4 31 10
4 32 32
4 33 84
4 34 100
4 35 82
4 36 81
4 37 74
4 38 41
4 39 27
4 40 72
4 41 93
4 42 62
4 43 56
4 44 88
4 45 33
4 46 12
4 47 33
4 48 32
4 49 91
4 50 54
4 51 32
4 52 42
4 53 59
4 54 98
4 55 73
4 56 69
4 57 29
4 58 23
4 59 61
4 60 66
4 61 52
4 62 72
4 63 9
4 64 99
4 65 86
4 66 95
4 67 5
4 68 2
4 69 86
4 70 36
5 6 28
5 7 5
5 8 88
5 9 59
5 10 21
5 11 49
5 12 26
5 13 39
5 14 24
5 15 50
5 16 5
5 17 51
5 18 46
5 19 61
5 20 24
5 21 62
5 22 51
5 23 18
5 24 78
5 25 69
5 26 65
5 27 81
5 28 65
5 29 26
5 30 58
5 31 100
5 32 89
5 33 52
5 34 68
5 35 37
5 36 96
5 37 86
5 38 13
5 39 7
5 40 84
5 41 69
5 42 87
5 43 64
5 44 15
5 45 78
5 46 24
5 47 6
5 48 46
5 49 88
5 50 71
5 51 4
5 52 33
5 53 91
5 54 92
5 55 48
5 56 73
5 57 59
5 58 84
5 59 23
5 60 85
5 61 1
5 62 56
5 63 50
5 64 80
5 65 100
5 66 22
5 67 59
5 68 33
5 69 41
5 70 38
6 7 26
6 8 24
6 9 62
6 10 0
6 11 43
6 12 96
6 13 48
6 14 12
6 15 50
6 16 57
6 17 85
6 18 84
6 19 79
6 20 61
6 21 30
6 22 78
6 23 90
6 24 4
6 25 95
6 26 57
6 27 37
6 28 91
6 29 43
6 30 8
6 31 14
6 32 43
6 33 58
6 34 61
6 35 67
6 36 14
6 37 94
6 38 20
6 39 57
6 40 29
6 41 0
6 42 46
6 43 9
6 44 4
6 45 23
6 46 16
6 47 84
6 48 68
6 49 21
6 50 10
6 51 86
6 52 94
6 53 6
6 54 60
6 55 89
6 56 11
6 57 67
6 58 50
6 59 98
6 60 71
6 61 34
6 62 86
6 63 35
6 64 88
6 65 96
6 66 85
6 67 86
6 68 19
6 69 96
6 70 70
7 8 61
7 9 24
7 10 80
7 11 27
7 12 13
7 13 90
7 14 35
7 15 50
7 16 85
7 17 38
7 18 42
7 19 89
7 20 84
7 21 49
7 22 63
7 23 24
7 24 60
7 25 55
7 26 20
7 27 21
7 28 50
7 29 4
7 30 28
7 31 77
7 32 83
7 33 10
7 34 89
7 35 77
7 36 96
7 37 11
7 38 16
7 39 94
7 40 91
7 41 60
7 42 91
7 43 14
7 44 77
7 45 36
7 46 64
7 47 62
7 48 0
7 49 88
7 50 69
7 51 73
7 52 11
7 53 44
7 54 81
7 55 81
7 56 74
7 57 81
7 58 56
7 59 70
7 60 85
7 61 84
7 62 31
7 63 30
7 64 53
7 65 0
7 66 90
7 67 88
7 68 6
7 69 4
7 70 23
8 9 95
8 10 43
8 11 49
8 12 31
8 13 46
8 14 81
8 15 90
8 16 58
8 17 57
8 18 93
8 19 97
8 20 51
8 21 8
8 22 95
8 23 20
8 24 0
8 25 3
8 26 5
8 27 6
8 28 14
8 29 86
8 30 12
8 31 70
8 32 6
8 33 73
8 34 51
8 35 91
8 36 40
8 37 88
8 38 97
8 39 14
8 40 73
8 41 15
8 42 65
8 43 80
8 44 99
8 45 13
8 46 97
8 47 33
8 48 84
8 49 86
8 50 17
8 51 62
8 52 30
8 53 27
8 54 26
8 55 33
8 56 69
8 57 39
8 58 82
8 59 68
8 60 92
8 61 94
8 62 27
8 63 1
8 64 61
8 65 4
8 66 87
8 67 93
8 68 67
8 69 2
8 70 34
9 10 54
9 11 46
9 12 77
9 13 0
9 14 27
9 15 4
9 16 0
9 17 80
9 18 51
9 19 61
9 20 95
9 21 42
9 22 55
9 23 77
9 24 74
9 25 5
9 26 29
9 27 11
9 28 11
9 29 22
9 30 6
9 31 14
9 32 47
9 33 32
9 34 25
9 35 52
9 36 67
9 37 84
9 38 20
9 39 16
9 40 96
9 41 43
9 42 64
9 43 18
9 44 31
9 45 30
9 46 4
9 47 36
9 48 29
9 49 81
9 50 96
9 51 32
9 52 14
9 53 45
9 54 9
9 55 9
9 56 87
9 57 54
9 58 54
9 59 50
9 60 93
9 61 23
9 62 2
9 63 81
9 64 63
9 65 85
9 66 32
9 67 77
9 68 49
9 69 78
9 70 69
10 11 59
10 12 43
10 13 60
10 14 100
10 15 100
10 16 41
10 17 97
10 18 31
10 19 99
10 20 82
10 21 34
10 22 36
10 23 100
10 24 6
10 25 79
10 26 70
10 27 94
10 28 85
10 29 97
10 30 16
10 31 5
10 32 20
10 33 32
10 34 58
10 35 59
10 36 84
10 37 86
10 38 69
10 39 26
10 40 45
10 41 76
10 42 37
10 43 93
10 44 21
10 45 84
10 46 84
10 47 57
10 48 88
10 49 17
10 50 38
10 51 96
10 52 12
10 53 0
10 54 67
10 55 63
10 56 19
10 57 26
10 58 21
10 59 27
10 60 20
10 61 38
10 62 46
10 63 26
10 64 57
10 65 7
10 66 34
10 67 28
10 68 84
10 69 59
10 70 92
11 12 16
11 13 41
11 14 6
11 15 58
11 16 9
11 17 40
11 18 79
11 19 78
11 20 83
11 21 55
11 22 17
11 23 61
11 24 6
11 25 44
11 26 36
11 27 90
11 28 64
11 29 41
11 30 43
11 31 58
11 32 83
11 33 0
11 34 12
11 35 8
11 36 87
11 37 1
11 38 60
11 39 9
11 40 35
11 41 36
11 42 93
11 43 4
11 44 8
11 45 11
11 46 0
11 47 15
11 48 30
11 49 83
11 50 83
11 51 67
11 52 36
11 53 66
11 54 42
11 55 62
11 56 34
11 57 43
11 58 11
11 59 4
11 60 33
11 61 85
11 62 26
11 63 87
11 64 66
11 65 57
11 66 78
11 67 4
11 68 64
11 69 61
11 70 39
12 13 79
12 14 1
12 15 66
12 16 55
12 17 38
12 18 23
12 19 69
12 20 53
12 21 78
12 22 87
12 23 40
12 24 83
12 25 98
12 26 11
12 27 85
12 28 13
12 29 17
12 30 37
12 31 31
12 32 11
12 33 86
12 34 62
12 35 31
12 36 42
12 37 99
12 38 90
12 39 41
12 40 71
12 41 44
12 42 27
12 43 94
12 44 17
12 45 17
12 46 92
12 47 41
12 48 71
12 49 31
12 50 88
12 51 68
12 52 8
12 53 71
12 54 14
12 55 99
12 56 3
12 57 87
12 58 15
12 59 4
12 60 57
12 61 55
12 62 89
12 63 26
12 64 17
12 65 17
12 66 79
12 67 1
12 68 75
12 69 70
12 70 84
13 14 29
13 15 69
13 16 68
13 17 70
13 18 17
13 19 13
13 20 83
13 21 93
13 22 6
13 23 47
13 24 2
13 25 8
13 26 17
13 27 35
13 28 64
13 29 8
13 30 88
13 31 89
13 32 25
13 33 58
13 34 60
13 35 47
13 36 35
13 37 69
13 38 2
13 39 82
13 40 32
13 41 57
13 42 80
13 43 19
13 44 78
13 45 60
13 46 20
13 47 52
13 48 26
13 49 98
13 50 19
13 51 97
13 52 63
13 53 75
13 54 69
13 55 0
13 56 52
13 57 83
13 58 17
13 59 30
13 60 26
13 61 30
13 62 36
13 63 38
13 64 23
13 65 68
13 66 37
13 67 0
13 68 35
13 69 42
13 70 37
14 15 80
14 16 35
14 17 20
14 18 41
14 19 12
14 20 46
14 21 25
14 22 44
14 23 46
14 24 80
14 25 27
14 26 89
14 27 92
14 28 74
14 29 71
14 30 79
14 31 53
14 32 6
14 33 87
14 34 59
14 35 23
14 36 34
14 37 35
14 38 47
14 39 98
14 40 10
14 41 21
14 42 66
14 43 59
14 44 86
14 45 52
14 46 24
14 47 0
14 48 92
14 49 68
14 50 69
14 51 89
14 52 45
14 53 47
14 54 18
14 55 89
14 56 74
14 57 67
14 58 91
14 59 54
14 60 89
14 61 81
14 62 19
14 63 68
14 64 64
14 65 34
14 66 61
14 67 61
14 68 46
14 69 18
14 70 69
15 16 80
15 17 39
15 18 4
15 19 16
15 20 46
15 21 66
15 22 92
15 23 44
15 24 40
15 25 39
15 26 48
15 27 6
15 28 86
15 29 57
15 30 0
15 31 96
15 32 41
15 33 99
15 34 42
15 35 8
15 36 55
15 37 41
15 38 92
15 39 74
15 40 5
15 41 27
15 42 4
15 43 99
15 44 31
15 45 51
15 46 41
15 47 74
15 48 57
15 49 94
15 50 29
15 51 59
15 52 84
15 53 57
15 54 71
15 55 13
15 56 38
15 57 13
15 58 69
15 59 56
15 60 1
15 61 98
15 62 17
15 63 59
15 64 32
15 65 28
15 66 40
15 67 92
15 68 70
15 69 73
15 70 94
16 17 84
16 18 40
16 19 5
16 20 68
16 21 72
16 22 12
16 23 4
16 24 69
16 25 93
16 26 20
16 27 38
16 28 75
16 29 89
16 30 60
16 31 26
16 32 71
16 33 100
16 34 5
16 35 97
16 36 86
16 37 6
16 38 29
16 39 43
16 40 30
16 41 71
16 42 63
16 43 3
16 44 21
16 45 81
16 46 92
16 47 88
16 48 41
16 49 21
16 50 59
16 51 61
16 52 50
16 53 99
16 54 8
16 55 43
16 56 63
16 57 0
16 58 11
16 59 91
16 60 3
16 61 67
16 62 32
16 63 86
16 64 61
16 65 55
16 66 69
16 67 83
16 68 68
16 69 51
16 70 97
17 18 53
17 19 100
17 20 54
17 21 61
17 22 35
17 23 0
17 24 25
17 25 56
17 26 90
17 27 99
17 28 45
17 29 5
17 30 71
17 31 45
17 32 75
17 33 58
17 34 39
17 35 90
17 36 37
17 37 3
17 38 44
17 39 38
17 40 80
17 41 99
17 42 18
17 43 35
17 44 29
17 45 48
17 46 6
17 47 55
17 48 93
17 49 99
17 50 20
17 51 88
17 52 52
17 53 49
17 54 58
17 55 91
17 56 47
17 57 67
17 58 77
17 59 33
17 60 86
17 61 13
17 62 43
17 63 46
17 64 2
17 65 0
17 66 88
17 67 58
17 68 100
17 69 31
17 70 38
18 19 47
18 20 49
18 21 51
18 22 31
18 23 63
18 24 23
18 25 41
18 26 66
18 27 40
18 28 52
18 29 54
18 30 64
18 31 47
18 32 45
18 33 5
18 34 13
18 35 68
18 36 96
18 37 82
18 38 45
18 39 53
18 40 1
18 41 85
18 42 49
18 43 80
18 44 44
18 45 18
18 46 64
18 47 62
18 48 3
18 49 46
18 50 44
18 51 75
18 52 23
18 53 36
18 54 54
18 55 54
18 56 23
18 57 96
18 58 14
18 59 12
18 60 90
18 61 25
18 62 60
18 63 30
18 64 67
18 65 49
18 66 79
18 67 49
18 68 66
18 69 59
18 70 52
19 20 9
19 21 77
19 22 11
19 23 41
19 24 5
19 25 66
19 26 29
19 27 22
19 28 68
19 29 88
19 30 5
19 31 41
19 32 81
19 33 99
19 34 97
19 35 30
19 36 31
19 37 92
19 38 26
19 39 40
19 40 74
19 41 66
19 42 52
19 43 28
19 44 94
19 45 73
19 46 73
19 47 6
19 48 33
19 49 58
19 50 68
19 51 24
19 52 65
19 53 65
19 54 30
19 55 9
19 56 59
19 57 52
19 58 27
19 59 22
19 60 49
19 61 26
19 62 56
19 63 7
19 64 77
19 65 5
19 66 25
19 67 32
19 68 68
19 69 64
19 70 63
20 21 53
20 22 0
20 23 37
20 24 32
20 25 9
20 26 29
20 27 37
20 28 29
20 29 93
20 30 87
20 31 48
20 32 19
20 33 40
20 34 31
20 35 48
20 36 88
20 37 20
20 38 78
20 39 58
20 40 67
20 41 45
20 42 75
20 43 27
20 44 80
20 45 100
20 46 57
20 47 76
20 48 65
20 49 99
20 50 52
20 51 30
20 52 39
20 53 77
20 54 44
20 55 100
20 56 66
20 57 88
20 58 86
20 59 14
20 60 99
20 61 12
20 62 81
20 63 24
20 64 46
20 65 32
20 66 73
20 67 5
20 68 76
20 69 83
20 70 68
21 22 92
21 23 38
21 24 38
21 25 71
21 26 73
21 27 14
21 28 75
21 29 17
21 30 29
21 31 91
21 32 97
21 33 34
21 34 8
21 35 31
21 36 22
21 37 3
21 38 1
21 39 35
21 40 77
21 41 75
21 42 95
21 43 96
21 44 62
21 45 44
21 46 58
21 47 1
21 48 47
21 49 16
21 50 11
21 51 44
21 52 91
21 53 8
21 54 77
21 55 68
21 56 51
21 57 0
21 58 12
21 59 53
21 60 43
21 61 4
21 62 38
21 63 71
21 64 6
21 65 29
21 66 24
21 67 41
21 68 47
21 69 45
21 70 28
22 23 12
22 24 57
22 25 4
22 26 20
22 27 5
22 28 85
22 29 66
22 30 68
22 31 51
22 32 7
22 33 63
22 34 60
22 35 90
22 36 48
22 37 85
22 38 78
22 39 9
22 40 80
22 41 68
22 42 74
22 43 29
22 44 35
22 45 39
22 46 48
22 47 88
22 48 87
22 49 65
22 50 78
22 51 64
22 52 35
22 53 49
22 54 74
22 55 64
22 56 11
22 57 3
22 58 56
22 59 68
22 60 95
22 61 100
22 62 94
22 63 99
22 64 88
22 65 74
22 66 34
22 67 17
22 68 53
22 69 50
22 70 6
23 24 45
23 25 70
23 26 85
23 27 69
23 28 49
23 29 94
23 30 16
23 31 19
23 32 64
23 33 99
23 34 11
23 35 60
23 36 0
23 37 47
23 38 65
23 39 42
23 40 26
23 41 28
23 42 46
23 43 37
23 44 75
23 45 91
23 46 18
23 47 89
23 48 92
23 49 27
23 50 25
23 51 67
23 52 89
23 53 21
23 54 68
23 55 45
23 56 49
23 57 80
23 58 77
23 59 6
23 60 74
23 61 16
23 62 81
23 63 9
23 64 64
23 65 69
23 66 99
23 67 62
23 68 29
23 69 58
23 70 1
24 25 10
24 26 91
24 27 21
24 28 47
24 29 17
24 30 69
24 31 65
24 32 92
24 33 82
24 34 5
24 35 95
24 36 66
24 37 87
24 38 42
24 39 3
24 40 46
24 41 24
24 42 21
24 43 0
24 44 26
24 45 2
24 46 14
24 47 27
24 48 63
24 49 5
24 50 7
24 51 83
24 52 63
24 53 98
24 54 50
24 55 19
24 56 42
24 57 78
24 58 49
24 59 95
24 60 29
24 61 18
24 62 70
24 63 17
24 64 56
24 65 82
24 66 12
24 67 24
24 68 97
24 69 67
24 70 95
25 26 90
25 27 20
25 28 91
25 29 30
25 30 75
25 31 8
25 32 36
25 33 30
25 34 6
25 35 22
25 36 64
25 37 88
25 38 44
25 39 44
25 40 20
25 41 99
25 42 92
25 43 70
25 44 43
25 45 20
25 46 62
25 47 51
25 48 41
25 49 22
25 50 39
25 51 3
25 52 72
25 53 36
25 54 56
25 55 6
25 56 31
25 57 72
25 58 19
25 59 31
25 60 36
25 61 6
25 62 78
25 63 79
25 64 66
25 65 76
25 66 45
25 67 91
25 68 64
25 69 18
25 70 37
26 27 47
26 28 85
26 29 26
26 30 37
26 31 10
26 32 19
26 33 20
26 34 30
26 35 22
26 36 81
26 37 44
26 38 19
26 39 38
26 40 57
26 41 20
26 42 3
26 43 20
26 44 62
26 45 43
26 46 98
26 47 27
26 48 35
26 49 20
26 50 15
26 51 82
26 52 60
26 53 36
26 54 50
26 55 65
26 56 89
26 57 28
26 58 71
26 59 88
26 60 52
26 61 90
26 62 93
26 63 13
26 64 28
26 65 22
26 66 58
26 67 62
26 68 17
26 69 56
26 70 10
27 28 11
27 29 5
27 30 68
27 31 65
27 32 23
27 33 48
27 34 43
27 35 90
27 36 51
27 37 72
27 38 71
27 39 25
27 40 35
27 41 73
27 42 46
27 43 39
27 44 43
27 45 72
27 46 0
27 47 33
27 48 87
27 49 76
27 50 11
27 51 96
27 52 43
27 53 13
27 54 82
27 55 2
27 56 6
27 57 51
27 58 29
27 59 67
27 60 93
27 61 24
27 62 8
27 63 53
27 64 14
27 65 80
27 66 83
27 67 37
27 68 82
27 69 6
27 70 32
28 29 78
28 30 91
28 31 62
28 32 98
28 33 98
28 34 72
28 35 71
28 36 14
28 37 15
28 38 21
28 39 88
28 40 3
28 41 18
28 42 48
28 43 74
28 44 31
28 45 17
28 46 79
28 47 56
28 48 20
28 49 30
28 50 22
28 51 79
28 52 55
28 53 95
28 54 45
28 55 51
28 56 60
28 57 52
28 58 46
28 59 13
28 60 94
28 61 31
28 62 34
28 63 30
28 64 16
28 65 65
28 66 53
28 67 25
28 68 84
28 69 32
28 70 67
29 30 100
29 31 80
29 32 55
29 33 99
29 34 33
29 35 95
29 36 83
29 37 23
29 38 57
29 39 16
29 40 87
29 41 4
29 42 39
29 43 16
29 44 64
29 45 89
29 46 64
29 47 34
29 48 44
29 49 48
29 50 57
29 51 2
29 52 5
29 53 47
29 54 65
29 55 21
29 56 52
29 57 96
29 58 55
29 59 60
29 60 0
29 61 48
29 62 34
29 63 26
29 64 56
29 65 31
29 66 94
29 67 6
29 68 42
29 69 94
29 70 1
30 31 63
30 32 34
30 33 4
30 34 84
30 35 28
30 36 92
30 37 77
30 38 2
30 39 7
30 40 96
30 41 43
30 42 21
30 43 90
30 44 0
30 45 99
30 46 30
30 47 89
30 48 86
30 49 52
30 50 87
30 51 98
30 52 80
30 53 64
30 54 86
30 55 86
30 56 93
30 57 68
30 58 61
30 59 42
30 60 51
30 61 22
30 62 37
30 63 60
30 64 68
30 65 36
30 66 38
30 67 17
30 68 54
30 69 65
30 70 79
31 32 91
31 33 35
31 34 56
31 35 90
31 36 10
31 37 23
31 38 80
31 39 9
31 40 46
31 41 96
31 42 77
31 43 58
31 44 50
31 45 99
31 46 49
31 47 84
31 48 1
31 49 64
31 50 32
31 51 78
31 52 21
31 53 23
31 54 79
31 55 91
31 56 91
31 57 54
31 58 42
31 59 92
31 60 51
31 61 74
31 62 9
31 63 89
31 64 30
31 65 97
31 66 87
31 67 94
31 68 91
31 69 77
31 70 87
32 33 66
32 34 55
32 35 95
32 36 10
32 37 62
32 38 57
32 39 4
32 40 0
32 41 30
32 42 50
32 43 42
32 44 88
32 45 0
32 46 57
32 47 71
32 48 65
32 49 65
32 50 95
32 51 15
32 52 95
32 53 83
32 54 7
32 55 66
32 56 62
32 57 29
32 58 87
32 59 70
32 60 16
32 61 96
32 62 53
32 63 35
32 64 61
32 65 48
32 66 11
32 67 15
32 68 46
32 69 89
32 70 17
33 34 23
33 35 61
33 36 92
33 37 29
33 38 75
33 39 16
33 40 45
33 41 74
33 42 28
33 43 38
33 44 23
33 45 40
33 46 100
33 47 39
33 48 24
33 49 93
33 50 96
33 51 65
33 52 19
33 53 19
33 54 41
33 55 80
33 56 22
33 57 82
33 58 93
33 59 56
33 60 12
33 61 11
33 62 34
33 63 66
33 64 28
33 65 44
33 66 32
33 67 76
33 68 55
33 69 39
33 70 67
34 35 99
34 36 89
34 37 25
34 38 77
34 39 26
34 40 44
34 41 4
34 42 60
34 43 96
34 44 47
34 45 68
34 46 83
34 47 37
34 48 8
34 49 78
34 50 6
34 51 82
34 52 36
34 53 79
34 54 30
34 55 34
34 56 28
34 57 79
34 58 12
34 59 38
34 60 74
34 61 84
34 62 28
34 63 76
34 64 13
34 65 32
34 66 24
34 67 44
34 68 58
34 69 45
34 70 67
35 36 12
35 37 85
35 38 65
35 39 56
35 40 79
35 41 78
35 42 89
35 43 68
35 44 29
35 45 89
35 46 2
35 47 28
35 48 38
35 49 32
35 50 11
35 51 66
35 52 49
35 53 54
35 54 83
35 55 89
35 56 11
35 57 39
35 58 72
35 59 68
35 60 25
35 61 60
35 62 95
35 63 85
35 64 4
35 65 27
35 66 31
35 67 69
35 68 31
35 69 45
35 70 90
36 37 27
36 38 19
36 39 20
36 40 76
36 41 50
36 42 21
36 43 79
36 44 94
36 45 26
36 46 80
36 47 27
36 48 70
36 49 21
36 50 27
36 51 40
36 52 18
36 53 29
36 54 51
36 55 16
36 56 70
36 57 97
36 58 7
36 59 92
36 60 13
36 61 38
36 62 90
36 63 46
36 64 7
36 65 28
36 66 64
36 67 31
36 68 26
36 69 92
36 70 24
37 38 6
37 39 56
37 40 89
37 41 81
37 42 49
37 43 35
37 44 94
37 45 20
37 46 73
37 47 21
37 48 18
37 49 6
37 50 81
37 51 5
37 52 48
37 53 12
37 54 63
37 55 67
37 56 87
37 57 85
37 58 74
37 59 65
37 60 97
37 61 22
37 62 76
37 63 7
37 64 82
37 65 27
37 66 51
37 67 62
37 68 35
37 69 6
37 70 16
38 39 63
38 40 69
38 41 84
38 42 2
38 43 59
38 44 39
38 45 37
38 46 14
38 47 99
38 48 80
38 49 81
38 50 51
38 51 0
38 52 73
38 53 63
38 54 97
38 55 19
38 56 95
38 57 25
38 58 89
38 59 38
38 60 38
38 61 4
38 62 74
38 63 95
38 64 80
38 65 48
38 66 78
38 67 23
38 68 45
38 69 36
38 70 33
39 40 15
39 41 50
39 42 19
39 43 29
39 44 100
39 45 78
39 46 80
39 47 39
39 48 85
39 49 52
39 50 41
39 51 16
39 52 89
39 53 91
39 54 72
39 55 77
39 56 3
39 57 13
39 58 14
39 59 61
39 60 38
39 61 54
39 62 88
39 63 2
39 64 12
39 65 71
39 66 53
39 67 93
39 68 100
39 69 69
39 70 59
40 41 47
40 42 99
40 43 51
40 44 15
40 45 26
40 46 64
40 47 76
40 48 64
40 49 7
40 50 97
40 51 83
40 52 49
40 53 10
40 54 48
40 55 47
40 56 14
40 57 24
40 58 68
40 59 8
40 60 60
40 61 28
40 62 71
40 63 65
40 64 25
40 65 52
40 66 85
40 67 60
40 68 49
40 69 58
40 70 19
41 42 44
41 43 95
41 44 20
41 45 2
41 46 99
41 47 64
41 48 79
41 49 24
41 50 50
41 51 84
41 52 36
41 53 55
41 54 96
41 55 32
41 56 23
41 57 68
41 58 62
41 59 15
41 60 56
41 61 80
41 62 59
41 63 68
41 64 44
41 65 13
41 66 3
41 67 91
41 68 93
41 69 65
41 70 33
42 43 66
42 44 84
42 45 12
42 46 55
42 47 28
42 48 40
42 49 68
42 50 88
42 51 17
42 52 68
42 53 23
42 54 69
42 55 69
42 56 46
42 57 23
42 58 10
42 59 89
42 60 61
42 61 98
42 62 89
42 63 57
42 64 80
42 65 61
42 66 18
42 67 40
42 68 38
42 69 82
42 70 77
43 44 81
43 45 97
43 46 31
43 47 98
43 48 22
43 49 38
43 50 4
43 51 17
43 52 33
43 53 86
43 54 49
43 55 48
43 56 58
43 57 61
43 58 15
43 59 62
43 60 17
43 61 92
43 62 81
43 63 41
43 64 33
43 65 54
43 66 66
43 67 74
43 68 44
43 69 67
43 70 71
44 45 96
44 46 6
44 47 83
44 48 96
44 49 72
44 50 14
44 51 14
44 52 95
44 53 31
44 54 37
44 55 7
44 56 78
44 57 63
44 58 74
44 59 45
44 60 94
44 61 100
44 62 3
44 63 5
44 64 75
44 65 59
44 66 59
44 67 45
44 68 89
44 69 50
44 70 34
45 46 96
45 47 52
45 48 17
45 49 39
45 50 28
45 51 25
45 52 15
45 53 32
45 54 80
45 55 96
45 56 98
45 57 62
45 58 34
45 59 53
45 60 68
45 61 96
45 62 31
45 63 74
45 64 37
45 65 99
45 66 65
45 67 56
45 68 57
45 69 50
45 70 9
46 47 88
46 48 6
46 49 97
46 50 1
46 51 69
46 52 35
46 53 44
46 54 55
46 55 83
46 56 57
46 57 50
46 58 38
46 59 30
46 60 71
46 61 77
46 62 72
46 63 26
46 64 8
46 65 28
46 66 93
46 67 84
46 68 86
46 69 51
46 70 99
47 48 48
47 49 38
47 50 76
47 51 39
47 52 27
47 53 88
47 54 99
47 55 33
47 56 16
47 57 45
47 58 56
47 59 3
47 60 23
47 61 60
47 62 16
47 63 77
47 64 97
47 65 92
47 66 72
47 67 87
47 68 46
47 69 10
47 70 62
48 49 84
48 50 67
48 51 89
48 52 96
48 53 75
48 54 72
48 55 80
48 56 21
48 57 64
48 58 89
48 59 10
48 60 30
48 61 64
48 62 81
48 63 94
48 64 33
48 65 59
48 66 45
48 67 0
48 68 14
48 69 93
48 70 29
49 50 77
49 51 62
49 52 9
49 53 75
49 54 24
49 55 81
49 56 69
49 57 33
49 58 36
49 59 1
49 60 67
49 61 22
49 62 64
49 63 64
49 64 64
49 65 89
49 66 75
49 67 65
49 68 44
49 69 35
49 70 27
50 51 29
50 52 31
50 53 77
50 54 36
50 55 18
50 56 99
50 57 60
50 58 70
50 59 56
50 60 51
50 61 87
50 62 21
50 63 89
50 64 23
50 65 51
50 66 43
50 67 26
50 68 89
50 69 1
50 70 78
51 52 96
51 53 62
51 54 24
51 55 97
51 56 31
51 57 79
51 58 5
51 59 32
51 60 84
51 61 51
51 62 14
51 63 9
51 64 19
51 65 37
51 66 91
51 67 82
51 68 66
51 69 80
51 70 53
52 53 1
52 54 11
52 55 75
52 56 55
52 57 96
52 58 55
52 59 8
52 60 92
52 61 11
52 62 9
52 63 46
52 64 38
52 65 32
52 66 3
52 67 36
52 68 36
52 69 48
52 70 85
53 54 7
53 55 35
53 56 50
53 57 2
53 58 47
53 59 87
53 60 26
53 61 77
53 62 23
53 63 67
53 64 35
53 65 42
53 66 76
53 67 40
53 68 60
53 69 48
53 70 1
54 55 45
54 56 69
54 57 96
54 58 10
54 59 69
54 60 91
54 61 43
54 62 81
54 63 9
54 64 77
54 65 59
54 66 78
54 67 33
54 68 95
54 69 69
54 70 69
55 56 73
55 57 26
55 58 31
55 59 72
55 60 95
55 61 8
55 62 41
55 63 53
55 64 49
55 65 39
55 66 28
55 67 83
55 68 39
55 69 9
55 70 26
56 57 30
56 58 13
56 59 63
56 60 90
56 61 39
56 62 71
56 63 30
56 64 75
56 65 44
56 66 57
56 67 89
56 68 15
56 69 93
56 70 18
57 58 56
57 59 42
57 60 51
57 61 16
57 62 66
57 63 11
57 64 14
57 65 48
57 66 60
57 67 84
57 68 77
57 69 61
57 70 58
58 59 38
58 60 67
58 61 76
58 62 23
58 63 51
58 64 40
58 65 94
58 66 68
58 67 71
58 68 8
58 69 60
58 70 32
59 60 2
59 61 33
59 62 28
59 63 43
59 64 100
59 65 79
59 66 36
59 67 60
59 68 7
59 69 0
59 70 66
60 61 97
60 62 48
60 63 80
60 64 13
60 65 3
60 66 75
60 67 30
60 68 31
60 69 99
60 70 43
61 62 32
61 63 95
61 64 67
61 65 45
61 66 88
61 67 83
61 68 97
61 69 76
61 70 64
62 63 56
62 64 27
62 65 25
62 66 9
62 67 23
62 68 75
62 69 89
62 70 89
63 64 12
63 65 1
63 66 96
63 67 50
63 68 69
63 69 8
63 70 82
64 65 70
64 66 23
64 67 32
64 68 94
64 69 84
64 70 67
65 66 86
65 67 6
65 68 15
65 69 3
65 70 97
66 67 58
66 68 47
66 69 9
66 70 36
67 68 0
67 69 2
67 70 41
68 69 74
68 70 81
69 70 58
