7000
7000
5115 1309
3179 850
4852 4382
3952 6643
5998 5296
1547 5621
518 5432
2794 3013
4332 5454
1060 1464
1868 6154
4919 1383
2404 5541
4823 3762
3229 2235
2714 5770
3941 1182
4110 3925
3555 446
4251 2841
3749 5921
6964 1155
2602 976
2954 6325
2331 1956
5093 4533
5129 933
2983 4004
6962 5681
5768 1582
6693 3403
2378 2042
1705 6412
3697 2477
2220 1765
5165 5942
3798 1670
1565 5609
2742 6285
4912 686
2111 1332
3674 595
4086 5292
6420 5024
3797 4454
5756 1206
975 1545
6327 6043
2612 3417
834 6514
6683 1832
6932 1332
2041 6472
4091 2107
3655 1974
3088 6839
5077 1928
3790 4247
2331 175
9 3387
1347 1939
4268 4547
5552 2351
3119 2671
357 6327
4678 2972
1590 2332
5870 272
240 6757
5971 6345
6404 6902
1677 6783
2192 5326
3672 1883
6926 5161
5378 1265
3005 5730
849 3820
1322 6439
4853 6584
1061 2040
4978 3917
3211 2766
2880 5875
6262 1103
2817 2901
3558 1121
6271 1621
4029 4073
1872 52
4468 4500
6328 5237
5033 5175
2997 2932
4146 2380
4119 3184
3966 6832
2683 847
2201 6191
3135 8
2002 1970
6110 734
2004 2935
2278 1349
5674 4787
5804 4060
5267 5646
1848 5106
2426 5277
4775 4711
6507 5639
4956 3194
962 472
1151 6339
4110 3513
6474 2000
4629 4483
4454 873
3754 6247
4817 1211
1515 14
766 1326
1461 2050
3142 6391
4998 6045
650 3863
5324 1122
1513 1735
6530 2363
5005 4950
1887 1821
4545 3906
1382 2392
3324 3434
3550 695
3476 4690
6808 2321
5250 6367
5145 373
6638 5873
5917 5812
5132 2894
2286 3827
1670 5795
6316 2372
5506 1869
5448 6903
2790 3835
2785 938
373 1403
3566 5448
2628 2108
1667 5287
3976 1943
1536 6075
844 2858
4059 5161
4513 4191
6859 2122
1797 6578
1894 3525
2165 1081
1273 5053
5593 6459
6916 4643
5227 2556
5249 6258
5502 4086
6556 2730
2955 2294
1761 2265
2658 6277
250 914
4665 5487
4177 1751
5204 4636
2065 3169
805 2871
695 4459
1983 5440
2923 6941
3076 640
2923 6372
2062 3674
5637 1025
352 2616
3568 1976
3314 3572
1414 1783
3944 5753
5663 2092
6440 3077
5509 5343
6546 1184
2795 2006
1210 2160
3618 5208
2095 749
972 855
6124 1337
2225 3125
1162 6128
2217 4466
5446 4839
5879 4810
6729 6056
867 251
5607 128
3265 4463
1668 3492
580 6321
2109 5825
4473 2916
6948 6616
3454 2402
4889 1309
2855 1793
4203 2163
1546 6035
1435 357
5011 477
5471 4826
1952 493
260 855
2885 731
1471 421
6219 786
1444 2807
6245 3756
3153 6662
6657 4076
6237 2691
5777 5726
6569 2429
503 5318
3826 6180
4903 6284
1446 2024
1576 6357
2307 2568
3046 4803
2116 4093
3827 3621
3779 416
4392 5289
1722 3995
4581 2595
5799 5702
2436 4109
1382 6789
1567 4050
357 5302
2195 420
5789 3197
2552 6896
1980 5766
644 1878
4735 3022
6264 1973
1506 4637
295 2340
3069 3289
6039 3606
6136 5561
5081 2537
1452 6224
1942 3469
1683 661
482 3398
302 4436
424 5568
2344 1810
3203 5946
4608 6395
6017 3220
4524 4665
5145 132
384 6556
6088 2037
4968 2782
6020 1393
888 2018
3556 6075
1605 2745
5732 5768
2977 5929
1987 3457
4758 3571
4019 4672
4490 3536
5145 728
6846 2189
2637 4872
122 1741
5245 1131
4052 5249
1997 4094
2706 6503
937 4303
1278 2419
1713 5659
4339 6564
5389 3096
3637 6713
6475 6080
3657 5442
5807 3961
468 5002
1483 6532
4915 1678
6714 3290
2177 208
4233 1029
191 4452
790 2156
5539 6637
6273 584
4435 1329
1630 4944
2456 3201
687 1108
2435 5067
4774 933
4047 5845
5275 2772
2144 3120
2145 6878
3341 4403
2268 852
5162 3738
2798 1004
3952 4254
4706 5481
6645 13
4683 1199
3402 2549
631 3091
3889 598
5203 2203
6698 563
2630 3863
6128 5300
540 1047
1769 3688
2968 2568
3793 2578
377 825
4508 762
5704 5102
6373 1202
5796 5596
3938 3661
3182 431
202 1658
3203 3833
518 6254
4959 1570
6864 5806
5440 449
5384 914
1540 2457
5252 1074
1621 1475
2676 2586
6735 1547
4614 3647
4243 4055
2833 2242
155 4448
3657 6243
1334 1784
4174 5586
1944 3975
834 3875
5428 3233
3777 1963
2799 6653
2006 2323
3191 1058
5266 2233
2887 3859
2175 6931
4014 6219
5250 5304
1488 3438
3969 1030
744 6486
4216 2253
5432 3297
515 2334
2316 4653
5565 6473
5948 4180
1157 3782
2613 3914
6220 1772
211 4381
6927 5787
996 2820
584 5030
438 145
335 4453
3642 665
6803 957
4320 4616
23 3537
2284 6132
2603 188
6332 3328
1942 1309
2451 1127
4858 1633
6531 3285
1133 5877
6605 337
1038 3545
3652 5596
3647 1057
3257 6432
4725 5036
2744 2637
4537 6810
4284 1486
3960 1204
6427 2074
6781 6900
648 5518
2223 4505
221 3914
914 6557
5065 5187
2988 1781
4455 537
2189 6826
3674 4913
4967 213
6956 2648
3215 399
4895 1895
5783 5459
1120 1593
1956 974
740 882
526 6379
2801 1079
644 2768
1860 3846
5171 2331
1147 449
5868 4679
245 945
1678 848
4590 4162
1818 4162
1295 5328
670 2192
2260 6135
4563 5585
4040 5315
2375 5035
2868 291
2794 5455
6521 240
4983 913
1896 2375
3288 4902
3002 1666
2627 4323
969 6565
2745 6046
2094 2033
3122 3026
165 331
1792 833
6303 6318
1171 6838
6002 2078
465 2647
4329 5760
3527 1431
6232 2455
5260 826
1714 1137
2146 5721
1181 6484
2669 4835
2255 5594
775 822
5966 5583
2644 3972
6601 192
4357 2970
5003 912
4630 3484
5136 3720
2004 2955
5028 2650
3105 2220
635 2889
917 988
3074 6457
3238 4894
4364 6647
2848 6265
2798 3708
4112 4448
3522 3592
5732 2679
6020 5052
3838 4442
2967 3270
1145 1604
6987 3160
5355 6768
3939 261
5663 4687
1638 6618
4881 6183
3328 5243
4142 2277
6023 4004
925 4423
2354 2405
2197 678
6510 2756
1837 3119
244 2722
2781 3845
2746 5892
4747 4137
5813 1624
2029 2045
390 196
2084 2453
3785 4262
6691 5426
814 6268
3601 2193
5862 4559
4390 2351
6750 5212
5345 678
5 6659
2176 2414
3235 5727
2584 6386
2529 1680
6499 5428
201 5739
5588 1973
6154 4066
798 3097
2844 3985
2404 707
6235 5449
1844 3062
1644 1936
1982 1251
2373 3658
589 6404
3376 464
4198 5203
2605 5230
1334 750
4369 5563
3225 2181
6450 3970
4748 4514
2724 3010
6511 4653
6864 3056
1635 1729
2223 3834
2928 3566
6664 6326
2981 6576
3162 4401
2662 897
1071 5410
1985 5965
3140 4233
1610 6086
6456 6473
1772 6983
5790 1016
4966 202
2562 6430
4085 739
1789 5079
32 1467
477 1320
3434 5317
5150 6657
4550 5068
4997 6057
736 3812
4575 1241
5103 3263
3866 6371
211 1526
4939 6639
4413 1846
5149 5420
5334 3914
2174 2430
6622 154
2946 6611
3834 346
5360 5727
347 657
5770 560
6375 6788
2528 2053
3933 1891
4796 1949
4744 3778
1457 5566
6209 1377
4865 1040
6847 2058
3218 1305
3252 1789
6980 5281
491 2538
4612 1547
2607 1586
15 3162
6801 2974
5818 4145
3043 6380
5779 6884
1826 521
927 6251
4732 522
5454 2178
1275 6262
5382 840
3275 2490
1885 6584
1402 6627
215 4911
2579 4705
61 6991
1861 959
1970 3928
4538 2883
3939 1202
1039 440
4202 3893
2297 5357
2715 5200
1699 3826
1830 4149
2396 484
4390 3094
6674 6931
2841 5624
915 2107
1836 3419
915 2815
5002 5012
6413 3438
1977 3449
2665 5880
2170 149
5645 338
3729 6673
6431 3814
4248 318
6271 321
1097 4122
3846 4413
6052 500
267 5931
2147 5179
4950 6219
5920 6888
6381 3575
3651 3375
1834 6872
1166 920
3036 6792
4180 1664
3338 2022
6153 1474
692 1150
4132 3020
2787 2603
4485 421
5857 5042
1439 4616
5582 2828
6287 6764
6503 3250
6439 3708
5340 1292
6138 3772
2044 6328
4669 1755
4043 4336
3255 2972
2657 3328
3163 1695
465 3770
6478 2781
3787 2245
3165 2180
2926 6418
92 6636
4481 5016
5804 1140
2121 1631
1270 6037
5295 3085
6227 3149
674 6638
4409 2540
3175 4546
3955 2115
939 4346
6860 79
2318 4035
5293 6904
1690 6380
891 3676
6925 4282
29 6809
4455 2263
1963 2508
2226 5677
5179 4209
928 765
3291 4270
1937 3345
6515 1958
2552 5406
6892 1212
5619 2312
1931 1509
724 1106
388 2162
2656 4643
4401 5736
1236 2972
374 756
841 4876
6543 1276
385 5664
2597 585
2827 1557
4412 5103
3998 2161
1880 2063
3398 290
3468 3867
6441 3360
1349 6231
3628 5324
2018 1564
6829 4203
3511 1045
5473 1243
6828 5448
6505 5362
5474 90
1019 5114
3637 761
1312 2931
4489 4354
404 4903
922 6609
1308 3864
2892 6648
2734 693
3636 6181
1456 1385
6812 230
6235 3863
6352 6137
1018 1501
4062 5036
1336 2402
6810 2478
642 115
5672 5712
5864 6358
6362 3439
644 2141
1784 2936
323 2535
4634 3352
1867 1696
3973 118
2472 2356
6121 6566
2884 729
166 2939
2854 4731
3119 3998
5450 6467
4169 5147
1848 3230
848 4750
254 1563
3717 1142
2297 156
1100 6767
1363 4305
4235 3
3109 429
3136 6439
3719 5732
272 1616
2284 1868
3071 3492
1727 4161
278 6769
6118 6359
519 2472
994 1067
509 4243
4097 3466
5349 773
2591 4980
2331 2867
1217 3180
278 4478
4352 1255
3197 3829
2088 5879
3456 1492
4526 186
2087 108
764 4769
5095 6980
4663 4336
4672 6614
6416 1171
4817 2823
210 3658
6669 1228
6569 667
5844 5905
4303 6799
6148 6020
2860 5769
6777 5657
1140 3018
5448 3773
3610 2973
5005 2157
2049 5421
5219 579
77 1504
3446 6662
5825 6471
2866 4306
173 2496
1578 5636
3567 1538
2214 2423
1601 6631
1475 3363
2189 446
320 1070
6501 2263
2286 1992
3167 5510
6041 3776
2223 1874
1903 6264
4361 746
6324 2336
1805 5198
5746 1841
4210 4053
6818 4541
3999 4953
2161 3925
745 3082
4572 3307
416 6110
1629 4486
5584 4864
1443 1149
5576 2497
6778 4531
4638 3812
6100 3070
246 2443
4478 4636
1814 6856
3691 6042
2605 2296
5029 2115
4631 3870
6327 1378
4785 5954
5966 2787
6130 73
301 5883
6152 652
1970 761
2903 5349
935 830
6171 3009
1341 6215
6909 720
3613 5734
410 2038
1092 3403
5014 3319
400 4956
201 6119
5022 4801
4171 6971
681 613
3270 3326
1580 3185
4662 2289
2523 6951
1535 2964
964 4761
1044 1760
2134 2331
4452 4437
431 2151
189 3585
4979 1185
5965 1317
1704 3885
2907 5581
3382 1257
3863 3633
5395 5400
4348 3217
4997 3982
35 1025
1657 5370
2327 5864
4803 6215
2968 2469
6578 6701
2418 6048
36 2723
5620 6402
1475 760
3361 2007
842 3200
5969 4401
2703 3112
2819 1503
6993 4180
1133 3959
3554 2019
4561 5804
5219 2641
4708 6055
2372 1750
3939 1505
370 843
1515 2521
1482 5063
6369 6448
4501 559
181 5009
3197 2824
118 4919
4082 6642
3649 703
4775 4061
6283 5489
3271 4919
1282 5120
4299 2950
2681 2173
1677 5503
4900 5690
3344 5925
2261 1777
6246 5210
1616 3687
1360 5581
4544 4606
945 3458
4647 3829
1092 5567
6085 622
1219 1033
6323 504
49 3591
2111 3690
4990 4688
5334 3582
5239 1143
4129 5150
3106 2082
6094 2583
839 5308
5719 2832
3747 1229
3857 1245
4305 819
2866 5850
746 5349
1367 6299
800 6852
5191 5674
2150 1107
4066 1283
4538 5805
6153 2075
3659 1252
4327 493
3968 5822
3399 3232
659 1917
258 3100
26 5311
208 863
5749 4258
387 366
6445 6000
3319 3466
2668 1009
1906 2448
2256 3903
1098 3958
848 1340
444 3129
5717 3163
5963 926
65 4003
1687 4149
3271 776
4581 4731
1287 3528
4905 1727
4970 4102
6828 6744
5687 5543
4183 2563
4636 6727
2193 4458
4803 5964
6419 1268
4967 3295
2684 6614
2209 874
4942 1716
4768 1821
1742 6063
5197 6764
6740 1153
1465 2404
747 4549
3020 4648
1950 4020
4561 6125
2174 1270
5334 6475
3436 6195
3535 1177
3274 4307
5785 6792
4519 2660
1153 2347
2638 1416
4033 1722
1212 1589
1036 5364
2201 724
3313 1996
40 2776
2240 2302
4103 5640
1498 5028
387 1386
5726 5481
2942 2730
1137 1019
4551 5139
3131 4182
5062 658
3979 1790
1796 6271
1808 3296
3173 3636
2947 444
6156 4679
5561 5843
3577 973
5323 3230
343 1088
2341 6333
5373 1439
5786 6525
6666 5580
2297 15
4326 6243
5218 6545
1460 3332
507 2522
4456 6897
2969 6682
6730 2876
490 1379
4375 1457
2268 6336
4119 960
1897 4491
2032 532
5751 4861
4335 1786
4938 4451
4063 3633
2500 1583
4155 2018
2595 5191
6846 2778
5381 5955
5773 5961
4461 441
277 6250
6548 931
3003 1589
1436 4547
1922 4736
3636 5089
669 1931
295 6575
6931 1056
1154 6728
5615 5271
1016 1410
4180 2924
1461 3386
3703 5224
2155 3290
6679 5311
3183 4335
1155 4456
6061 1585
1717 2213
3501 3495
6656 4153
2096 5765
5882 2720
2211 2423
3083 3179
2834 1537
2093 2188
3979 5815
5910 5536
3904 1481
1800 442
1159 5403
5879 1365
1372 4820
4133 3232
3635 500
2461 2140
476 1395
5413 3968
4699 1798
330 407
4504 749
2783 5862
4589 4090
2848 1174
3730 4532
1535 6718
631 2987
6896 4264
2808 3437
3493 1978
5243 3939
1660 4280
5985 412
3924 5996
2720 488
928 707
4875 1503
6011 976
6462 4900
3430 2916
279 4119
3045 4712
1967 3912
3498 2943
3661 2641
5012 4812
3289 810
2857 1370
4409 6806
4386 6621
1904 1680
89 6351
2798 4076
4287 1418
5897 2481
6260 2471
809 2850
5049 4707
3471 4897
2776 4060
4789 3054
5145 6365
6078 454
3172 3129
6235 5494
914 63
781 4429
1430 5463
168 3077
5706 5066
6891 4763
3494 6358
5441 377
2667 1535
4637 586
3562 972
3162 4293
613 1525
1595 5522
966 2742
6620 5937
1716 5918
1197 4934
6665 2353
3358 5750
1178 6307
55 4102
5870 2721
2354 4126
4452 87
3187 3507
6180 4473
6141 2594
2555 3380
6157 2071
3180 5340
4852 6060
2280 6588
173 2188
1160 2499
4698 5621
3549 998
497 368
4081 956
3355 1897
3415 6841
6020 2110
4245 142
330 4439
5121 5657
4199 6643
6094 1998
1459 656
2945 6072
308 4478
3891 65
511 4315
6221 4656
1874 1429
3969 5388
6879 5671
6093 5512
2753 6473
1349 210
6483 6069
1799 5783
4459 5099
2268 5539
1963 4573
3878 3328
2694 4483
1602 2681
5063 442
3346 1845
3402 454
1342 1422
2395 3960
3031 4017
767 3905
5125 6722
297 178
4131 6636
2113 6274
3460 824
3976 5745
5717 5700
835 4584
2152 1744
404 6388
1399 2787
5970 4598
1344 2056
4191 5702
3186 3355
5441 4367
6210 1423
6735 4610
559 3053
6184 3627
1459 5279
2008 4582
6278 3732
4016 4290
486 4147
4272 6604
4877 6026
2320 3489
3351 1066
2161 283
1884 1652
2448 1351
2959 4782
4747 1782
1865 6062
1746 2740
6101 1608
6383 5950
4453 1670
1790 2885
1183 6230
2332 2661
3711 1371
5659 101
4921 2325
5666 58
3807 4170
1289 943
4422 2138
110 5105
5804 4178
4489 951
1559 2478
300 3134
6648 4695
3641 1514
4897 4971
5040 2445
4462 2460
150 1625
6571 1134
3226 2556
3498 1950
6980 115
6341 3845
6903 3281
419 21
1873 2369
173 4435
1231 6514
6163 3496
4086 263
1931 6026
4372 4219
801 5614
3392 2572
5011 2959
4759 6212
2522 3165
6317 1957
4765 2522
4368 3734
5275 6067
6564 3752
5248 3744
6766 3368
5658 1290
801 1457
2173 6150
534 6137
6358 4498
6075 643
2102 5419
6585 3225
3443 1155
1466 6863
5751 5813
5580 2403
3690 6328
1140 2023
1890 3484
3312 4229
949 2205
3430 6962
2586 792
3969 6138
1960 3054
954 459
3495 2383
6330 5882
2252 2721
1856 6259
4901 1271
5652 3688
4347 1997
3195 3338
426 3267
4375 2854
1986 2769
6375 1430
1136 3948
2088 378
2314 6105
207 4328
2101 706
2659 2397
5997 3820
2373 3673
1064 2099
4779 735
3191 2273
6516 2848
3372 6044
21 2094
1373 2249
1364 1524
5681 2671
5212 1472
5831 4962
2439 1615
3293 1457
6853 1908
5102 2485
3577 1824
1590 2099
2403 4524
4277 169
5361 2720
2108 2034
4313 4134
5416 2250
38 5219
4737 4817
3037 6463
2011 64
3595 819
3303 5377
6608 30
617 4895
1715 5925
462 6071
6436 6476
5282 903
6339 2897
3017 5424
5763 3859
794 1115
118 2810
434 4434
476 5976
5443 6640
4152 4350
4255 4172
2585 1984
1366 6780
224 6922
3290 1097
88 288
3787 2123
4520 1089
1250 2064
2486 1284
2577 3270
5454 3589
6241 6779
4025 6032
1818 5631
5879 3235
6444 5573
6938 6048
4785 6988
2239 65
4690 5533
2957 6477
2736 4075
5695 5344
5911 3145
2802 1071
741 3133
1629 4792
144 4159
4257 5836
2272 2479
2858 6262
2220 2663
6712 6881
2874 1446
4484 3694
4658 1195
693 727
6690 5359
3021 866
1718 6214
2722 5252
2786 2574
5885 5864
6258 6790
4928 6660
6415 416
6360 5421
5242 1459
4575 588
2924 4336
3766 3231
3016 5367
2975 5578
6025 5770
2812 3277
4296 4204
1628 3850
888 4938
6856 5738
654 2221
3048 5450
3031 4545
6847 2468
6694 526
5464 4027
3499 4944
6043 5339
2228 1314
4696 351
3713 5893
3762 4910
1301 1152
1228 2775
2087 1091
5021 6877
6026 2274
5445 235
1318 388
2620 4042
2988 2003
200 5828
1769 4640
1395 3535
1375 6918
1692 3192
3218 2839
1672 1446
2853 780
6910 4393
3148 1655
2985 6538
6179 6079
4807 3076
1536 5990
6053 3080
4555 6826
6183 6107
4689 4403
6746 2853
2077 6628
4020 2568
2497 6724
6454 3890
3364 4602
2195 2854
4500 3422
6662 5117
621 2703
6842 588
4895 6406
1679 5362
1275 3931
748 2395
973 3174
694 6372
6191 1872
14 6039
5305 6447
3049 380
1626 5803
254 5191
6388 4889
6294 6701
6254 692
5039 3064
5733 2722
4569 5303
981 5958
445 450
2625 3474
5456 2693
5822 4580
457 1092
5580 6029
2011 5873
5598 4322
3527 3581
3744 6546
2133 2259
1509 3177
2546 4089
6128 77
6102 6793
2815 5248
201 3094
6977 6650
6775 1311
483 3718
3552 1887
6517 6368
2419 159
3604 69
1553 4202
5832 2539
1772 6066
6195 4218
2293 5146
2096 6480
181 6944
4825 1133
187 6976
979 2877
140 2463
3429 2775
782 1916
6231 6880
2245 3847
5282 6921
4155 2913
5819 2814
1061 5837
1164 4743
2404 114
4544 1409
1418 3970
6184 6396
264 4786
3780 1612
4240 3090
1184 1349
5422 4273
1243 5440
1211 3919
1104 2875
2836 4602
286 6329
6856 5119
762 2542
6031 4443
2391 987
1062 2618
454 5829
12 627
3771 5131
6134 6657
691 5606
399 2419
2771 3235
879 532
1993 532
1376 175
6292 2736
6805 5425
2868 2210
6035 6559
2931 5979
122 2611
2041 4312
5466 307
513 6570
92 5817
1648 1457
1646 2836
6619 6139
3925 4712
5574 2643
1823 1477
4340 4342
2141 6426
187 363
5227 6487
2677 6802
1895 960
4869 3391
5039 3296
6130 333
5064 5059
1865 5819
1220 950
6540 164
4604 5257
4346 2313
1645 6652
3717 6655
1819 827
5003 1645
4815 4826
5949 1077
5732 882
4890 3514
1017 177
4412 1169
4928 349
4601 6900
6875 5227
2888 3679
4420 5478
930 6990
3104 637
4397 4142
1478 1279
4831 6671
3450 6060
4117 4293
4562 5048
1401 1768
6928 4164
4432 5117
1466 3174
2974 4566
6435 1931
2903 5708
4999 5360
5169 5719
4841 3585
5518 1111
2657 2909
949 3718
3466 2703
2962 5702
4865 3911
4108 102
5180 1352
4505 6002
782 2248
5880 5131
5718 5246
4087 6612
2053 6712
5985 5620
1501 1802
39 6504
4063 2637
1191 5389
61 6627
1173 4351
5140 6732
5427 1367
171 472
1011 1805
2422 6769
1463 3153
395 433
1747 6615
2839 4188
6695 4415
1491 1048
3343 238
2128 2740
2732 296
2301 2832
2075 4543
4803 5333
5353 4111
2271 2473
5355 5186
1054 79
3760 1542
4843 1298
1337 5868
5026 606
2799 3705
6699 395
6312 2252
4555 6093
6603 6088
3104 1712
5257 2254
2974 5776
5548 1762
3492 3420
3200 6153
997 5631
3735 6585
2832 617
6640 4067
3338 999
4570 1613
6981 6296
6937 1685
349 5567
105 1165
6092 2147
5779 180
3234 6318
4054 6723
719 2996
345 4509
3455 2364
5742 1050
1283 3870
1290 6946
2267 4079
1768 1494
4974 4533
4088 1623
5934 3577
3135 6816
659 2603
5904 6520
2700 6888
5394 655
4214 3552
628 6271
1818 2996
4770 3895
6798 353
6799 1993
5938 1730
499 1171
1766 3914
1741 518
2880 4242
4081 1400
3399 1928
1166 4698
5949 6230
4889 4741
1874 3507
399 6302
5604 2946
72 3686
4842 3909
6692 1622
2395 1177
3292 747
5097 712
5373 5930
1815 2138
4789 4927
4321 6575
5766 253
5201 1749
1438 582
161 5099
1295 5452
6627 6176
2669 2767
1686 3691
6857 6400
2751 1527
6106 2881
4917 2131
4653 6556
1568 2531
1313 1403
2149 1369
1262 4658
1849 972
2924 733
6435 592
4782 6501
4896 4768
4533 979
4293 288
149 2845
5416 4552
883 61
4925 5624
207 592
1046 6064
6978 3496
3850 916
1133 2423
6453 379
5913 5999
6808 4467
1129 6266
2029 621
25 2411
3361 2862
5350 3886
2 5266
3880 1073
2015 1224
2629 6804
5538 1740
4327 3485
5772 1418
443 603
1403 6613
6450 29
202 6736
1388 4630
6248 6300
6199 5139
5254 2833
3417 6507
4955 1495
2838 6676
1958 2158
3692 2117
2257 4959
3294 4584
424 2079
870 3035
5264 4655
1475 4144
6398 3525
3633 1901
185 5525
118 6981
2638 6424
1702 4006
3050 2177
4082 3469
5732 2840
1990 2896
2505 1192
1355 197
6548 5391
1097 4104
4376 696
4859 6521
129 4407
3214 4244
272 4601
1337 6878
2031 2310
3223 3784
3508 3672
1510 4567
995 4538
3021 4286
4423 4510
2284 6574
6148 644
2601 6428
4248 4854
6029 4628
3459 1671
1162 842
688 3794
3016 141
4523 2635
2549 4904
4642 3927
220 5433
2343 4215
6382 4411
4052 1593
5322 2728
4960 5787
2144 73
5615 6598
2848 2348
836 947
5235 6886
6578 6554
5625 1336
1748 1910
4338 4980
6497 2269
1860 5162
2511 4943
5529 2134
561 3816
1416 1202
661 3073
4638 3978
3975 635
793 5160
1991 463
4314 5086
6581 3122
5555 6291
809 3514
1671 1114
6259 2700
1542 6511
629 1553
2455 3406
3883 5948
1290 6003
155 4903
3367 4005
4378 6850
2492 4973
4689 4297
1774 2977
3905 1516
2759 6058
3781 4000
4665 3919
4075 6057
2825 6274
6868 5676
4270 5115
3628 3096
6398 2157
6995 4497
1469 1371
5199 6464
4758 4026
6393 2418
4614 474
3886 3761
4133 6451
1734 5348
399 3705
2774 661
3941 5716
266 510
3842 6907
2504 6203
6017 6351
323 171
4766 3127
6414 1414
4135 4757
2228 3076
950 420
765 5673
4371 6767
2150 3000
6253 3685
6474 2474
3071 3858
629 6135
2471 195
3126 6603
3745 6178
6772 6915
1912 4586
4519 3931
4613 2538
3052 5077
2063 5224
4156 3018
6564 4718
6574 2099
2074 1234
2992 5645
4590 4759
6124 4724
459 2756
1536 5216
2256 5105
1329 4313
6359 1558
4177 5295
722 4243
5405 330
2827 3963
3843 3900
2944 4734
1191 6047
1018 5698
2442 1073
5086 3148
6177 3016
1647 6854
2680 2886
4770 886
3301 2983
2549 619
3664 6260
1171 1950
4560 5824
3957 4949
649 6975
5248 6191
1979 6898
3399 4917
5711 1048
2485 2427
3205 1476
4319 3989
848 2625
5548 2409
48 3569
2130 6306
2855 2375
1113 3072
1553 1492
3224 5050
1744 180
3548 228
677 4317
4010 5512
5772 2221
5458 114
6158 1723
3835 4310
5774 2901
6968 4101
5578 6591
6679 164
6460 426
6619 2307
5286 5651
6518 5685
476 204
1131 4273
3172 1238
1212 945
690 2072
5098 4410
5486 3238
5889 2474
3959 1864
5299 4032
5074 531
1715 6013
5172 3344
3024 644
2517 1120
6041 5386
4325 702
1119 5544
6202 3234
3158 6428
2108 2262
6233 5462
2357 5078
4442 6148
1736 4935
2139 1788
4535 6515
1164 762
4862 3747
5839 2248
5468 3887
675 4531
4888 1380
3393 3459
6584 5669
6478 6898
5968 6008
1671 4926
4229 3732
5396 3250
1235 1064
4680 5797
306 6967
6846 4178
175 5416
1412 6226
4134 4385
6768 6211
1445 165
3893 6433
5467 2880
3501 3144
2286 2322
6551 4521
6969 4783
1957 6762
4296 4281
5271 1411
3065 2551
3821 398
3126 4226
3846 2216
5844 84
3589 1567
3375 3524
5591 1896
6411 3098
4943 3664
2608 3503
4882 6996
6777 838
3620 2455
5082 5347
544 6900
581 670
3117 4251
3046 4731
681 1891
2938 6621
5354 5295
3543 5874
4915 6693
5560 3181
1474 2597
735 4008
2610 5047
716 677
2627 2725
6489 4205
6881 1470
2495 1154
1976 6456
2559 5624
4447 2852
1323 1023
6459 4615
5452 584
154 3354
1675 5102
5731 1100
3283 4673
6293 3652
4398 698
5053 4096
5033 325
1469 6827
4873 435
4196 5059
1902 6088
700 395
1592 3434
1426 775
3102 1444
2685 5832
58 5263
5684 4744
3837 6262
5391 1403
1051 5227
2348 5972
1864 2389
2600 1382
1023 3023
4966 1551
672 1553
2686 6120
76 1730
0 4216
3198 6900
6854 4048
3622 72
2614 3812
636 5743
5172 4108
1808 1375
158 5166
6695 3269
5224 2953
4239 2080
5953 370
3442 5970
4685 2184
447 3116
2670 5680
1150 6924
2164 441
4388 4875
4015 3504
904 4890
1156 794
2968 2147
3975 4958
5044 5917
3681 6100
493 1282
4014 4587
5955 1813
6120 3854
2543 6286
2834 2283
4863 1097
1376 2144
6898 6967
3079 1190
3896 169
4831 2731
6665 1750
3447 1841
5006 5754
6807 2118
2288 5682
3005 3280
6791 2375
193 3358
1294 5196
6714 4183
660 866
4977 1109
541 5374
4303 1129
4523 6806
1576 3690
3604 3756
2431 6329
2948 6428
6958 3821
3335 1726
465 4056
636 1043
2194 4370
1391 3771
1056 3829
2940 4333
6003 5765
3464 99
163 4649
2854 1099
6047 913
5250 2706
2816 1567
526 3205
6133 1659
5948 3422
928 6722
5289 472
6809 4266
5621 459
4170 1972
2759 3625
3370 1508
2961 3949
423 4476
2125 1753
3128 279
6563 3563
4658 1752
2240 5503
6618 970
1552 3265
3619 4035
2075 164
5721 4112
6365 5951
5889 3169
5201 5083
4759 3359
3636 1071
898 5005
1521 6683
4934 4652
2213 6308
4244 6234
2665 233
1788 6291
599 220
3193 4052
4507 5769
4294 5804
3662 3501
4150 1948
5667 2484
5878 1908
460 2330
5429 184
5853 4875
1511 2212
935 5547
6202 1042
1536 564
2301 1097
3379 2424
4909 4354
3233 5994
2108 6183
3939 5826
1513 3756
619 5584
5609 1571
1137 3722
2080 870
1494 4392
5294 3375
369 1150
108 3463
1079 6174
3939 4438
2963 6148
6402 5631
4646 4235
82 109
5689 1046
1419 2064
3422 622
1000 2806
651 3353
4354 150
5 2290
2868 3398
5562 262
2502 3764
1806 522
4512 349
2156 3731
6524 5139
523 3704
115 2236
273 6104
2243 5745
1289 2779
1470 6384
780 458
2007 5981
2282 5884
6942 1827
1343 6086
5508 6577
3635 905
5011 2793
5295 2732
4470 5147
6468 6307
3385 1698
4665 2110
3003 2268
4728 473
1451 5701
4885 6473
1691 4192
1079 4765
1889 4240
1855 6271
2095 5476
3684 3677
3661 6168
712 6103
4110 4593
553 5867
2098 746
2234 6969
4216 2070
3187 3076
521 2702
6986 4675
5435 3637
3030 4475
6624 4042
4883 2847
3261 1800
6538 5990
6326 5028
100 577
2421 3420
5337 3693
3052 5575
775 799
3281 3186
2873 6523
1349 5122
6802 2659
3584 6187
2966 3653
144 2605
1541 4371
418 6996
2441 2596
649 5290
5517 6886
3599 5063
908 3416
530 6097
1310 3913
4234 6498
6513 3695
869 3760
260 5406
3167 6571
2793 5251
5021 3296
3065 6051
3000 4125
1936 5011
6014 1706
5964 4079
1245 2229
3000 5554
4436 6984
5020 113
4668 4151
4832 5475
4773 6382
5472 3194
6216 4145
5402 2065
2532 6903
123 2447
1398 594
3522 960
4517 5225
6812 3441
1291 5729
5385 6404
2898 1479
2519 4121
3638 3029
6585 597
6793 816
6551 1242
1616 958
6295 1501
2555 4517
6208 4897
6887 1434
4885 6439
4109 3267
885 474
3318 681
2690 6676
531 4824
5794 244
3813 4956
2662 823
5013 1829
3748 5096
4005 6899
1978 5898
176 4431
2729 2649
2966 2198
842 5879
862 1008
4462 6361
4810 4531
2696 1373
4182 1452
222 658
4988 3455
3315 4208
3677 3162
2177 4468
1313 4558
4437 3851
4816 236
4308 1401
5027 2326
4291 2459
1550 5324
4372 3631
3106 6293
3326 2222
5529 4538
2843 5493
713 1704
1790 5903
6494 621
5597 2151
1346 5121
6729 1503
5198 2650
706 1750
2321 6725
1230 3344
4989 983
6950 5210
1024 5986
5096 1059
6519 518
1539 2622
2530 6467
4862 3815
5694 6386
6210 2504
4064 835
4340 1037
3990 4210
1215 1496
5016 3863
1594 2686
5034 6626
3061 4800
5920 1053
4837 4777
5627 6952
1461 4680
273 5236
5272 3772
2970 5545
581 1404
241 2849
3838 4725
6078 1804
629 2112
3191 2946
5587 4118
4318 1752
3573 669
241 6691
5667 3409
4182 6254
1220 3175
2750 5716
4026 1835
2221 387
1830 3020
4188 5481
3617 2438
3138 3865
1452 2425
5442 1393
3904 1486
5717 593
1206 6823
5402 3355
5196 5774
38 1383
6372 2395
2463 4010
2059 2200
3465 3888
5830 3337
1470 316
2188 5924
4103 5319
6282 5042
1717 3758
320 1758
5279 753
989 4238
4553 3834
2156 2827
3417 5224
4182 5443
5838 6483
5378 2941
1202 14
273 2316
1272 3614
5283 4924
3857 1295
6890 470
6061 1016
3599 2468
5139 4301
2406 3036
3689 4511
2027 4620
2421 2487
3779 5962
906 2759
345 4989
748 6158
2742 2898
612 6602
6840 1411
3062 4620
642 4422
5920 1140
3112 3191
400 2360
6010 5774
5433 41
4512 6737
6942 6071
391 3435
1465 2245
1517 6985
2051 6234
1981 3172
2533 1431
1495 1459
6613 5403
6466 2450
6398 5127
1756 6838
5688 173
630 3148
2769 3583
6737 5239
5715 3494
227 6047
563 4596
6197 541
2916 1761
6780 3171
5072 5943
1117 5693
1985 2626
4785 6575
964 4963
6096 2159
6912 3656
5367 490
3059 2019
4705 29
5878 5584
6068 1428
1180 6960
4465 4395
6531 3611
322 1055
4560 4886
1033 2400
558 6143
5044 5322
5458 3850
1305 6291
3155 1636
5115 3007
4840 3697
1359 379
1673 3217
5238 2151
5667 578
2180 2246
3418 2702
3011 4901
4646 811
1710 3259
3077 5171
5844 1954
3591 367
4440 3511
6804 6515
6569 1870
3377 1063
1464 4992
6941 1737
6033 2285
3427 4092
1686 5382
2126 5476
3105 1184
4022 2685
5626 5691
687 5994
5038 2677
554 563
5075 2394
4147 6149
4926 3483
5758 3289
3267 4731
2570 2699
803 2568
6270 5841
2416 3090
1892 2936
535 4849
3229 290
3986 1493
4723 2390
5385 5219
2382 1292
2795 4686
2157 6487
2898 5304
5976 3470
2325 354
295 1714
1892 5476
3425 2330
94 3030
4715 817
5442 5428
6118 3952
4028 2209
4889 4975
1121 395
71 4549
2091 1225
743 3912
2115 6215
4796 1546
89 2872
3158 6239
1546 2123
188 5023
6784 155
2449 3364
1085 3170
397 4637
3373 4064
5597 375
4880 6807
4227 1527
630 691
215 40
2607 6711
3333 3674
905 644
1181 2035
3527 5767
703 6759
6358 1956
6547 1137
4538 3352
3940 5038
2990 4231
2759 56
2396 293
3591 1509
2071 4700
6799 6105
5726 2843
5414 371
5511 5067
5848 782
3460 4130
4421 5492
403 2354
1418 2146
2500 3862
2931 5462
1607 556
5464 5423
3865 4007
1839 5091
6137 2328
5660 1165
4132 3342
3385 1219
2674 2893
202 2120
4048 504
4741 5158
40 1614
2224 6067
3090 5813
629 4341
2077 4189
5023 3796
282 5620
2728 772
6147 4424
2893 855
4998 4840
3649 6898
6486 5183
4565 319
5212 4015
5403 170
1815 1757
6097 696
6230 3687
6883 4065
2075 2876
4322 4425
6098 6782
6164 2211
6235 2109
5427 2526
4472 1990
6253 2839
2143 2896
1082 4560
545 62
6639 1475
2086 4813
5187 294
2459 6247
3606 2216
3575 1238
4940 5563
6020 2209
6223 3754
1294 2675
4994 5480
6513 542
5718 960
973 6979
5447 5456
1074 519
3067 2939
3017 1946
513 4018
2104 4088
6196 3188
2826 597
4172 3636
4257 3898
3715 5696
4832 3970
1209 5927
112 5451
2135 1990
934 3660
234 5620
6897 6869
849 5031
4110 5003
5650 4864
4856 4327
6683 5396
6794 5709
4331 6961
4717 3583
30 5562
1435 2879
2980 5602
4004 1931
1109 5033
2025 210
4316 4107
507 5084
6578 6641
6054 196
6635 2968
4350 3742
5273 4526
2290 203
3881 3093
4523 3558
6911 1114
2304 4456
5027 2774
431 4487
5023 3668
6250 6221
1075 662
1981 3423
1625 1610
4874 414
5548 6266
2465 6618
6041 3335
5984 6953
3845 4308
79 6996
6405 498
5751 1409
4225 5286
3805 1717
3662 6466
6593 4854
6459 3257
6003 5551
2566 6195
1557 4257
3394 4470
579 1169
1434 5923
2658 340
2434 5451
4671 1486
6363 5921
5118 5034
5447 4998
2928 4480
395 114
3408 6688
5394 3535
3672 6276
2712 3639
1132 6417
5153 5130
5304 6497
2017 1014
3172 1969
607 1078
3448 6619
2137 2059
5181 29
1604 1961
6079 3316
6826 1355
6259 5301
4569 6826
2926 3283
4706 4336
28 4172
5796 5518
6602 6344
4157 3136
3207 5949
4489 89
1318 2464
5490 3550
4390 1430
366 748
5629 6892
3351 6343
5895 2527
538 1153
5916 1865
1770 2656
4740 4994
281 23
5022 5454
5528 5765
4489 1125
3677 4179
819 1119
1488 2311
3677 2889
2620 1235
2666 6578
6891 2265
854 3391
2786 4117
1802 1940
2870 3137
2137 1263
1453 6698
5040 4029
2704 3697
1327 1032
3330 2263
4387 6715
6138 6822
4328 3108
2204 3822
4259 3827
707 3236
6764 3985
6653 6210
2129 3756
6084 3304
1524 369
4904 3839
6948 3890
5527 1826
3416 50
2777 2362
2532 6122
2728 4757
367 3942
4515 296
1547 4777
5279 6608
5007 2650
1834 346
3945 1016
6033 6262
5141 6407
687 959
5308 853
6803 5003
6152 2786
2285 2360
2028 6023
1035 351
5764 5191
198 2895
5513 2499
3875 2968
651 2907
1007 343
2015 2603
6918 6704
5851 4500
854 609
5395 5677
6961 564
6949 5420
978 3769
2900 6701
4997 625
6936 315
3705 1909
4902 3891
4610 6079
5729 821
4386 3880
5808 122
6832 5897
5972 1042
1569 6672
2068 5962
1565 6608
3778 2876
4818 2694
4250 5312
258 3549
1444 2142
84 6980
4757 2555
2958 4934
1406 6725
1360 4818
6591 5694
743 957
4804 4999
4154 4259
759 4465
3454 829
313 4012
3149 6423
2184 333
3142 1655
707 1592
6087 2096
2499 1354
3970 4813
6520 225
4758 2936
5994 176
1178 749
1500 682
6200 6660
4706 3925
881 1263
2416 1139
4821 540
202 793
4535 130
5228 698
6947 6125
2417 4638
1918 3072
2310 242
2660 5078
470 2616
725 1611
6133 1191
5235 5196
4020 728
1292 3556
6688 1119
6257 369
6837 5365
5653 1245
5763 2343
4085 36
2831 394
4822 2624
1845 6366
3903 5914
1158 4810
4487 281
5196 3459
5578 1943
2428 3159
143 2879
3868 5359
4779 1036
707 2003
5152 6149
4819 1487
811 3476
4980 410
373 2281
32 3937
3123 4052
1341 2143
5879 1144
5055 1198
1212 5993
6817 3606
3328 1895
1372 4481
1063 1535
6884 6117
756 525
2346 4111
3282 3750
1945 833
1784 3205
3232 6672
2413 5617
5628 4849
3078 3609
1132 600
4935 212
3218 5218
2520 6733
2131 3683
3767 1423
2132 1007
6006 6297
1722 3112
4254 3300
4742 3746
235 2479
5910 1596
3295 5578
2128 3293
1155 3025
1617 6065
1380 5415
2399 2643
3688 1820
1452 2639
3335 550
2474 755
6639 44
5987 6429
439 368
4359 4393
5026 6052
1028 4043
3129 4985
4365 2411
1593 6996
5884 2639
2921 4623
4424 4547
124 6997
797 3200
2369 5925
4027 2306
4449 6993
3918 4281
350 1991
4635 433
6026 5364
4717 2584
5862 4123
2779 3799
3330 6117
1561 5177
6011 5746
4427 2536
3215 122
4893 1329
2204 5788
6791 2860
1450 883
4039 3725
3410 2087
5411 1142
905 2736
3962 6922
3550 6011
5022 5999
483 3021
6309 1307
3441 861
1447 3636
4832 6897
2878 776
2611 1295
774 4909
6387 2878
935 1931
5384 531
1023 158
148 6763
5875 3905
2535 2165
2315 1272
3999 5613
6360 6953
1721 5090
1382 4554
51 6409
409 6230
3850 2734
4830 3045
4528 1345
5019 2143
2893 5523
2868 3758
4717 832
5941 1803
4749 5699
297 856
1765 822
6594 3619
4942 6125
1904 646
1979 4276
4880 317
4185 5933
6206 1023
1438 6397
6903 4270
5952 3671
1597 5447
1170 688
2647 4549
57 5352
955 6184
1956 4989
5610 772
3342 2529
5365 2922
5091 2656
5683 6773
3949 4363
1952 1645
5057 465
3290 1467
5367 2943
5852 5404
6754 3813
6956 2103
5452 6687
4861 1922
5660 3443
245 3054
418 4478
4283 1690
5101 571
5936 3841
4285 1031
1099 3945
5451 1967
4149 1864
6415 6051
3690 384
4267 4775
2245 21
3208 762
971 1876
1499 6512
4743 5575
5791 2489
3463 2170
4959 1288
2951 6716
1188 4252
1917 1566
5618 6285
3607 542
4068 4705
4400 6189
917 5221
4028 2537
5066 329
191 3019
6 36
6659 2357
734 6948
5955 5728
6086 5550
4843 4819
5459 693
3876 5111
1120 3456
6879 3289
3178 3819
1587 6537
4565 260
3243 4163
2122 739
4706 2242
3046 392
2398 6904
2720 3048
2416 401
6597 1138
1628 6775
3920 4952
1309 4120
314 3100
5342 3258
686 1669
6405 4688
6253 113
3612 316
1819 3893
4143 1866
598 379
5785 561
1699 5814
5255 3675
3088 3136
4973 6192
1611 47
2586 4566
6460 3805
2537 4514
2069 1354
3429 4709
393 314
5902 1985
5441 3363
2404 6804
885 1163
1889 5828
5237 2486
6241 2538
3094 1279
328 970
859 4293
1846 3664
839 847
6926 6107
931 3179
2296 4858
4422 4667
1744 4847
241 5025
1089 5920
4624 722
6062 3001
2270 3302
4111 4630
1655 90
5448 5087
2783 4658
2377 5293
2596 5791
3563 3330
3421 673
2911 6400
385 2887
6365 5595
114 5121
2586 3601
4709 6354
4897 4005
5507 4797
3894 4140
1291 4237
5460 6387
3743 3119
1582 4437
6274 3107
5218 3232
5657 1712
2331 2152
2234 2521
3927 4165
2596 4563
4008 6246
3592 3270
2121 6184
6424 639
5921 5430
730 3985
5718 1330
445 2474
4095 38
5609 2289
5252 1133
6045 6547
3961 2112
6978 489
5810 5566
1341 584
2881 6837
973 3443
803 902
6186 395
433 3389
1115 5304
5876 4183
1525 1411
1715 6058
4567 6325
169 482
3644 803
2589 4898
3830 5035
3933 5791
3501 6115
1353 6981
5157 5292
4938 3495
285 2875
2600 2382
6869 3808
5406 1860
6913 3074
4641 6142
1440 6140
6103 2722
2882 2047
1392 367
2694 859
5351 6259
3019 4823
112 5747
5445 1698
2817 2635
5208 656
504 2231
5367 5670
3045 6707
5763 1509
1454 5651
614 4754
407 4158
3822 4556
4603 4501
2571 6433
5822 5125
1112 86
3010 2272
5104 5614
6071 6978
2381 3798
1559 3699
2108 1745
2923 5034
5704 6791
136 966
3454 2397
6121 150
1705 6652
1980 2533
1838 429
622 2288
840 226
1125 6566
1448 816
3519 457
1786 2245
4984 1832
6391 2316
5009 3098
3911 5231
5373 438
6867 4228
6043 4708
3024 6677
6597 672
1076 788
6758 2197
5399 4094
492 4276
3353 4360
1236 1515
5395 5080
1791 2579
6653 6139
1034 3612
6299 2148
2656 1842
2247 2754
2430 2923
154 2286
6783 5285
4513 6190
3253 363
2414 1953
1152 4326
1772 4940
1789 1804
5481 682
6365 3399
2291 3764
1323 5601
6707 3528
4664 860
4216 6060
3281 4303
4969 4109
4449 5182
1637 2097
1699 4609
4300 1474
3125 5545
3271 6932
929 1337
2544 150
494 4643
5607 551
2091 3864
4517 1143
3422 2631
1463 4742
2392 5315
3361 2330
704 1588
3764 3989
120 3370
4041 3182
5761 6035
4922 5860
4436 6238
5918 3668
970 6472
351 4839
1182 326
6605 3465
2007 5823
2642 3814
5332 1432
5373 208
4099 325
5741 5822
1673 1252
3130 894
5414 2559
2498 4911
5999 1782
2542 6518
1764 450
2728 2670
3029 1679
147 5423
3296 5444
3595 2045
4519 377
2623 3960
4441 3311
2073 796
1206 3257
4051 1312
886 4676
5834 5409
3966 4659
1917 5439
4128 6038
1908 154
3847 2169
3769 161
5642 6402
1009 5121
768 6
3338 1235
2554 4040
1174 1511
6086 1372
2520 6190
5958 5165
3193 5230
3320 2614
527 5948
6193 2332
6766 3066
3162 5151
3140 4559
2318 2510
1147 967
6072 1093
4386 1761
6994 1992
3146 3404
138 3217
3593 1319
5117 5389
2791 4447
3704 4041
2020 5457
5916 453
798 3784
4464 6730
6273 1519
1420 1173
307 5630
5470 1950
5407 4050
741 1954
6684 800
1629 3716
4451 2084
4211 2958
2434 2202
1638 6445
1257 6586
4013 3490
390 6341
4090 4758
1303 6905
6270 4627
4083 4603
3116 6024
4141 3794
1082 416
1904 5595
1459 3084
4031 788
2660 3939
4985 430
4197 4148
4630 6113
2905 6589
4614 4135
964 1714
3764 3341
6628 5353
6255 6118
3158 6967
6328 4784
4960 1023
1338 5892
5785 1249
2191 138
3459 2436
4739 3226
692 2129
1988 8
317 2457
4583 6696
205 1580
3598 3688
5651 3008
4479 1456
4819 621
5196 437
4593 3779
1103 6419
2104 243
3724 1002
4711 4025
60 635
2867 6240
3296 1081
2184 3150
3465 5497
5079 5625
6468 2181
3137 2886
3832 2338
1198 609
3939 1790
2562 2460
6207 4008
212 4580
2154 1467
4021 1357
1796 2220
1503 3840
2652 4188
4471 6757
6058 6754
4705 5298
810 1113
2298 6894
449 480
4129 4
4954 4757
6563 2194
3200 1388
1572 5476
2417 5371
2145 4102
2560 3155
5362 2183
4226 4543
2921 1326
345 4041
168 5113
344 5566
1252 5031
1705 3808
2670 5468
1022 2991
5192 1659
5647 6374
2213 5519
2586 700
4483 5647
6437 3044
3475 1151
2879 3773
5350 215
6398 953
1852 348
5403 5394
872 4365
1098 417
6606 2718
5727 4867
5597 1523
6729 1577
4800 4791
4615 1523
561 850
4807 4926
5989 1769
945 5810
4115 2929
1517 3732
2017 1207
4601 1264
952 6232
2658 160
6086 5416
621 3026
4571 2381
3714 6413
5056 3786
422 2003
2591 260
1760 2337
158 1959
2214 2628
3202 5016
4872 5259
5685 3980
512 4854
1012 4834
5628 86
2435 3849
2021 1925
4389 358
292 1668
6422 631
6968 2174
4664 2883
1238 862
4816 4071
3145 804
5546 4465
4524 4613
5098 742
1242 945
2538 4933
5361 5503
6091 6386
4233 6105
6631 683
1760 3973
525 2897
133 3051
6379 6183
6803 3137
4698 1200
1829 3943
2609 1712
3455 3101
4266 5911
4161 2306
1208 87
3032 1887
2883 1427
2247 3376
6086 1438
6721 2984
5076 6873
6024 6248
5150 4282
149 5801
5386 3619
535 1898
2127 6744
6159 1012
6640 5579
1252 254
1335 3526
5977 2180
6814 3644
104 6088
1466 6039
3115 4937
2976 596
3912 6331
170 6042
1496 5970
3798 4621
629 3015
1472 4669
3850 6622
6587 2192
5047 4587
1551 6294
1016 1855
2649 3133
3462 313
4618 5995
5889 134
798 1581
686 3609
3409 6920
516 3250
5840 4445
5859 278
6717 5609
4855 2508
6888 4861
1397 3654
225 5590
3064 2539
5326 394
640 6674
3723 5458
3798 5692
3485 5081
3924 2467
4086 6969
1037 1101
3970 5721
4956 688
6881 5013
912 1737
3084 2273
3693 5078
1684 4628
5757 5551
2765 5634
3349 4684
5305 3854
2116 829
1643 660
5172 5836
97 698
1044 6798
6280 6006
2840 5433
4866 656
2689 1562
6296 4006
2943 1141
5540 285
2285 5672
828 544
4800 5704
884 3462
5209 104
5744 3199
5210 6781
1018 2087
6115 3903
939 1893
1570 1088
5010 6533
496 4561
3271 4192
3927 2503
942 1564
5592 2687
1034 1097
1492 2647
548 5495
2170 118
3925 3415
293 5242
958 5676
2948 4936
384 539
560 1171
216 719
563 1435
2957 4264
506 5127
4322 4029
2269 3254
4210 5259
4376 6336
4152 2320
1237 4956
6531 5836
1221 5729
1638 2989
3313 648
233 2440
5676 1250
562 4512
5112 4848
1513 6700
6675 6795
2506 5861
4729 2263
4065 236
34 5197
2297 6507
181 4383
1535 2385
2729 217
4511 2229
4990 2292
1969 538
6411 5691
5019 5872
6658 5740
334 2212
6119 308
795 529
5945 959
4944 3796
6800 4606
962 5969
2780 5717
6613 4849
1124 5488
6059 6266
2363 5867
3303 5107
2764 4924
1915 3440
4359 511
5078 3433
4717 764
6063 4650
6774 56
1475 90
175 1840
5849 3432
4085 2435
6264 4330
2890 6626
1285 213
4437 1033
5477 4249
4142 4753
3138 3743
1837 3593
3305 5952
6023 737
6791 6698
2354 4357
4083 6484
5325 2105
305 3667
6804 1475
4552 5137
1774 551
4102 1613
6021 3468
1224 5327
3551 2112
4065 1449
3936 725
5244 5337
674 3339
2040 610
6948 4080
6165 1800
442 3350
2627 3879
2113 402
6436 6847
5237 327
6787 4118
5324 6428
6035 6615
6808 5697
4403 1637
4770 735
4124 5116
1500 3175
4439 3548
1646 6665
2912 539
4646 3156
6215 6937
1013 517
314 888
4980 5231
3091 6489
661 2711
2372 1724
1280 6934
5129 3377
6796 2959
3705 2697
3449 4770
234 3861
2545 1409
3597 3992
4565 1437
1389 486
3107 3670
5810 3643
1989 5129
249 6583
6938 2785
6406 1700
6222 6586
3167 5380
5829 469
5482 1585
4624 2021
6975 4837
3160 1181
5697 5710
2901 936
5030 6169
5125 4068
1714 4514
3860 2258
2301 429
4143 4220
4799 2629
4395 162
5448 2975
949 2552
1454 6652
5451 883
6200 1972
720 1722
340 6511
2904 832
2793 1073
2711 1744
2006 2921
4816 1415
2956 2979
105 6385
4227 3426
6846 826
2181 3436
1108 468
2513 2814
4968 5360
5382 6664
2367 5927
2370 3254
5735 1619
2223 3214
6164 2935
779 6733
2734 6089
2944 570
305 6773
3817 3756
6134 5989
1310 2926
1074 3727
6758 5402
3462 2647
2886 3877
192 4823
6918 5389
3078 1317
1917 2470
6928 2775
4699 4568
2407 6673
2321 6249
6586 278
2254 5478
2392 2790
3221 5094
6002 1717
1598 6052
4930 6393
5950 5786
1046 2917
3664 5801
5031 4848
432 4973
4753 746
5968 3521
3754 3885
2824 6134
4748 199
2784 235
1100 3163
1829 5243
2221 6372
4154 6683
6983 3132
2468 6142
2463 4335
143 4192
2328 1691
3552 3796
5366 4157
4243 1726
2302 3369
654 6721
6360 2229
3976 4899
5294 2990
4576 2611
5049 2885
3448 3495
2 1315
206 2936
118 218
5632 594
12 3280
4684 1851
5203 1989
6704 383
475 2435
6282 5483
5221 807
5076 6397
3806 4486
6280 6319
2864 2277
142 4440
6396 2589
2989 3998
2280 2370
3029 6073
6183 3535
6264 5712
2515 171
6407 2581
3276 2436
6280 480
2355 3527
3518 5697
734 3188
6672 3551
5805 1450
1338 4049
5533 4091
4799 2032
4840 5962
5383 2475
4539 5639
1423 5809
3588 6812
4596 3055
6118 3012
3861 3811
4976 4057
1853 5221
6809 2723
3849 561
4858 3105
6726 622
6859 4067
6497 256
1928 1078
270 3382
3523 4523
2707 267
1378 3734
4191 5935
3149 6260
700 3683
919 34
2759 5242
4083 6420
2627 3757
6209 3010
765 4519
4148 1124
1866 1801
3236 6256
6653 4546
2341 2127
6678 720
5183 4092
5387 968
706 1541
1099 1088
2210 3804
4061 2115
5635 5995
6951 2260
3981 2601
1561 5905
3133 5520
5616 2727
6240 6158
3210 6353
5998 1886
946 221
190 4196
6679 1802
2458 4237
1870 6060
6459 6729
4622 5560
4782 1414
4770 1492
1841 6586
6084 1856
6892 6312
864 4214
4845 5569
3205 513
1521 5923
2096 5799
800 3337
29 116
1486 1277
2764 4454
21 523
6324 2047
97 6873
4712 3874
5656 3436
2258 94
1238 5821
3915 3699
309 4388
34 1219
1014 1336
4961 2728
5192 4736
3709 3525
3715 1631
5553 3869
6055 130
6546 3259
475 3597
5950 5285
6417 2812
4396 6718
82 4845
6712 1896
6475 2997
5117 1515
6670 650
5183 2267
2104 6720
4799 1431
1677 2264
73 5915
1946 2912
5742 2582
3516 5259
4149 4309
6597 790
993 913
6343 1290
5635 292
5280 246
243 391
1546 4945
5516 4393
5686 6474
6961 3892
4759 4013
363 6740
3069 4026
6394 6011
528 106
1419 3712
1380 795
1913 364
5043 3814
4577 2408
2183 6049
929 702
4823 960
6876 3356
699 2232
4596 335
6345 5424
5126 4054
2667 4294
584 3082
4883 4290
5277 424
3628 5229
25 5985
6334 5725
4403 2373
5520 3967
2887 3222
268 5523
4792 2283
1685 4691
6535 1645
6831 5062
45 5439
2752 4118
1406 165
5684 6192
6661 2464
5597 3406
5707 1859
834 2752
539 6673
4186 5872
4804 528
5579 5995
5032 963
5527 2053
3361 1463
6900 3603
1543 6877
469 1236
1663 3442
5612 1518
6579 6360
1672 5087
4723 2216
5898 1795
4621 4945
371 5475
1460 2926
6258 5986
2639 3151
4884 1667
3030 1581
3923 5849
6776 5202
3034 438
4027 812
6685 2500
1068 2944
5281 2218
6649 2386
2244 6006
320 2030
688 4947
4412 3237
5568 1393
3962 3941
1314 4003
1023 4647
936 1888
1236 4606
658 6990
2561 4178
6503 221
2879 539
3380 4361
6650 1732
2670 3532
4938 3265
5757 6066
713 4810
280 4004
5397 3526
6541 3005
6540 4744
5444 4647
5597 5285
2387 2207
215 3198
4020 3545
4201 6258
499 760
1018 6349
1098 3602
3739 3175
4327 570
1110 4028
774 5425
534 5857
4492 2072
4166 923
622 1009
1989 428
1118 1355
916 6657
5190 6624
4195 1818
335 6076
721 560
3808 3449
1174 5830
2162 1427
4947 4693
6847 3161
99 2353
1642 3577
5541 6532
973 1931
6962 4059
337 124
3637 5968
10 6092
4437 4558
3243 1659
6525 6041
2941 660
5911 3548
5467 4629
1679 5248
354 1465
96 579
4509 6332
3647 5104
2900 764
1867 2507
5377 524
4706 2138
6046 2783
6954 2164
345 6554
4286 1943
5778 4400
5527 1069
891 5046
5924 1975
6045 1259
2643 1666
6094 3534
5808 4770
1700 692
3061 2796
1877 2478
1042 5958
3483 3183
4484 2697
2066 5057
3572 5452
3360 6601
2266 3597
3283 6643
9 1556
2356 4485
428 4283
6478 2771
1025 1843
1300 4833
6191 3669
6724 3256
1208 3101
685 4887
895 4804
4571 6882
5718 6459
384 1294
2559 6831
5598 3904
1973 365
819 2566
6798 6910
734 6735
1115 4871
5875 2695
413 5314
1700 4041
578 1979
4412 2436
1776 6859
6300 4159
1264 6984
2657 642
6332 2098
1248 2530
942 1151
4103 6596
4426 418
1547 4959
3895 2873
655 6934
3784 6440
1548 4880
2912 2921
3918 2032
5850 2132
6919 6092
1673 123
5006 4509
5659 1048
1128 5254
1568 1311
5538 2041
4463 1820
617 5458
6531 5889
4831 1105
1636 3818
1759 2056
3762 3161
5760 5507
6150 1451
4551 3079
6887 5825
6365 1903
3671 586
3107 64
1666 2950
1341 3864
6593 5109
110 2695
555 1001
6946 2596
6267 6105
3566 4442
6185 2527
3199 448
2650 1133
2744 2754
1535 3524
6184 5918
848 1730
5560 1107
6033 3710
1022 2019
49 5111
1566 2485
5036 4778
1042 4373
1507 1033
5958 6575
4919 4764
5173 6447
1028 4732
2568 2027
4977 6861
6832 1790
5412 3996
5701 2625
3388 6691
6956 4059
6377 1651
991 6837
4663 2539
408 3530
1794 2032
2371 5533
2862 683
2634 3422
2955 550
1049 5192
1000 4850
5121 5335
1262 2189
2099 1076
1201 3432
5465 6054
1811 5405
3956 134
3669 4656
5635 2329
971 1277
2126 4042
4023 4555
5738 1199
3230 5526
521 1813
3315 1397
831 6052
4806 3673
5030 2211
6616 6823
2358 4216
3166 5813
5815 5101
6187 1514
6843 3691
4708 6997
2409 3488
5021 4994
295 2731
4540 3147
1944 3173
1825 1994
1540 6310
5874 3893
4793 6786
1187 2636
5224 4503
934 393
5905 5566
1555 3340
3100 2759
3044 6862
2434 5363
2811 1395
4285 6994
2084 2078
3837 4477
672 2295
4238 6895
3071 3897
5982 1802
687 6642
1646 2456
660 3584
4985 259
6912 5848
5158 2092
4945 3019
6119 1939
6650 4393
5860 6615
5163 6226
3554 3797
6936 3845
305 2882
3514 4658
5213 1185
436 4813
5039 3762
915 4293
6235 6373
368 2711
3487 306
6844 599
5151 2538
2029 233
189 3973
2255 4593
5359 716
6939 1685
6958 876
5109 356
4938 4250
5694 859
4476 2792
466 1440
5219 5435
4699 2212
4932 5748
5192 6462
4045 4168
5996 5145
3280 4285
34 3535
5349 6938
2767 1690
1871 560
4509 2854
4134 6342
2218 5663
4701 3531
5842 3351
2087 3809
4318 5926
2183 4346
271 5666
2749 295
346 2975
748 5164
6382 115
3936 4610
2109 4217
4790 3905
6768 3998
6897 2857
201 873
559 3841
6467 3829
6601 2301
13 3039
1222 5018
2289 2652
6072 3638
6518 2970
3829 4935
1032 5989
5691 5724
1034 4244
1300 5541
1121 2393
338 2967
2436 3367
3585 5650
3829 1663
3147 350
2011 3592
837 6173
1887 4258
4082 5800
5261 1679
3770 788
6339 1102
1400 5483
1477 4445
402 5941
6211 6042
1695 1515
9 1936
2957 380
2355 124
6676 1286
1300 4843
1025 6585
1607 2755
1036 1141
6522 4467
2222 4413
6272 4457
3840 1601
1857 1835
3798 4105
4088 3124
2307 3423
2870 5476
4 5394
5229 76
6110 1308
431 2455
6270 1529
2911 5359
4615 4112
2485 3865
6156 1206
2310 5334
6276 4481
1349 6638
1953 4051
4184 1804
5080 5821
617 5512
2900 1014
2786 5334
1547 4226
6731 4397
1286 6257
1891 143
2348 1310
507 4405
1141 4893
4520 6089
4757 127
1243 1271
4115 2350
5920 4337
3318 3744
5719 4196
6538 5531
169 5293
5281 1668
3942 5629
6528 5788
480 4348
3683 977
3823 198
1358 4200
6752 1072
3382 6182
3280 1601
3796 6360
2665 6994
1566 6128
1895 4269
951 643
2254 1557
1595 139
6435 4952
6690 6051
6675 2326
3110 6917
5105 2986
6677 3528
1124 3862
1589 3393
2992 4101
5217 5136
5806 3935
3956 3654
3203 2191
2867 3921
4541 3381
4426 1371
623 3851
2604 613
4053 2666
3839 5936
2293 4726
140 544
2965 4987
6546 6874
3634 3513
2978 524
3381 6159
4280 215
6579 2541
3995 2230
4426 4196
1990 1909
4096 2688
4976 5673
3914 1044
6792 2601
488 722
4958 453
3001 1620
6621 2936
50 4060
3902 2604
5469 3879
5581 1125
4563 5443
6106 6036
4840 4235
2731 2203
4324 3801
5657 422
4331 6317
440 4849
3317 2620
1744 2373
1793 416
437 4991
4028 3963
4841 3006
418 3165
2560 262
5992 2410
475 4404
4211 4119
3978 6347
195 3528
1813 917
28 1310
3003 6458
1050 633
4110 136
3272 3230
1919 4031
1867 2968
6135 4972
3942 1821
3948 2416
6143 6288
564 2519
6002 5887
5401 1606
1908 3425
4678 5115
6320 2274
5986 6593
5968 3811
3021 3450
3195 1874
3724 2987
4347 6721
4174 3696
3293 4541
1969 6300
3102 2149
6753 6926
5022 1979
855 130
4425 4241
2038 3783
1366 530
4818 4504
6214 5066
2334 4953
2396 328
1313 5512
4242 969
3649 5590
6919 5771
5191 1520
1746 4610
1987 3584
3326 436
1678 14
688 5655
823 4558
2880 1661
6156 6167
426 3424
4177 3755
3600 4652
6470 1573
5039 6222
5606 4738
4474 5200
6987 380
5780 3309
48 280
1250 6527
1007 123
874 6383
5603 769
3993 4658
1722 1989
3062 1643
2457 3348
5554 6704
3347 968
362 5546
2675 1624
6617 3960
1271 4512
5061 5455
4684 5841
5784 2034
6415 5048
6468 3012
6202 6562
59 4142
1758 1420
1287 1649
141 330
4134 2984
6459 3078
3868 2779
2942 4286
6793 5362
2641 4309
4126 3256
4103 2907
4313 3486
1738 2669
324 3739
4320 6807
5110 3198
4054 2005
6405 4012
6252 1677
3678 5955
5316 2378
3148 3812
3889 4819
3176 6775
2629 454
5583 5605
6477 891
1243 6807
3954 5807
4764 2056
677 2792
5729 5433
395 2497
6822 2684
983 924
5960 4965
1708 1450
1804 1029
1460 3731
3016 3185
585 6860
919 6317
2355 6043
6056 4090
2338 4217
5542 6712
6392 4468
5283 423
5441 2038
39 4209
4454 1449
4777 1600
202 2407
6757 3710
4632 1039
3392 2760
6504 6459
6872 693
3842 5042
1298 2624
6572 3684
5304 5609
2467 1277
6724 6106
1615 798
4974 3792
3584 1838
3637 5775
5582 6323
5301 211
644 2211
1195 5371
2999 4
2642 3671
2489 1121
6941 2864
4885 534
2953 3940
1716 5756
3827 5923
3178 0
6375 6581
5826 953
6744 550
2027 440
6547 3613
1360 6306
3490 2649
4081 5819
949 1141
654 3340
6444 1140
5026 1666
6607 1243
5131 4084
1182 698
5892 6131
6748 1944
3162 6170
3997 2030
3798 4150
1116 3143
2523 5695
4398 1388
5511 1948
1942 2505
1461 1673
3500 286
5320 1333
2630 2939
5276 2013
1916 4160
3490 5110
572 2864
4722 431
2188 5194
3583 1713
6328 1193
1896 2420
333 4240
4190 1340
2352 1138
128 5798
2090 465
442 5906
4622 2977
3630 739
2626 2147
3004 5286
5083 3099
1250 2527
3381 2219
4313 747
6182 291
5738 894
5617 1052
5430 5252
6229 1489
2949 2177
559 1504
3398 3203
36 698
3945 6064
3258 4015
3501 6387
5173 4446
3876 6408
3063 6962
1312 1629
2887 2021
704 1049
5842 620
3903 1230
3172 1491
546 2094
4259 6642
1037 5634
519 6327
1205 1128
1611 4225
966 1639
4536 2272
6533 6749
4423 2874
5248 5197
2653 6188
4155 2225
6769 1438
6388 6642
3377 389
4927 537
1876 485
3520 2085
515 6396
82 1536
6547 2983
170 567
3917 1648
2154 881
2982 1538
1515 6668
2511 6527
5039 1245
2184 398
3213 3286
4532 4523
3948 4305
929 6442
6523 5328
3516 2989
4462 1882
4694 5504
1326 3336
4404 481
5512 6781
4138 6662
3029 3379
1925 4077
6299 3926
5929 273
5275 3279
46 1968
4101 382
4307 3001
6037 2332
3977 5137
1156 2497
4361 747
1087 2826
4197 4029
2899 1811
3808 5498
6378 6950
5460 3631
539 3029
924 245
417 3835
2952 6449
2839 746
1643 6918
1331 5928
6071 225
5684 3360
6205 3413
3066 2964
5299 3978
6003 3177
3087 5488
5243 2188
2361 1622
4100 1294
4192 3813
3313 1584
1127 1329
4269 4417
3647 5699
2428 28
1704 4833
1997 5793
3145 31
20 2126
2234 705
106 5407
2262 3345
1625 990
494 955
3003 901
3014 2817
1332 5553
2995 2638
3109 525
3346 980
5773 3395
6767 4792
3976 3461
872 1043
907 1504
5160 6036
4022 5113
4472 148
3436 5725
3678 6672
6419 6105
2415 3123
6234 1517
6290 4681
5208 52
3868 4517
3134 624
1602 6260
6389 6246
5157 6412
1057 3996
44 641
6360 6269
785 3711
1799 5988
1615 879
2805 3614
6036 4093
3026 2610
2343 1343
5103 6388
3739 3333
5347 1003
1054 586
1296 4365
3129 272
5740 4071
5119 5297
3378 6148
6163 2368
2298 5815
1852 3800
6262 6299
1246 899
4772 3925
5249 5789
2406 5479
3653 6645
4072 3873
5034 6021
3106 774
6992 4078
3028 2696
501 2336
3979 6565
1269 3604
1259 5368
6857 880
620 6688
1702 1519
3430 5782
5108 4770
2730 1112
4632 3494
6825 2204
6269 5272
5400 5758
1330 2461
2079 3340
1744 609
2971 5549
6354 6321
4365 5965
4529 2486
193 2164
5844 2651
910 4785
1182 3600
5367 5405
3765 3336
227 819
554 2604
3167 628
6876 3231
6364 2899
3711 5797
5266 839
6877 3187
1153 1480
6830 3111
4155 3034
586 2164
4664 3465
5425 5966
5822 714
3028 6899
80 6397
6909 2018
1506 6753
2297 4205
4198 5794
5541 4504
1791 291
4041 6397
4584 3954
578 6648
5659 3994
5533 6967
6820 1259
6110 1292
6549 4834
1220 6915
1192 2234
1653 3002
621 6072
3721 5274
1317 5285
6028 3762
1258 1821
4707 4578
557 2975
3781 4571
4523 1082
1816 5247
5393 596
593 90
1669 3443
3559 3207
6420 6840
4787 1283
5761 4308
2950 5812
4902 4161
3389 5484
1805 2839
4090 1243
5714 3256
516 2978
3252 1710
229 2370
3451 3747
532 758
227 483
1263 4091
5884 6318
6911 3959
5361 4598
4863 6015
6350 4997
3488 6037
6633 1292
839 579
3596 2941
6112 1630
233 1118
3706 4452
5108 903
502 6464
3746 2425
3431 3102
1412 5249
4793 2337
4518 4224
1035 606
5431 4853
428 6897
4466 4043
710 6686
647 1054
2786 640
2485 5117
4872 5892
4876 2513
1413 2614
624 4480
5075 1151
4076 2664
4945 6339
978 919
4515 2499
3140 883
2521 2922
6481 2803
3994 1715
4264 4894
4445 868
4992 6296
4084 4556
2377 4109
2173 1572
6477 5670
4840 6261
932 419
2121 6342
158 3371
6044 6473
5430 3593
285 3689
5428 2229
624 2235
4894 4865
234 649
3569 3820
921 4798
1610 1154
1266 6011
2596 3647
692 6749
2872 4366
6017 3892
572 1127
6991 2258
1575 3040
712 5569
1245 3994
5099 4379
2827 4441
5084 2516
5744 6829
15 75
1723 6345
1806 4180
6480 4955
1194 6252
1450 2566
2715 2686
4108 4336
1299 3530
492 5383
4776 1870
4949 4861
4718 5369
2882 24
5459 1524
3869 6109
6900 761
5703 813
1932 2089
556 4595
1779 6591
5095 4122
6821 6099
2331 6824
273 2329
1584 4133
2177 4509
366 6313
2946 4187
2227 3380
5416 2985
1362 3434
5745 3665
393 1091
704 5800
5340 2368
4605 761
3618 3653
2866 6467
5713 2587
5719 1934
3069 1821
653 15
2934 5399
3563 4545
1385 6839
1591 5304
5929 4993
4492 4015
1414 5646
6583 3416
3787 4474
1742 6751
3372 3312
2692 6291
3370 704
1969 6982
5464 702
1840 4750
1151 6231
4598 2072
2030 4996
5019 3759
5319 127
2052 4707
5454 6871
6917 6286
70 3611
4153 3779
6738 5477
4067 2064
2950 2905
5901 305
4568 2079
1889 6261
1746 6256
3887 5653
4428 3904
738 5178
5819 285
1502 883
1582 6951
3025 3784
896 3049
4296 780
1392 6067
4477 3460
2533 389
1952 424
2066 4340
1574 4605
3862 3430
6355 2686
3554 4535
1642 561
6645 4102
27 841
5959 5442
4557 965
1811 5451
5472 736
2485 589
5291 6291
6022 6811
6509 4883
5599 288
4598 4820
3569 5097
1992 24
5531 4108
468 3723
2458 1809
5916 593
6802 2488
2112 2413
4992 2171
6783 88
1312 608
624 6067
2990 1026
1056 1635
61 4685
2189 2043
2066 6233
2992 5476
3361 1915
917 2118
4668 147
2017 6688
5377 3708
403 1937
4200 378
3493 867
2268 1122
5182 6470
2546 1475
1510 6114
1693 323
260 1333
5479 2979
2819 272
6635 4302
2818 3816
1825 3689
2122 1195
6232 5690
3552 994
5243 1191
704 5840
777 2950
2578 6963
1253 3630
5979 6979
1005 1842
2780 5581
6706 451
3840 763
4135 744
1134 6182
1072 5778
3289 3101
3239 5420
3911 6221
685 4014
4232 6798
4085 3733
6137 3960
6847 885
3051 5037
6072 5240
894 5058
2832 5191
1401 4676
49 2310
4951 5473
2220 6412
2702 450
6527 2462
3527 6282
751 5757
797 2965
287 2029
2444 39
6666 1910
5321 6041
2612 317
2064 3779
5268 982
3517 3083
6125 2513
6303 5960
3738 997
1201 4038
2040 6418
2619 6362
6014 4747
4683 616
3878 3662
86 2716
398 2750
5737 4406
3129 5592
851 2796
6532 4458
393 4830
138 5656
6818 1048
4461 2524
795 4264
3871 2285
2823 4690
5383 4641
5672 5028
5118 1066
4359 277
332 2660
1649 2652
1452 3538
2162 6916
4790 671
4301 2706
3208 48
3896 40
4999 2583
1617 1340
3877 4110
6802 2643
2343 6715
630 4481
1274 3215
5439 1603
384 3062
3536 6772
4252 3322
2834 2950
5198 235
5053 4274
6828 5998
5279 2589
3234 995
3272 6744
39 2064
2930 5270
109 3228
2800 19
5664 5972
3064 4816
6984 1123
4261 5375
4015 4302
3315 2004
928 3456
1008 2646
4695 5000
98 3892
1067 3011
5782 4673
803 22
6435 3425
6197 4274
6874 2719
2820 6910
927 5262
4059 6150
4554 3389
1504 1765
4953 636
702 1575
5442 3308
1289 5451
3892 2424
6670 267
2983 4413
6145 4770
1649 90
4129 3380
5992 2999
3377 772
518 2375
3473 6622
621 4155
5350 436
2124 4997
5061 741
1078 1959
4310 2402
5054 6820
1699 4997
4235 6032
1057 1834
2686 4112
6 4851
1690 3688
6670 5332
1603 3374
6509 3944
1127 563
2372 1330
5100 5887
4238 5234
5488 6194
6848 1472
401 6423
2378 5103
6593 2281
1176 2849
4868 6223
3231 4834
6837 1853
3476 1517
2323 4501
4782 201
6677 6787
3248 1438
4026 4616
138 4844
6089 5252
3860 1908
6460 2959
1778 4972
5591 5211
2677 441
5724 4612
6082 5161
4284 6921
1463 4522
2911 5129
3462 1717
2985 80
420 2379
3647 2248
487 957
262 1795
5470 1983
2871 2954
4995 889
6452 1093
1125 5254
1166 3769
3510 2531
5694 253
6415 3936
242 2832
4438 3602
5359 930
6784 2378
4997 4019
6895 4658
4086 5229
5548 6381
3429 3808
2962 6437
2052 3521
2692 886
4781 344
6623 4517
2262 6525
1500 1774
1913 6618
3381 90
2813 1504
5330 1458
2786 4372
6436 2479
4861 6584
5427 223
1509 1779
1243 4871
5415 3124
3826 373
5885 1691
6002 3149
3734 2795
5715 6789
3002 2355
2985 3437
1997 2145
5457 6339
3685 800
3795 2033
1310 5448
5888 4599
6082 3523
4029 5910
5062 30
6406 162
3280 4595
5789 388
4107 2944
3648 2088
5484 2924
1754 1024
2236 5754
1641 1448
2955 2256
4867 2075
6722 3335
1896 5082
1085 517
5320 3626
2348 3899
5546 1786
3121 6910
6907 137
5820 2472
6318 4490
2943 3613
388 2573
589 2383
5058 783
5420 3900
5862 6982
1021 4931
1576 5047
1646 3890
2190 16
538 4272
3694 6074
154 2259
2826 1283
1483 5751
434 2240
3474 1990
3656 3277
795 1503
5693 2810
4710 3544
6811 3285
5316 4649
1127 5697
1565 1109
2559 2263
1201 3992
2357 220
1904 6311
1829 6432
2479 1800
2649 5739
6864 6456
5188 3257
525 5240
4420 2067
5094 1188
3798 3193
6909 3030
1719 622
3978 1297
4403 5046
2694 4687
3947 517
1809 5995
5559 3550
3338 5749
6550 2371
4249 131
2565 4508
5384 6613
5322 4879
2498 419
1874 919
1169 4880
6968 6611
2631 4866
1387 334
55 2392
3292 4005
4061 1668
6537 5358
4915 4036
6489 4276
5670 3641
3743 2455
4290 6302
2233 5481
1322 1992
5884 4116
69 817
5378 1977
2206 1651
5307 4024
1674 4503
4171 157
999 5207
1269 4974
6534 4472
5297 6473
6259 6658
5996 36
4094 6552
1666 3114
5406 2645
2445 5012
544 3585
3044 317
1818 4778
5692 39
6511 4038
226 1519
6763 4530
2929 6726
4263 5284
5344 6903
5492 3675
3452 3981
3151 6967
6921 4051
1348 4875
406 619
4656 1228
5870 6543
5321 2804
2242 6697
3158 1729
1921 6707
3503 3270
3674 5196
6996 550
3024 2091
2009 1722
3914 2608
4791 4981
5507 5900
1995 4622
490 395
5734 222
1331 3670
6489 2844
1296 620
6878 2560
1895 4194
4892 5493
6003 1070
6698 4557
2364 2080
686 4566
192 4997
1577 4468
3449 2773
2219 1929
3589 6539
1324 2592
2815 23
5060 1608
5985 5712
3511 3690
4489 3058
6727 5453
4865 1543
588 5663
3232 6039
938 1044
6770 6900
1141 3763
2157 3460
3682 4515
6083 2403
4248 3949
4726 6105
232 5180
851 4431
4777 175
1455 1483
5588 5167
445 5570
6582 4813
569 494
3472 2353
1501 5068
2602 5035
5707 2418
52 6025
556 6097
3236 4140
6772 6847
3547 2142
605 5864
5249 1329
4540 739
3814 3276
5489 5186
1963 3245
3822 193
1049 1424
6854 5724
1260 2395
6593 342
3957 2466
895 4148
1948 1666
3637 4928
1191 2202
1082 3454
4489 24
6970 6718
2857 2806
2085 1390
2200 2789
1256 4236
1818 3666
5407 1918
4661 920
4043 2756
4567 5655
5553 5072
6235 4088
2698 5503
3062 2081
2994 3329
2290 3018
4520 4353
3617 3688
4442 1120
6412 6535
6099 340
4713 4312
351 609
1376 5696
6016 2128
3667 3850
5724 2823
6719 303
2908 406
2859 306
6293 6067
3678 3035
6964 2013
4076 2545
2650 516
4132 148
2146 3650
4500 1024
2431 3571
6601 2537
4803 2092
3513 4396
4943 4393
4908 4707
1523 5362
1500 2454
4145 6303
3771 507
4202 3582
1809 1734
822 6536
3558 4978
4548 929
4663 2437
6647 786
6754 6666
3217 3276
3593 2098
5419 1993
4336 5772
6397 5300
4227 2400
1250 4493
1733 1642
2381 6428
3175 157
530 2250
548 6094
1941 2890
5025 1124
2063 6848
2632 4022
6297 1689
5104 4195
6054 5139
784 6789
1354 2064
6711 1071
972 1217
6586 6582
838 2665
5 262
919 2881
6289 3303
1310 4577
4410 5424
5054 1982
1213 6174
1301 6721
2175 1099
1455 3357
3930 368
1404 3505
152 6617
4489 4222
2947 6451
504 21
3459 2428
6344 6729
6392 738
683 6939
6345 476
6452 4162
1151 1134
3025 1520
2057 1746
244 2631
4442 5590
1460 5717
5038 6338
6632 4886
1902 5779
321 839
4104 2208
5073 1455
1038 4804
5117 878
4827 160
3057 4831
4027 442
5228 2477
1808 293
5818 6927
4089 5592
4988 222
6206 3226
6185 3552
4749 6004
341 3112
5990 5650
6572 3393
4593 2800
2307 3836
2612 4828
1191 5083
2092 3201
5392 4356
5406 6806
2634 6198
3336 2194
6295 4111
5437 2159
5763 1123
6904 2086
1341 6763
4070 3014
6741 1813
3635 2182
5284 2488
272 2652
3088 1498
5122 1138
5901 5388
5984 1596
648 6982
3148 106
151 706
363 6410
3993 3333
5896 3493
2682 1637
1162 885
2107 3071
3029 6302
5721 6698
6422 14
862 4694
4679 115
4462 818
4490 4967
3392 6489
70 6690
299 6305
6044 5395
3793 5129
1423 2498
6738 241
4985 2980
2955 5604
2884 138
6767 896
5636 1341
5826 2810
917 241
1452 5612
3305 1974
3031 6557
3837 206
5220 765
2230 6671
5623 587
1609 3439
3089 2971
963 2112
2513 4339
4971 4859
3505 4178
2830 2537
1460 6987
619 3988
5216 6974
6282 944
2592 2468
2398 2656
4435 4993
2155 3347
2771 2788
757 881
3050 1983
2121 4391
4501 4185
1328 2922
2181 2444
1776 2072
4713 3298
1397 3681
5800 709
2183 5420
6243 6581
1229 4116
2708 2399
5906 65
6675 1166
6124 2750
2179 2830
3680 5037
4615 4819
2977 4465
1691 4560
6870 3855
3717 6329
6236 6081
1745 3623
5671 6771
5450 5152
6683 5543
3986 615
1264 6278
5802 871
2192 1628
3559 2215
879 3132
2853 1197
3781 4183
4494 6385
6614 883
6488 4192
1910 1734
6588 5633
57 2925
4107 393
1929 3840
1124 4229
2363 6714
6990 3274
4778 1224
5865 708
4962 6992
1202 6600
2576 4737
6774 5542
1295 6888
1108 5914
5422 6754
433 2916
5152 200
5193 287
6562 6124
5732 1917
4860 4553
1107 1306
735 6251
433 3754
5945 3248
4883 922
1510 4884
3176 1296
3958 3750
2819 3133
6999 1530
6923 1753
186 5636
867 1784
6047 4443
1099 4917
690 2981
2733 5492
2748 922
3770 5792
3157 1060
97 1966
2213 6474
5956 156
6365 1980
4324 4759
6801 1055
2125 4357
5657 1188
3843 2247
1505 6844
453 2777
4664 4238
2308 2498
3908 139
2052 6033
157 4748
1010 3167
5481 2755
2829 3599
1266 6836
4270 1767
5742 5180
6640 465
1801 3892
6708 2985
5548 6963
382 5122
3244 5440
5699 1581
1204 6920
2246 3907
6466 102
6944 3768
2809 3531
6720 4706
4036 449
1705 3087
1323 6132
5931 4845
5567 5036
5229 508
1834 3482
5910 1581
270 5788
2111 3526
4524 2966
4385 3175
483 2956
1228 6265
1029 5866
2273 6929
3902 3145
1251 3337
6229 32
4841 1020
1330 427
350 5418
3011 1448
1660 2406
962 548
5672 5638
4595 1488
5832 6996
2786 1454
5874 6019
5992 4674
60 2871
2024 2674
3071 1046
2331 2010
6364 6598
5946 507
5615 3819
2366 5385
8 3587
3728 592
2704 5916
5537 437
1303 5729
5310 3539
245 4889
147 4148
1532 105
1734 780
3980 5118
5093 240
813 4345
2770 1524
56 6711
941 2133
5180 5096
2118 1001
3353 936
5100 2395
4412 3201
6459 2784
6778 3901
5037 4510
3993 3449
4968 1928
1649 4522
6472 681
5366 6427
1662 229
4026 3684
4923 4376
980 3
2773 2552
2867 3303
4591 1154
2424 5708
6503 5104
481 933
6105 5816
4889 5441
4643 1238
3041 6180
6360 1432
3985 3865
5738 6601
1830 242
5810 4527
5208 51
4732 1498
4986 3746
5771 2978
1617 6704
4728 5803
3792 1320
5839 3738
6135 1672
5736 2885
5350 4710
899 4161
294 4580
4175 6279
4385 6020
5301 3721
28 3372
6091 4124
3243 3402
4430 1182
467 624
6813 1797
1523 3185
6393 996
4054 2437
1130 5801
6845 4639
1676 1006
1193 6768
6050 5003
2934 2808
5792 2046
747 1042
155 3625
2104 3351
3264 2466
1202 6032
1886 2757
2954 3860
1503 6914
3818 5144
6712 1205
243 4331
4557 395
254 4918
3075 4132
1467 3578
2812 2645
1817 5235
957 2634
777 3379
5882 3956
4210 3179
1079 4809
5311 1364
6150 655
6770 1726
2914 5494
6952 4751
4143 1602
802 5520
4811 3764
6485 4834
1462 6194
1799 3819
3607 878
1822 3575
3211 6202
2441 2541
6958 837
5478 3147
1330 5097
3115 5399
5523 1507
4095 6416
3540 4093
5562 3913
3606 1897
4873 6603
4107 550
4055 2597
5655 3893
2296 3080
4753 4936
1459 4475
3199 4120
4837 2000
6791 2420
6840 4922
1282 1842
2838 2302
6904 673
3776 3436
3676 5602
3110 1937
255 3208
357 5690
4891 2347
1896 6778
1448 4374
2769 1320
4833 1589
2064 5407
1822 5129
4910 3768
3712 4701
2538 3267
5128 1946
3175 3813
4212 4255
3799 1451
3316 6289
270 1203
300 2959
3834 4659
1148 3478
4537 1053
6633 4523
3122 6189
6344 1578
3380 2235
1877 5877
1817 4243
5400 4599
1183 1449
3265 5777
687 6131
1490 5765
5211 835
1552 6911
3161 2497
3583 2818
4431 3826
1740 5162
1348 5933
1020 3085
3135 4443
1801 2225
4515 966
1745 1949
1736 5056
2117 6838
2148 4147
3761 4167
2880 5990
6712 3563
4657 1663
1586 3369
1371 4305
4315 4447
361 6454
42 678
4622 1015
1068 3248
956 6043
4772 5651
2731 175
5171 2965
5603 5609
3609 2878
1627 1693
4601 1939
2205 6016
6950 89
444 2921
6617 3980
4201 3034
5360 3091
509 3390
6566 1077
1592 3017
1821 6689
2323 6292
1176 1581
1355 5620
1491 3374
2212 2481
6094 3470
6206 4124
2385 1129
430 3744
6062 589
5692 6074
5873 4291
1271 5529
1003 5857
4203 4139
5728 4904
1530 1709
5435 1290
2569 5734
4131 3114
6071 3925
4371 4415
4222 3226
1733 5110
3426 38
3794 1875
6477 4244
4293 3326
1509 1876
4442 4403
1010 1334
4052 2013
4398 4988
346 496
418 3193
4395 2383
816 2509
5751 5842
4005 6766
6968 564
5372 4940
2025 2944
2725 783
326 2124
6768 3360
3288 1646
724 1280
5486 5566
3490 3571
3865 3733
2770 237
3505 4350
4443 1172
5920 6863
531 3359
225 6541
944 5760
6039 4667
4627 4482
1228 3717
1453 4133
6638 3964
2363 6350
6477 3626
416 6465
2909 1592
6408 692
2639 3796
5213 5397
1352 4112
3965 5717
673 4275
411 5858
1932 709
6011 6410
263 1759
4296 2153
6767 493
5227 2885
183 3952
1066 3116
4916 1832
895 5501
2549 5288
1775 3910
5883 4932
601 3312
643 572
5881 4902
1429 3473
998 4821
3928 5836
6771 5138
4829 1743
215 232
2821 2715
3435 3565
4062 5762
6910 5760
1653 860
5236 2611
4896 992
4756 3728
1669 80
6392 4358
205 2477
794 4442
2900 2285
4197 18
1414 942
3954 6784
2386 6590
3187 6910
6465 1047
4023 6033
6036 5219
1457 3141
2184 5490
1040 260
6699 5163
6992 6198
3649 6077
3134 5446
4440 339
5010 670
2406 4432
2757 1143
5908 6475
3668 5899
6485 4820
2990 1590
1046 6439
6103 6141
4623 3886
5288 6311
5684 994
5202 170
3644 2044
4585 1612
1062 969
6078 5665
3477 1179
5741 4777
1116 91
993 1919
5466 3596
29 2465
6114 6257
6439 3465
793 1415
405 1621
5047 3818
6691 6887
1794 6946
3990 5175
1666 74
5472 6043
124 4759
3738 4753
1469 686
4570 2378
2662 370
3041 6661
3969 2240
6803 2471
3571 6141
6190 5872
6626 6004
4609 6079
2787 3358
2583 277
1397 544
4958 1931
6753 4051
2156 4869
3959 3649
2596 2152
412 5384
2923 5504
3351 5180
6593 5519
3249 2223
4244 2288
1404 680
2414 4817
4586 6153
3061 6412
2104 4539
322 2452
893 6102
2792 6244
5408 2771
6476 790
4855 4133
3994 6723
2611 1122
6807 2662
6011 3829
4343 5187
697 4218
2928 4790
5788 4565
4267 3052
2009 2701
1145 853
6425 2525
3029 186
4023 6157
1446 4521
1601 4346
4435 6519
5760 46
102 3303
4691 3820
3828 6564
1991 5157
3441 4792
5371 3143
1908 3617
5365 1105
6375 5070
5737 6423
1482 1504
1297 4410
1089 3905
6460 4853
3435 3682
5644 4866
2395 3757
578 440
4738 3440
142 2264
6733 5056
5482 1483
2128 3871
2216 6501
6288 3626
6288 1151
2130 3016
2543 2516
1970 2707
4386 2232
6602 4339
626 6297
5614 4251
4838 3291
2961 5420
5421 3601
2811 2517
4091 2759
899 2442
4823 792
4769 550
5639 4442
1343 566
6329 4361
3746 3942
3134 5222
2934 2709
788 5228
1876 6713
6526 625
4895 4279
3623 3
1546 2598
2555 5115
869 6963
5419 4312
5846 5416
6051 2759
1857 1802
90 4549
4548 5610
1199 6419
2403 676
1149 858
6798 4374
2812 4928
6752 5436
165 1706
1490 4543
4925 1628
428 899
3126 4565
931 4899
5374 711
2045 1524
4031 777
4857 1475
1902 6015
6447 3740
2546 2682
5636 6298
2973 5579
2433 6282
3366 943
3538 2444
3960 4481
5496 4156
5051 2750
2048 2987
4579 4532
3242 4185
5404 4648
4159 1371
6843 1627
1704 288
72 6712
5715 4859
1871 2017
4199 457
3559 4018
4936 5992
4336 4321
2991 6910
2838 854
4431 5175
5765 812
2741 2371
762 5036
2282 3236
1670 2414
2315 1907
4219 2899
3211 5563
6258 1649
6575 2805
2235 2900
2656 4545
5154 2624
828 4564
1094 3540
6936 5118
4631 3589
1930 488
775 1653
5985 385
2314 3069
1594 3211
2835 2190
6115 5732
4853 298
5627 4121
6505 2529
2821 2838
2534 5225
4750 3081
5056 2318
2202 4440
2898 2125
2532 4038
3342 1152
201 6632
6256 5276
2534 5632
5388 4160
1719 503
6805 4685
6986 4341
3386 4548
3718 2895
5703 4565
5271 5202
4858 6738
2182 1837
3510 776
5821 1012
4605 3742
2024 1789
5132 4158
2566 2823
410 6499
5622 5384
2910 2295
2904 4257
6890 4789
5589 3035
1526 4522
4602 2682
2472 4791
6097 2156
3513 5719
2732 1837
2428 4542
2737 2665
3423 2778
958 3949
3718 3450
5609 2574
430 4154
3246 2079
1385 5807
4791 4801
5673 3985
1944 2750
6191 4643
6784 2991
5754 4199
6121 326
1900 971
5093 5308
253 817
6083 2604
2886 5723
334 1543
1056 864
3461 6547
1163 1849
1502 1605
415 5909
6453 4813
3789 1982
5994 3551
485 6376
2051 5676
3356 6711
3949 6604
6697 2330
936 5496
98 3214
4814 1275
5390 4800
2276 487
1937 504
1969 5208
6694 1984
1775 2223
3100 897
885 5219
222 1453
6795 1996
64 6081
3508 5487
884 6562
5913 2480
