70
4900
7 49
69 17
59 37
13 2
17 26
25 32
2 45
58 2
29 14
61 42
7 17
23 9
64 22
66 45
50 22
65 30
47 27
53 58
19 32
34 43
39 20
48 35
66 24
48 9
57 69
26 50
44 45
68 39
66 17
33 1
32 19
30 67
45 34
11 66
9 8
52 56
9 65
69 6
41 14
46 26
5 18
37 43
68 7
32 37
4 42
0 22
53 16
63 69
56 3
27 38
18 51
43 7
12 11
3 66
57 39
46 65
33 42
36 54
37 27
61 31
12 63
19 50
13 31
7 13
9 44
60 13
18 35
39 48
50 6
46 50
68 27
48 21
20 28
62 21
51 55
15 51
40 30
69 48
16 22
59 20
16 59
11 36
57 12
50 22
27 2
36 43
39 0
23 19
9 49
12 29
36 40
6 15
61 8
31 3
12 51
59 22
30 49
42 59
24 32
55 26
64 45
34 53
0 21
17 40
41 56
39 36
19 43
30 7
17 24
0 15
48 43
25 66
13 36
48 44
68 20
15 52
23 31
69 42
10 47
45 35
32 44
26 65
56 2
34 24
26 50
59 31
54 4
62 24
14 65
33 59
3 1
57 2
35 17
54 49
32 67
7 37
28 17
59 10
11 62
69 23
51 49
27 30
27 28
60 27
64 34
67 6
54 46
16 23
26 2
59 45
45 38
41 54
57 50
2 65
38 64
60 48
40 13
35 3
2 37
8 43
24 35
10 5
38 47
48 61
57 45
32 35
65 19
41 69
24 39
46 23
35 32
15 21
0 65
12 27
5 39
47 31
33 21
2 37
55 57
29 66
58 41
33 8
38 53
40 51
48 55
29 69
39 2
9 5
68 63
54 11
32 29
45 10
4 14
0 56
26 44
3 51
15 30
19 39
35 44
44 63
42 21
49 8
52 5
44 40
48 19
3 37
6 59
43 24
50 12
24 20
23 39
1 8
53 31
28 0
21 56
5 22
55 44
61 56
15 38
33 62
60 51
0 45
20 10
48 69
55 18
52 2
8 1
37 28
41 22
10 1
35 45
9 34
39 15
65 20
7 15
24 32
41 50
47 39
26 61
5 8
61 34
43 14
42 52
22 27
54 9
55 48
5 20
52 64
50 62
32 8
57 55
30 13
37 6
11 60
40 44
5 50
56 68
60 15
32 37
12 63
44 30
0 46
50 60
6 56
27 68
2 64
18 25
43 0
33 59
0 33
52 67
18 59
34 68
64 38
47 64
5 14
42 67
63 2
25 22
55 53
62 18
66 2
53 36
23 41
54 68
53 39
21 63
40 30
29 14
51 2
56 4
58 47
27 39
29 34
11 34
45 43
61 2
30 41
49 21
48 40
24 68
46 31
25 62
37 42
41 16
27 39
50 3
19 17
55 7
62 26
50 67
27 52
7 35
37 56
40 67
66 59
33 40
58 18
33 40
50 8
0 55
32 47
49 56
39 40
69 7
46 50
60 51
33 41
51 47
18 64
9 56
25 67
40 47
46 68
32 47
20 36
35 40
56 18
26 39
16 61
49 63
5 8
17 29
44 0
60 4
34 43
50 5
1 62
48 59
46 44
51 56
1 58
60 56
20 48
13 11
66 19
34 24
12 43
13 31
25 48
9 29
2 30
37 66
39 60
62 35
5 41
16 0
24 2
17 57
9 20
52 26
18 25
19 38
11 1
56 6
24 38
35 58
54 16
51 38
6 58
25 63
45 47
51 68
13 69
48 58
53 41
37 4
18 5
49 10
61 66
25 64
48 67
27 5
33 21
9 67
3 53
25 10
17 43
7 53
25 66
51 40
55 20
37 22
48 11
51 65
27 10
35 57
5 4
31 61
12 67
33 11
35 5
17 55
37 3
34 49
9 38
40 69
48 31
48 12
3 31
43 5
39 22
4 5
69 2
36 38
63 1
14 61
26 60
62 64
39 11
21 42
42 20
25 64
31 34
28 30
54 50
53 8
38 52
28 37
7 8
30 15
47 41
63 44
32 57
61 28
69 66
13 39
54 52
68 25
41 48
61 32
9 29
51 20
57 49
32 12
61 48
48 60
42 66
43 34
30 16
34 53
21 62
57 3
33 18
18 0
41 29
62 42
34 69
23 35
56 45
6 51
9 1
64 12
48 14
30 9
30 10
69 49
26 11
43 37
16 28
27 17
59 47
66 10
65 3
13 54
22 38
4 30
40 29
4 37
39 53
9 67
6 59
24 9
45 40
15 43
55 68
23 60
23 15
12 47
25 26
67 23
50 16
26 24
21 41
19 21
57 69
27 41
68 55
35 20
29 6
63 44
62 53
3 49
57 60
58 49
9 61
13 7
48 50
31 24
14 47
45 44
43 18
23 57
0 2
38 61
17 19
45 21
34 21
0 34
38 64
18 1
37 61
49 19
14 55
42 17
27 64
31 51
6 35
34 49
33 50
0 64
48 29
48 34
66 58
66 16
41 7
18 69
5 64
11 41
44 21
57 41
41 20
55 42
38 60
33 5
69 58
14 64
67 3
47 55
42 55
29 35
30 42
38 35
69 5
17 39
35 38
68 14
5 69
20 0
26 64
11 10
40 46
68 36
59 37
68 8
50 34
4 58
0 23
30 66
34 14
18 35
60 29
4 39
59 0
35 51
36 53
14 16
15 48
25 29
43 10
11 36
21 46
12 3
29 68
33 22
41 23
48 59
55 61
14 60
47 1
63 38
15 13
26 30
53 8
16 1
45 35
48 64
7 58
64 52
48 3
11 46
62 61
32 35
6 47
25 52
35 29
15 69
30 60
4 13
53 42
5 63
17 27
61 7
36 13
43 31
6 37
8 46
19 32
31 21
60 30
20 6
29 46
45 46
43 48
0 36
0 33
19 25
67 63
17 64
5 60
46 39
44 1
30 42
17 37
19 43
21 35
8 68
39 66
19 44
13 23
69 30
31 49
43 33
59 18
63 55
62 9
40 57
2 51
50 12
63 19
32 47
61 4
62 8
34 40
8 55
28 11
57 8
26 49
29 33
56 7
46 20
9 42
64 68
47 23
68 46
34 16
6 12
27 44
56 13
23 34
66 38
25 17
6 57
51 38
47 39
29 52
60 42
24 9
25 68
58 52
23 53
3 44
57 51
63 30
60 46
33 37
62 64
53 30
11 2
2 69
47 45
38 51
27 3
18 32
32 1
29 3
41 11
29 4
51 32
61 8
7 24
51 23
24 53
68 31
49 50
64 49
7 24
40 22
24 4
27 3
63 16
19 33
58 36
55 42
52 46
46 9
38 16
30 5
24 9
58 22
34 40
62 35
66 63
7 56
17 25
40 11
57 12
49 16
27 35
41 24
69 63
67 3
57 37
51 64
35 42
68 49
33 67
47 65
39 57
20 14
4 29
36 25
6 53
0 28
14 18
6 63
58 12
50 10
51 58
68 67
63 64
8 26
0 10
18 19
0 5
22 49
41 27
18 69
9 59
25 8
0 20
59 69
65 7
10 52
49 38
47 25
60 34
23 1
52 23
40 12
41 63
13 30
44 20
67 46
54 5
54 34
18 14
3 7
21 41
61 20
44 4
11 53
25 68
31 16
57 61
69 67
27 36
10 63
38 47
13 35
39 16
69 62
32 39
65 4
32 35
23 15
15 20
18 28
25 17
9 2
56 20
54 15
45 64
53 14
33 37
0 65
10 33
28 51
50 56
67 48
43 14
46 0
54 52
3 53
62 24
27 13
19 7
20 30
38 14
2 12
62 68
6 55
55 64
10 48
14 29
4 26
9 6
30 0
37 20
38 18
10 64
35 14
0 13
37 36
48 5
11 29
48 17
44 10
66 59
18 69
1 46
42 53
36 37
26 14
49 68
43 55
30 60
8 15
52 48
34 51
10 46
59 47
32 51
46 68
47 9
35 44
51 59
47 40
20 17
65 28
23 38
10 19
30 34
22 15
51 61
53 41
41 45
69 18
2 25
0 12
30 53
54 27
10 40
55 5
40 69
31 7
4 26
10 21
35 46
45 33
14 13
5 2
16 61
46 14
11 65
4 46
14 57
53 22
61 57
15 8
3 39
39 60
19 35
47 50
14 46
23 14
8 28
60 27
8 28
6 46
54 65
54 33
10 63
55 66
63 51
46 54
67 18
18 3
27 14
22 33
42 62
56 46
47 59
44 55
44 21
14 51
27 21
54 3
38 37
32 16
52 60
29 66
57 47
2 41
63 59
3 51
33 9
16 47
9 30
13 10
60 16
49 21
4 53
51 26
51 11
52 23
55 63
27 55
35 54
55 1
4 51
60 36
18 40
20 26
46 30
39 69
34 25
36 21
68 17
60 27
22 1
37 23
61 2
5 68
27 4
51 55
3 26
12 25
68 34
49 24
9 65
63 29
5 43
14 59
47 33
59 41
60 42
8 9
32 21
13 11
1 11
1 33
32 23
30 17
0 49
25 17
8 6
53 49
9 61
29 30
35 42
7 5
63 61
49 48
54 25
62 19
13 67
31 55
35 62
69 13
37 34
58 55
48 54
50 2
61 49
0 6
26 9
56 54
0 54
34 2
5 29
42 43
30 28
10 49
20 24
61 14
38 48
63 68
53 49
41 59
49 54
8 42
62 25
23 31
34 38
7 65
62 65
53 35
36 28
43 36
46 8
43 37
15 0
47 16
66 2
17 53
50 51
12 51
30 9
31 60
55 49
4 43
56 18
11 49
61 66
59 68
28 54
46 49
19 20
18 6
30 47
1 5
50 40
8 38
27 2
47 63
68 26
46 4
22 66
49 21
32 19
25 57
14 24
26 37
3 5
47 36
40 32
37 4
66 33
53 37
19 34
64 17
7 66
36 21
61 48
20 11
37 10
41 28
18 21
61 62
64 46
19 6
18 48
64 9
23 52
29 37
47 30
27 28
68 16
27 44
11 4
58 19
19 22
61 37
11 21
48 46
10 33
33 30
31 49
39 60
34 66
19 10
9 69
63 45
35 26
18 30
27 30
54 66
51 62
14 40
23 40
22 67
41 40
10 30
62 49
39 20
31 22
53 56
59 34
38 24
17 30
20 65
4 47
40 8
14 69
16 24
26 16
21 51
39 38
17 63
8 21
40 0
33 11
22 9
52 30
21 38
11 26
53 40
36 10
5 3
31 63
18 44
67 3
47 61
34 0
48 61
48 67
22 45
11 16
21 19
57 37
15 55
65 28
16 54
6 2
21 36
59 41
14 65
30 11
50 6
19 52
46 62
31 46
19 43
32 57
38 20
45 0
14 61
23 17
43 61
10 39
55 13
35 8
34 16
26 47
6 1
9 65
34 21
12 18
32 34
60 30
38 22
48 12
36 9
17 10
33 64
49 44
57 51
53 17
53 58
47 33
1 6
27 17
45 2
63 49
45 52
63 51
58 22
27 64
5 53
33 8
42 30
51 60
64 12
28 49
49 50
31 46
2 9
24 45
35 42
39 65
42 23
33 43
48 32
36 49
6 7
55 52
47 55
0 12
42 22
45 44
14 44
0 29
67 41
41 58
62 20
26 64
62 53
48 18
44 19
48 69
7 57
53 52
41 30
23 66
12 42
19 0
5 56
63 17
20 63
47 4
34 48
61 22
16 64
64 34
17 29
60 36
6 17
47 59
16 52
30 68
56 45
56 46
52 18
4 67
59 9
64 50
18 10
29 44
42 50
3 33
22 45
55 32
50 61
69 52
28 29
59 7
49 51
57 0
59 14
21 14
8 12
68 30
4 67
39 31
6 27
42 54
53 65
27 14
1 14
43 5
52 46
8 50
43 38
66 35
69 42
32 18
8 23
40 24
31 33
3 8
48 47
16 21
8 59
13 56
41 35
27 13
44 67
19 41
69 17
41 0
26 45
5 45
30 24
29 24
67 14
55 7
4 26
5 36
37 24
36 21
69 26
49 55
3 14
42 5
4 69
35 11
48 67
35 36
68 16
56 30
45 52
37 69
15 40
14 43
16 65
40 43
39 14
66 36
34 55
52 4
24 68
69 50
15 35
66 43
22 48
57 61
23 11
10 57
47 22
1 10
41 26
30 8
3 59
63 69
68 35
10 37
27 38
57 24
25 31
58 29
28 25
40 6
60 14
66 42
68 31
68 13
44 39
58 21
49 16
27 63
63 22
7 0
47 21
65 59
61 7
1 68
56 19
10 53
28 8
35 30
32 35
21 28
1 32
25 23
59 44
28 23
27 50
54 0
35 41
14 34
37 1
11 65
42 28
29 17
0 25
44 63
13 61
25 13
8 38
29 17
7 36
10 17
47 57
27 64
21 30
51 22
57 50
50 53
17 46
43 63
67 54
13 21
42 44
0 44
59 31
27 8
56 69
6 48
38 48
46 14
34 22
66 63
6 35
22 45
68 19
35 65
6 34
55 2
63 64
15 18
43 37
26 24
43 27
61 53
8 7
6 2
21 57
7 27
64 48
9 32
17 37
57 49
41 44
51 62
21 29
47 49
56 38
53 28
6 54
50 53
2 5
29 53
53 16
57 11
37 42
41 58
55 25
39 37
63 4
59 29
63 40
30 32
17 68
29 15
55 11
39 47
41 9
30 15
18 63
35 63
44 35
9 31
12 42
42 27
46 53
45 18
46 38
39 59
25 32
40 36
22 60
48 23
18 34
10 65
61 64
47 54
41 9
30 14
48 49
14 21
45 55
28 52
69 22
13 5
55 47
55 43
57 0
63 25
0 68
46 29
17 5
63 29
28 46
7 46
48 21
67 6
13 66
68 47
23 65
17 28
22 12
51 36
3 68
28 24
37 15
1 44
34 13
40 7
37 1
34 60
25 55
22 41
45 51
38 69
43 22
49 27
5 42
59 38
68 25
10 6
18 65
10 58
22 63
37 57
8 35
57 18
59 28
0 32
12 56
22 44
16 42
40 7
10 8
30 39
24 12
61 60
56 62
5 8
21 45
63 41
57 22
16 4
69 2
14 8
31 15
65 7
31 43
11 49
53 60
64 30
24 14
7 12
38 11
58 26
38 25
57 14
54 48
67 46
43 39
61 40
22 60
43 12
30 21
48 46
42 24
39 47
19 58
13 64
21 28
68 37
28 48
11 38
25 27
36 43
68 0
31 57
55 57
58 37
53 35
15 50
9 29
42 38
19 43
8 16
46 60
50 4
45 54
12 50
43 21
51 20
67 21
69 37
52 53
29 58
56 15
48 8
61 13
35 53
19 31
21 37
13 8
29 55
26 69
20 53
41 19
10 8
56 5
22 28
33 13
44 24
69 51
10 58
32 18
13 7
66 45
26 67
16 51
49 34
41 43
36 24
2 68
64 0
63 20
60 30
48 33
14 53
49 59
20 61
65 25
69 1
48 38
69 65
23 26
63 9
11 20
48 19
64 58
41 11
59 53
31 25
25 6
43 49
68 40
63 33
60 43
60 42
15 20
61 8
51 19
32 40
9 43
35 48
19 26
50 29
67 58
55 61
17 32
57 4
48 23
23 50
47 20
4 45
34 27
46 54
21 61
65 47
49 15
62 0
4 32
52 63
55 68
36 55
62 40
44 57
51 22
18 9
52 45
2 0
3 9
53 23
43 33
46 33
16 68
21 44
44 51
13 49
58 45
3 17
27 66
12 22
68 9
19 47
9 2
36 23
10 0
14 48
43 56
14 1
25 36
0 52
24 40
37 12
51 62
33 5
22 32
64 55
37 38
25 69
17 61
47 58
45 67
32 7
11 46
49 47
16 51
42 63
69 46
54 15
2 15
18 68
53 68
42 3
21 66
19 42
49 60
34 22
58 62
47 1
25 18
41 21
4 44
49 12
2 31
39 47
56 60
37 3
10 68
28 55
27 51
55 40
3 13
53 51
35 24
37 48
25 34
34 0
58 20
42 12
25 14
26 4
27 15
69 1
11 20
35 17
8 58
9 25
4 43
7 29
40 7
13 55
52 39
60 6
46 56
10 14
12 62
40 11
44 20
18 44
8 29
42 39
57 40
7 51
61 7
7 26
43 65
9 60
46 58
61 66
9 15
48 64
61 12
31 53
11 50
44 28
44 29
13 30
53 66
64 34
37 4
16 47
11 37
47 17
34 0
33 34
39 67
17 33
57 3
45 68
68 14
19 21
26 67
35 22
38 31
63 36
27 1
17 33
45 40
29 60
0 58
17 42
26 23
24 2
34 48
56 45
67 69
5 59
44 5
49 43
32 28
46 37
6 20
68 69
58 2
30 53
1 64
8 18
10 20
57 9
7 37
69 55
18 62
10 57
41 62
29 64
27 64
32 19
7 30
10 2
20 38
16 17
65 26
63 6
31 11
28 9
57 61
42 69
56 23
44 40
44 64
33 14
39 31
20 41
18 56
3 58
67 63
67 21
3 9
5 57
24 54
69 45
42 35
12 67
37 35
66 22
32 57
46 5
18 38
59 2
35 64
55 52
59 62
23 62
64 16
2 56
10 5
49 59
33 35
28 38
50 41
65 0
59 69
19 26
29 53
20 59
9 20
62 28
60 1
66 8
32 4
8 11
6 58
35 57
67 53
41 33
21 53
66 21
24 57
30 15
48 60
69 6
38 60
64 14
0 10
32 1
33 65
43 69
21 52
23 36
20 50
60 53
3 33
32 45
25 31
50 62
52 16
47 52
29 46
29 33
33 68
59 42
3 59
14 69
2 24
69 64
31 48
8 18
57 66
60 49
25 7
37 32
30 50
7 20
67 14
7 42
68 48
60 38
56 4
67 7
15 66
27 51
42 17
28 46
24 13
42 52
57 56
16 65
39 60
58 36
48 3
48 16
27 49
47 39
22 0
64 37
69 3
67 60
63 44
17 10
63 3
14 37
8 62
1 50
68 52
42 14
0 59
45 29
7 61
15 8
38 7
42 41
37 19
58 4
9 29
49 43
20 64
51 60
68 31
41 2
11 4
57 21
20 5
14 51
69 44
49 60
69 16
12 54
3 69
40 63
3 38
54 4
8 24
24 34
38 2
58 2
45 7
66 50
8 1
32 4
7 48
25 65
28 14
3 26
43 1
24 3
56 28
13 30
38 7
29 67
28 17
63 66
25 12
52 20
24 64
66 31
31 54
61 18
4 14
24 15
5 23
61 39
49 69
34 53
32 65
24 51
66 14
31 25
2 6
68 37
26 9
15 33
3 48
62 54
40 21
48 37
25 52
18 6
54 21
9 25
9 39
55 62
16 24
1 65
36 24
36 69
56 5
30 19
63 49
40 16
4 55
0 68
2 48
33 49
58 69
7 2
52 50
65 49
14 53
42 8
67 69
53 2
28 64
68 16
61 53
15 6
34 56
48 0
27 55
2 47
10 48
24 31
3 15
15 27
18 65
57 19
60 12
10 52
3 20
4 37
49 62
10 52
8 17
17 47
58 32
40 65
64 69
8 21
23 5
67 68
19 3
56 50
36 9
59 48
33 34
16 0
6 49
14 1
48 49
2 17
31 69
37 35
48 39
45 65
24 14
5 49
17 37
68 10
5 0
46 21
22 59
50 55
14 4
18 1
46 41
47 33
30 21
53 23
53 31
52 21
69 30
7 6
35 67
53 65
53 39
33 37
7 28
51 40
65 8
10 25
55 29
27 50
32 62
2 17
48 44
49 33
4 38
6 13
43 23
41 52
38 10
69 59
4 7
27 31
61 68
53 36
4 45
51 68
41 56
32 22
38 61
6 18
67 38
3 53
48 15
0 43
23 13
60 17
7 23
55 33
9 1
23 5
0 22
23 24
24 64
46 6
47 20
21 13
17 65
47 1
31 0
66 5
44 20
27 6
60 33
1 4
47 8
37 18
61 31
51 37
45 6
32 59
42 47
5 25
47 54
0 24
4 8
67 32
57 65
35 47
20 65
23 12
34 56
61 16
60 36
47 37
50 32
67 18
65 6
7 53
46 63
22 16
53 46
25 20
41 59
20 21
25 66
59 56
66 40
35 21
30 62
46 26
61 16
57 48
63 35
45 0
4 34
46 6
69 61
31 4
10 15
30 45
68 43
15 56
21 44
66 67
62 68
44 58
3 69
58 19
48 11
48 52
50 59
44 29
65 19
13 8
1 61
27 18
50 11
19 31
45 10
53 52
64 13
36 8
18 19
24 21
55 26
0 6
41 57
38 8
2 51
19 12
54 18
12 44
54 5
28 2
38 1
2 31
43 3
63 65
55 24
26 24
0 29
50 41
16 19
20 10
55 38
0 53
44 48
0 38
28 49
63 50
44 2
31 28
45 50
41 3
48 34
68 35
51 19
12 46
51 53
53 8
55 8
68 62
11 26
38 17
47 33
68 23
10 0
55 51
10 35
59 10
53 41
60 63
0 8
62 49
48 39
39 62
47 12
38 33
47 57
65 15
55 49
16 7
9 40
23 35
23 28
10 18
62 67
1 42
65 36
41 57
69 53
33 1
9 32
45 62
10 24
41 69
62 25
54 17
47 60
35 14
1 27
54 41
6 10
3 7
56 0
68 15
66 4
46 45
27 12
54 30
28 33
0 43
43 45
50 55
51 41
13 15
30 1
11 2
10 5
49 13
40 65
16 20
58 36
9 57
24 43
5 66
55 62
32 68
68 57
37 18
4 10
26 12
67 60
20 31
55 69
54 0
32 4
19 6
33 50
52 60
0 54
2 26
19 52
0 24
33 15
0 3
55 56
21 16
2 26
4 11
14 31
67 45
5 23
47 5
42 18
26 57
45 18
26 67
62 12
20 19
12 57
40 58
10 26
61 67
49 68
45 69
44 9
32 38
2 47
15 40
46 19
46 68
63 24
35 61
6 12
16 38
9 51
53 40
35 31
60 32
67 14
26 33
26 45
6 17
28 20
67 11
52 43
69 5
64 67
44 3
8 23
18 49
15 1
61 12
9 41
60 62
0 47
41 54
5 61
62 27
65 45
31 69
45 51
53 61
22 5
43 23
49 56
63 44
68 10
35 39
39 58
53 43
5 54
56 20
22 8
38 21
10 66
25 24
11 59
38 66
28 2
64 61
33 13
66 14
22 29
56 53
47 9
11 18
49 1
16 41
66 59
48 37
27 7
46 27
6 44
42 1
41 53
66 45
47 49
61 39
59 35
44 26
54 55
63 38
58 20
17 67
52 46
34 49
52 16
45 39
25 2
36 14
67 33
47 42
57 58
59 2
2 25
11 64
0 11
13 8
33 5
5 50
6 5
32 35
25 64
27 57
45 27
59 6
44 12
43 28
47 46
63 12
66 55
31 37
3 47
28 44
55 40
12 36
16 43
41 0
9 10
38 5
3 34
60 42
1 55
18 0
9 3
3 8
2 69
49 24
65 14
42 49
39 23
66 5
39 24
4 26
11 44
20 55
5 68
31 35
20 11
60 61
53 16
23 0
47 66
52 69
9 6
1 20
61 25
32 30
33 39
28 61
5 21
6 54
7 33
45 2
45 52
1 53
4 27
37 5
17 29
29 46
41 53
9 23
2 49
66 50
46 39
61 20
5 0
63 38
56 48
66 0
15 56
16 7
55 28
63 52
2 15
54 5
37 4
19 9
30 44
24 26
40 26
24 69
29 22
0 22
42 60
35 9
26 42
65 4
57 9
1 16
66 39
34 19
3 18
3 42
42 8
20 17
53 55
42 45
35 38
61 35
67 50
43 12
64 40
68 15
20 3
43 36
55 11
48 3
31 8
66 37
59 4
17 52
36 33
26 55
34 59
60 51
52 69
54 10
64 10
44 63
27 51
0 58
67 1
0 48
0 41
10 62
1 57
14 12
37 29
3 45
69 40
38 3
66 33
47 64
16 51
69 42
45 69
68 17
34 38
61 57
13 38
0 62
42 13
60 11
10 65
54 66
27 46
55 28
27 56
19 50
32 60
67 32
40 15
3 62
45 3
14 67
26 47
48 33
56 15
19 5
43 38
28 18
19 57
64 14
15 18
28 22
53 63
1 6
63 43
43 35
2 68
35 53
41 44
55 58
30 8
18 46
33 40
18 37
39 6
22 44
13 37
21 19
66 10
55 20
11 53
14 13
67 37
32 20
27 55
30 1
5 61
55 40
33 56
0 8
60 69
54 7
57 63
12 60
55 22
34 62
7 16
9 60
3 43
21 1
7 55
59 11
27 16
36 59
6 65
29 68
30 60
44 37
15 52
24 37
14 64
36 35
29 33
28 57
68 23
60 28
14 65
1 23
22 68
16 11
60 20
24 53
25 40
19 2
56 6
32 21
32 14
3 2
58 2
8 55
2 8
1 53
30 33
43 13
21 1
69 3
30 37
3 48
25 15
3 11
59 4
21 66
58 57
60 56
46 47
18 66
7 64
8 43
54 30
48 11
68 56
14 39
59 4
69 11
24 36
18 58
37 36
55 2
32 55
28 15
1 62
3 49
55 66
58 55
41 16
45 46
55 0
40 59
65 2
25 62
30 59
24 31
22 56
45 4
29 26
69 64
4 17
33 48
6 57
54 1
39 61
1 64
52 19
11 2
13 3
7 44
23 26
1 28
69 59
5 17
0 10
17 28
34 12
41 46
37 19
43 67
1 64
43 49
38 63
22 64
55 64
44 52
41 66
46 39
20 4
12 52
13 66
54 3
18 32
15 27
61 4
6 10
52 49
9 27
8 3
43 37
15 67
33 10
41 7
63 13
12 18
23 0
46 37
47 0
0 7
57 33
29 35
28 3
8 48
55 22
22 9
46 44
48 25
62 64
24 21
41 0
69 13
3 16
61 69
54 67
48 40
6 43
57 43
54 45
9 42
23 20
25 40
4 44
21 17
33 66
1 16
49 67
37 6
49 65
21 67
32 48
55 56
17 3
57 22
25 24
63 33
65 18
11 40
49 14
17 27
40 4
69 63
49 20
30 24
21 58
6 4
56 69
21 62
68 28
64 31
16 19
5 38
12 43
53 12
20 66
63 57
43 42
15 49
61 68
3 64
54 36
32 20
16 50
53 29
31 63
13 14
15 43
10 41
35 22
52 38
14 27
50 25
49 54
25 55
69 41
67 44
63 28
65 37
21 23
30 49
21 48
47 8
34 20
50 20
19 0
11 59
11 6
3 18
8 57
29 9
68 64
63 35
31 56
13 17
39 6
31 63
38 69
10 18
32 58
44 14
28 6
67 24
21 65
4 18
66 37
15 34
46 12
51 56
37 0
56 68
0 45
10 11
65 1
68 34
66 26
45 49
67 1
61 65
48 16
33 31
5 29
44 38
24 69
45 52
66 9
24 34
0 39
66 40
58 63
27 5
67 21
44 63
15 62
10 17
32 33
49 61
7 32
30 42
0 63
53 13
34 31
57 7
1 39
37 27
30 10
62 63
31 25
12 29
65 45
51 24
57 0
56 18
37 69
23 15
3 5
38 16
33 51
32 1
8 69
44 68
60 64
2 20
51 69
41 12
24 66
33 5
30 8
5 58
34 46
64 59
2 44
39 43
33 38
33 40
13 21
24 35
36 46
56 61
38 63
53 13
57 59
25 48
48 36
18 26
22 2
12 45
13 36
59 15
19 53
16 40
35 33
31 4
63 5
67 19
58 34
60 31
10 1
63 6
4 26
55 29
43 6
13 22
37 26
4 40
48 60
22 48
61 40
53 16
3 9
45 66
38 51
32 44
39 1
39 58
32 0
63 68
52 69
67 13
42 62
33 0
36 20
65 37
65 32
23 49
50 26
24 53
53 36
32 65
21 7
9 1
1 27
24 47
19 47
18 11
32 34
64 21
22 51
1 45
65 5
25 14
3 23
28 23
44 23
14 10
1 44
22 49
1 39
11 66
44 39
41 37
55 38
56 21
1 53
38 32
1 51
41 57
24 13
26 4
66 11
12 2
37 30
58 2
38 42
7 53
22 62
22 13
22 51
41 46
62 3
60 4
36 13
66 6
6 9
8 35
59 28
22 49
22 12
61 8
43 26
22 41
30 53
39 29
66 1
1 32
33 59
34 12
10 5
53 8
32 15
47 63
32 43
56 54
63 30
41 63
13 60
51 27
10 35
63 42
53 32
42 41
8 60
61 39
9 40
5 32
3 8
46 34
12 68
5 50
40 61
31 34
14 40
43 52
46 45
16 44
4 53
65 47
40 27
9 55
24 60
17 16
69 10
65 62
42 1
61 56
38 8
43 30
36 60
54 22
61 29
45 47
9 38
30 3
39 66
51 16
37 10
34 65
6 56
12 39
26 34
14 43
41 12
43 21
58 19
68 40
44 39
53 65
8 42
9 57
8 33
18 62
40 33
1 50
40 39
10 68
23 68
33 31
6 30
6 10
46 33
13 9
57 65
15 2
2 33
2 62
18 6
69 57
26 27
14 7
63 61
64 25
43 35
20 45
16 31
48 4
42 54
26 56
36 48
44 10
5 25
63 67
42 47
56 20
21 3
21 42
41 7
53 59
63 45
38 5
66 29
36 25
41 59
53 65
7 59
62 54
48 27
60 8
21 19
29 6
4 55
47 11
32 63
33 21
9 51
27 64
44 50
9 0
38 50
21 14
56 31
59 41
48 54
50 19
6 39
51 24
5 35
24 16
54 40
19 29
21 6
3 37
17 22
39 55
25 66
24 33
31 11
6 37
6 59
69 59
14 47
53 60
37 11
13 40
7 54
10 16
65 35
29 35
45 11
8 14
48 37
59 60
8 55
59 10
17 8
42 59
18 0
47 45
55 32
41 63
9 67
60 39
13 57
53 15
7 44
43 52
22 64
44 30
61 30
1 61
23 31
18 19
60 30
48 17
12 50
9 59
34 13
51 19
51 16
23 29
6 45
7 43
28 68
7 39
26 12
37 51
2 51
55 21
37 22
11 0
59 20
51 55
18 61
52 18
32 49
11 33
37 36
68 67
18 50
23 31
31 10
65 24
54 64
54 30
33 1
29 69
10 7
64 15
19 15
68 53
63 44
41 18
65 28
43 67
8 53
62 15
0 19
66 63
38 29
30 40
12 16
36 65
30 2
45 21
56 66
65 69
18 67
31 10
15 47
34 59
27 51
36 6
39 7
69 6
41 33
46 58
56 15
36 11
55 59
41 21
66 42
48 66
29 26
62 0
22 14
47 34
35 1
14 64
15 8
27 43
20 21
47 13
24 34
45 55
36 64
3 52
55 23
68 50
43 17
13 45
40 51
13 40
69 39
62 22
16 27
0 8
19 13
49 17
34 56
40 54
24 63
26 12
52 26
37 58
18 57
38 19
56 50
35 17
2 24
57 32
66 0
45 3
23 58
49 56
61 4
7 43
39 21
40 62
45 11
11 64
53 41
62 60
19 61
54 56
8 61
57 62
62 5
10 18
58 3
13 9
41 18
20 15
44 53
37 2
49 58
24 40
5 4
65 7
48 7
7 1
19 47
57 29
45 56
10 36
16 19
49 43
43 41
23 56
53 13
19 61
54 18
33 46
65 51
30 53
26 27
40 61
16 30
38 61
22 5
64 43
1 5
4 14
68 51
57 68
37 52
15 37
8 17
18 7
57 28
15 50
20 59
62 34
68 11
14 3
34 28
42 24
57 10
13 52
20 58
46 38
33 27
53 24
10 7
31 21
7 15
25 7
39 34
12 29
42 66
41 19
65 24
49 55
11 30
55 21
30 29
4 6
56 10
34 6
66 31
39 37
14 22
16 39
45 15
57 22
30 43
38 47
58 28
20 60
58 55
7 16
8 33
37 22
66 22
28 33
28 63
50 67
12 34
17 0
52 39
6 5
65 21
67 42
34 18
46 16
24 66
27 62
60 40
65 51
9 36
15 56
29 69
39 34
32 13
33 32
64 42
35 32
61 8
32 21
59 35
22 33
68 31
9 52
36 64
19 10
9 28
39 46
19 62
11 28
63 40
11 67
42 33
65 50
29 44
52 2
55 61
50 37
2 41
11 15
63 64
32 15
47 69
17 43
53 31
56 17
6 22
2 34
30 55
60 16
65 7
54 1
41 27
19 52
14 55
21 24
68 17
32 24
45 20
55 34
12 35
5 56
34 5
68 65
17 46
66 18
54 63
12 39
63 36
61 58
50 61
49 38
65 64
6 51
30 57
2 8
14 54
6 61
6 11
48 67
49 9
63 28
46 4
41 69
38 37
3 45
63 59
16 54
1 43
50 61
63 65
2 56
32 36
9 63
40 10
61 0
51 47
60 39
13 14
29 44
27 2
61 39
55 18
60 17
39 0
20 10
52 54
46 32
68 13
42 64
28 14
39 33
68 50
54 5
51 18
58 23
41 55
1 24
59 52
6 56
2 56
16 60
48 38
34 5
42 68
40 64
25 28
32 38
28 14
47 55
6 48
31 21
39 53
69 60
59 38
9 61
14 67
34 3
46 47
50 10
58 17
48 1
16 38
34 29
6 68
57 8
55 46
31 41
25 30
66 7
67 54
34 51
57 5
16 2
31 6
41 60
12 15
65 6
7 18
57 61
12 24
69 64
37 22
7 27
7 19
60 43
59 48
28 30
9 58
50 22
35 14
0 65
30 44
63 61
69 39
22 62
40 26
12 55
31 0
22 59
2 15
56 45
55 21
15 52
53 56
14 25
62 51
54 27
28 6
45 58
37 63
51 30
69 66
13 48
53 4
64 53
33 27
31 1
33 66
31 24
67 11
24 27
61 62
2 36
57 34
30 15
27 34
63 41
34 12
32 31
9 4
10 60
28 14
41 65
35 12
30 24
11 4
35 15
39 46
35 39
29 11
46 27
43 26
52 65
30 64
22 8
34 49
21 36
35 19
48 40
6 17
47 14
17 63
22 46
61 3
47 61
33 3
1 53
16 42
33 50
50 0
9 15
18 53
20 21
55 66
33 61
38 9
63 55
33 35
36 23
24 48
44 67
57 47
52 0
64 66
41 20
4 40
22 58
9 52
25 46
52 63
22 28
42 0
12 45
50 32
60 14
55 17
52 15
29 5
24 21
58 30
45 65
25 64
16 60
65 6
20 61
42 55
23 48
40 41
1 40
55 45
15 16
21 40
33 3
38 51
42 63
6 16
33 58
53 57
12 6
37 18
15 32
34 25
56 13
23 46
32 1
14 7
63 61
60 47
19 24
69 1
66 51
39 41
4 38
30 9
31 16
55 26
57 38
15 0
66 21
13 35
1 39
43 47
37 8
45 18
37 66
30 22
43 55
53 54
50 7
55 11
61 25
17 30
67 33
32 39
23 35
22 24
30 27
56 4
57 37
20 35
8 21
12 26
64 48
67 54
13 26
51 52
34 45
62 35
42 26
34 67
32 57
3 56
65 53
33 48
64 4
28 41
12 59
23 62
39 15
61 51
55 57
49 69
62 41
44 29
42 61
8 57
60 57
4 29
59 34
13 44
23 35
48 1
6 45
23 51
50 4
23 10
29 57
43 16
10 15
68 24
24 16
28 50
68 31
28 26
25 49
19 48
30 56
42 66
53 13
5 43
37 4
20 6
43 17
61 40
11 23
35 37
19 13
19 40
22 38
7 4
45 30
16 6
51 38
53 14
57 9
59 31
21 62
63 54
17 8
2 43
43 12
50 64
68 56
9 7
61 49
50 39
62 38
30 57
21 44
32 33
32 58
42 50
47 56
21 54
48 11
67 39
35 22
30 53
69 9
14 41
34 47
6 12
31 18
64 52
53 3
58 45
27 38
51 50
37 40
25 9
58 4
36 16
60 28
15 7
65 3
4 65
19 30
33 27
21 17
68 8
29 3
50 65
31 5
44 54
25 67
47 17
12 44
41 52
19 60
43 58
4 20
69 28
45 12
24 68
20 24
51 55
55 62
62 37
53 28
15 41
51 60
69 42
64 69
2 7
68 1
68 0
26 6
24 66
15 42
3 11
66 1
63 27
57 20
15 26
7 52
24 2
24 49
38 42
52 33
15 37
2 54
17 1
23 22
7 69
31 9
0 60
29 22
14 56
27 31
4 34
31 42
37 7
63 3
1 68
10 54
24 28
7 34
47 69
46 7
65 17
48 5
5 65
65 67
36 68
45 28
39 22
22 14
27 42
45 35
6 16
66 7
21 12
57 40
12 30
7 38
11 62
68 2
54 46
47 48
69 41
2 6
36 67
51 23
20 23
25 45
29 42
30 5
10 30
7 43
60 42
10 11
40 0
26 61
62 27
62 41
33 41
61 12
13 43
46 50
25 50
37 8
28 12
3 6
17 6
6 22
29 34
9 22
23 52
29 1
55 30
48 12
0 10
59 37
1 57
33 20
10 27
26 2
25 42
20 25
55 7
41 31
32 31
66 35
5 27
55 69
24 39
12 13
16 51
45 3
14 9
1 53
6 40
40 27
7 9
58 9
62 55
38 37
5 48
56 43
16 19
67 0
40 39
29 25
41 61
0 28
32 68
21 32
14 30
46 41
40 46
2 47
19 41
53 12
53 22
43 26
21 45
9 6
21 10
2 44
0 60
23 7
36 51
33 69
13 39
2 40
33 19
50 13
3 68
45 66
68 13
43 61
55 15
46 26
54 68
63 62
1 42
18 0
17 28
3 44
14 24
26 13
4 15
62 11
69 49
12 53
37 44
17 14
15 24
49 15
51 17
30 56
0 43
48 26
38 53
49 21
48 27
7 38
13 23
10 51
43 53
65 29
16 24
59 7
42 54
52 3
38 23
49 61
52 25
66 8
38 13
33 62
27 32
50 30
45 54
38 11
39 3
55 63
16 51
5 25
46 0
35 62
31 46
24 12
4 24
69 55
68 34
53 24
65 14
62 56
65 46
31 5
0 20
43 68
41 20
47 60
18 7
43 27
0 41
47 40
5 62
33 47
25 56
23 67
51 2
55 17
43 61
61 14
48 20
1 66
0 69
10 38
26 17
23 0
38 25
43 3
57 25
32 7
13 19
20 42
37 21
60 30
44 66
33 15
49 36
12 18
39 69
48 18
42 18
6 28
35 37
44 46
6 51
34 27
2 52
35 57
20 57
57 47
63 10
10 41
30 38
61 11
52 66
62 34
32 58
35 20
10 1
57 59
32 24
25 18
17 67
49 13
56 2
12 63
24 65
19 17
9 0
3 27
1 7
31 32
13 4
51 13
9 13
64 16
39 58
33 14
9 27
29 42
12 17
5 12
59 22
32 6
46 25
40 60
61 32
48 52
27 34
52 25
36 17
48 19
42 2
55 6
44 27
28 41
47 23
10 56
9 23
65 20
4 64
36 47
4 13
20 45
56 41
9 7
31 59
17 9
15 17
45 53
60 62
22 64
40 0
38 51
11 55
17 64
18 24
39 21
18 19
54 58
43 29
68 34
25 49
45 14
51 66
10 60
42 64
24 58
58 59
22 43
46 50
50 58
48 5
59 11
12 11
17 25
43 15
4 17
25 35
41 31
66 20
36 23
30 14
49 22
6 1
64 65
28 50
7 35
48 15
30 65
53 16
28 66
31 25
19 23
8 33
30 45
0 3
22 20
63 4
17 23
13 38
28 27
27 67
4 48
45 65
49 55
68 33
9 50
36 3
16 38
2 61
40 62
53 3
56 10
23 21
13 7
14 32
18 47
25 34
5 10
27 12
7 9
19 67
68 64
58 28
59 12
59 56
34 41
47 55
25 57
53 25
11 64
7 44
11 2
61 57
17 3
26 45
41 2
14 38
57 16
45 56
69 27
57 48
60 16
9 22
68 9
57 32
28 29
21 54
24 1
10 51
30 42
23 29
45 54
36 37
49 6
32 62
49 8
22 35
20 35
62 20
5 31
64 65
22 35
39 60
49 0
61 4
35 27
46 38
48 57
1 39
56 59
68 2
32 35
29 38
29 54
63 34
17 52
61 2
62 15
12 33
66 62
63 64
22 49
67 46
30 27
24 34
11 20
37 19
12 7
6 39
41 47
42 51
48 22
41 12
1 8
35 46
18 68
59 57
3 26
65 3
19 51
43 33
36 41
6 4
8 24
69 58
20 46
68 27
44 18
0 52
20 7
23 33
15 24
25 43
29 65
25 6
38 31
47 48
0 22
54 28
53 16
69 65
35 16
69 39
66 53
28 31
28 14
49 27
18 44
8 57
54 63
31 12
56 23
10 19
2 22
39 46
57 60
17 26
41 66
41 35
11 12
1 11
14 54
27 26
66 13
23 0
60 26
15 2
29 43
14 35
48 33
24 28
45 19
53 54
14 21
37 31
55 38
44 4
43 36
5 14
22 55
23 53
54 24
36 12
31 21
30 10
5 53
63 35
58 65
43 55
64 3
33 3
41 16
35 24
31 67
53 14
68 12
17 51
51 11
54 14
22 53
45 42
30 23
49 5
7 16
31 45
43 44
26 45
46 17
64 36
45 15
7 50
25 43
67 52
12 21
43 28
3 8
11 21
9 12
19 33
50 5
2 65
53 12
7 21
7 4
28 67
51 64
41 50
45 68
3 68
31 15
39 0
12 50
31 66
7 55
26 45
50 5
28 3
8 12
25 47
47 30
6 64
67 24
45 50
33 21
47 10
10 63
56 2
28 51
42 26
49 11
68 51
21 55
24 10
42 8
11 63
9 12
35 31
44 27
7 34
38 35
61 14
12 61
20 66
58 23
8 50
41 35
68 25
3 27
39 6
29 67
52 11
7 6
51 14
32 51
62 2
42 21
24 40
12 11
38 51
52 18
46 20
27 43
53 6
32 30
60 25
38 23
8 24
53 38
22 56
45 31
64 38
7 15
14 68
57 9
21 31
53 65
41 30
49 66
58 63
13 50
28 9
37 51
5 14
60 54
28 45
56 58
50 23
34 47
22 35
59 41
56 63
16 23
53 25
0 4
22 16
13 28
13 7
3 67
0 26
62 39
21 45
50 13
11 23
20 17
39 35
38 21
50 29
14 18
69 0
23 37
0 32
20 45
55 23
51 16
11 16
2 46
46 1
16 52
8 3
2 30
12 54
68 41
51 68
44 18
2 16
33 5
41 11
43 18
69 6
53 32
8 1
1 21
65 43
45 3
26 67
40 62
66 64
67 21
40 7
35 51
23 21
50 27
61 28
47 14
39 40
69 10
3 15
2 16
56 20
45 21
11 27
18 21
23 1
44 62
3 7
40 36
37 40
16 37
3 63
42 40
58 61
34 48
5 11
67 2
10 49
64 60
27 50
28 14
42 1
36 53
62 21
22 44
61 20
3 49
18 38
18 59
20 2
32 8
29 2
49 10
32 1
65 17
39 42
57 58
22 13
50 64
55 23
15 56
39 22
52 39
19 7
16 41
49 31
30 53
32 39
50 5
55 9
64 14
42 16
47 2
58 14
12 38
2 25
56 15
15 48
42 44
67 68
14 31
20 25
29 31
4 33
65 68
64 14
26 64
15 41
58 17
27 49
13 50
55 29
15 38
13 51
61 25
19 54
6 3
36 41
12 34
45 30
17 0
31 33
48 47
18 12
48 63
5 38
33 36
54 48
4 19
24 0
20 52
32 63
13 5
2 26
10 20
17 2
44 9
49 59
14 9
27 64
22 65
44 19
33 42
66 43
29 6
41 4
54 16
62 18
19 9
41 51
27 10
51 25
17 6
62 20
10 35
23 43
18 66
64 4
16 15
1 4
46 67
68 20
24 11
66 26
46 4
2 5
26 33
11 15
35 64
6 46
25 46
5 23
17 46
27 23
29 48
29 27
34 29
61 45
29 37
29 46
22 62
18 61
20 39
52 26
58 25
25 16
42 18
23 48
21 48
52 27
66 15
0 38
53 7
