80
1 2 90
1 3 18
1 4 45
1 5 34
1 6 0
1 7 52
1 8 0
1 9 42
1 10 97
1 11 39
1 12 98
1 13 18
1 14 46
1 15 64
1 16 19
1 17 46
1 18 23
1 19 46
1 20 97
1 21 74
1 22 88
1 23 83
1 24 60
1 25 37
1 26 13
1 27 24
1 28 90
1 29 85
1 30 62
1 31 9
1 32 38
1 33 15
1 34 24
1 35 49
1 36 32
1 37 57
1 38 30
1 39 47
1 40 16
1 41 72
1 42 41
1 43 72
1 44 76
1 45 48
1 46 30
1 47 47
1 48 15
1 49 68
1 50 54
1 51 71
1 52 8
1 53 18
1 54 99
1 55 59
1 56 63
1 57 8
1 58 13
1 59 39
1 60 0
1 61 58
1 62 17
1 63 20
1 64 88
1 65 98
1 66 73
1 67 82
1 68 52
1 69 89
1 70 66
1 71 29
1 72 69
1 73 23
1 74 37
1 75 80
1 76 79
1 77 35
1 78 13
1 79 94
1 80 30
2 3 46
2 4 60
2 5 72
2 6 21
2 7 46
2 8 72
2 9 10
2 10 74
2 11 70
2 12 70
2 13 90
2 14 20
2 15 76
2 16 63
2 17 3
2 18 9
2 19 41
2 20 15
2 21 15
2 22 8
2 23 67
2 24 0
2 25 33
2 26 11
2 27 6
2 28 91
2 29 78
2 30 1
2 31 59
2 32 5
2 33 24
2 34 55
2 35 89
2 36 88
2 37 59
2 38 13
2 39 77
2 40 56
2 41 67
2 42 34
2 43 48
2 44 65
2 45 75
2 46 46
2 47 6
2 48 10
2 49 48
2 50 71
2 51 83
2 52 92
2 53 49
2 54 71
2 55 92
2 56 35
2 57 73
2 58 82
2 59 57
2 60 19
2 61 27
2 62 23
2 63 43
2 64 29
2 65 25
2 66 24
2 67 28
2 68 91
2 69 32
2 70 78
2 71 88
2 72 0
2 73 28
2 74 6
2 75 48
2 76 22
2 77 53
2 78 12
2 79 12
2 80 18
3 4 97
3 5 42
3 6 75
3 7 68
3 8 25
3 9 36
3 10 79
3 11 42
3 12 8
3 13 34
3 14 28
3 15 26
3 16 86
3 17 86
3 18 6
3 19 73
3 20 58
3 21 93
3 22 41
3 23 83
3 24 64
3 25 11
3 26 52
3 27 71
3 28 26
3 29 32
3 30 77
3 31 82
3 32 57
3 33 31
3 34 47
3 35 42
3 36 86
3 37 64
3 38 95
3 39 73
3 40 44
3 41 100
3 42 54
3 43 54
3 44 51
3 45 87
3 46 43
3 47 71
3 48 13
3 49 78
3 50 64
3 51 62
3 52 61
3 53 72
3 54 96
3 55 44
3 56 3
3 57 47
3 58 60
3 59 78
3 60 73
3 61 52
3 62 43
3 63 76
3 64 34
3 65 98
3 66 96
3 67 43
3 68 43
3 69 24
3 70 5
3 71 76
3 72 70
3 73 18
3 74 88
3 75 28
3 76 11
3 77 56
3 78 60
3 79 75
3 80 24
4 5 14
4 6 52
4 7 39
4 8 80
4 9 65
4 10 69
4 11 67
4 12 45
4 13 98
4 14 56
4 15 49
4 16 16
4 17 51
4 18 89
4 19 26
4 20 66
4 21 99
4 22 22
4 23 60
4 24 60
4 25 29
4 26 67
4 27 97
4 28 66
4 29 79
4 30 98
4 31 58
4 32 96
4 33 48
4 34 31
4 35 13
4 36 2
4 37 12
4 38 40
4 39 75
4 40 22
4 41 29
4 42 36
4 43 48
4 44 84
4 45 75
4 46 84
4 47 71
4 48 60
4 49 100
4 50 84
4 51 7
4 52 39
4 53 21
4 54 1
4 55 68
4 56 3
4 57 89
4 58 58
4 59 7
4 60 21
4 61 12
4 62 88
4 63 68
4 64 28
4 65 9
4 66 19
4 67 94
4 68 88
4 69 22
4 70 42
4 71 96
4 72 94
4 73 53
4 74 63
4 75 13
4 76 22
4 77 37
4 78 65
4 79 36
4 80 84
5 6 92
5 7 59
5 8 63
5 9 46
5 10 37
5 11 32
5 12 4
5 13 16
5 14 49
5 15 48
5 16 17
5 17 22
5 18 29
5 19 97
5 20 55
5 21 18
5 22 99
5 23 84
5 24 27
5 25 100
5 26 70
5 27 7
5 28 34
5 29 81
5 30 74
5 31 2
5 32 97
5 33 9
5 34 14
5 35 51
5 36 50
5 37 2
5 38 11
5 39 21
5 40 10
5 41 32
5 42 74
5 43 17
5 44 98
5 45 68
5 46 77
5 47 54
5 48 0
5 49 97
5 50 67
5 51 33
5 52 92
5 53 28
5 54 69
5 55 56
5 56 78
5 57 73
5 58 67
5 59 96
5 60 84
5 61 39
5 62 19
5 63 93
5 64 19
5 65 25
5 66 30
5 67 61
5 68 1
5 69 25
5 70 63
5 71 86
5 72 91
5 73 64
5 74 67
5 75 50
5 76 19
5 77 17
5 78 71
5 79 86
5 80 26
6 7 89
6 8 45
6 9 6
6 10 0
6 11 70
6 12 1
6 13 43
6 14 7
6 15 85
6 16 11
6 17 35
6 18 38
6 19 24
6 20 52
6 21 91
6 22 31
6 23 96
6 24 51
6 25 18
6 26 55
6 27 84
6 28 26
6 29 79
6 30 93
6 31 98
6 32 80
6 33 91
6 34 71
6 35 21
6 36 31
6 37 97
6 38 24
6 39 74
6 40 10
6 41 22
6 42 47
6 43 96
6 44 22
6 45 56
6 46 19
6 47 76
6 48 89
6 49 89
6 50 65
6 51 17
6 52 66
6 53 46
6 54 55
6 55 88
6 56 40
6 57 60
6 58 40
6 59 12
6 60 22
6 61 44
6 62 83
6 63 25
6 64 73
6 65 26
6 66 93
6 67 80
6 68 65
6 69 75
6 70 97
6 71 33
6 72 100
6 73 67
6 74 63
6 75 0
6 76 42
6 77 36
6 78 51
6 79 54
6 80 29
7 8 76
7 9 61
7 10 20
7 11 1
7 12 55
7 13 12
7 14 45
7 15 9
7 16 100
7 17 60
7 18 92
7 19 83
7 20 88
7 21 40
7 22 35
7 23 53
7 24 58
7 25 71
7 26 56
7 27 51
7 28 97
7 29 92
7 30 16
7 31 42
7 32 92
7 33 1
7 34 44
7 35 91
7 36 56
7 37 4
7 38 27
7 39 3
7 40 62
7 41 29
7 42 90
7 43 19
7 44 4
7 45 68
7 46 68
7 47 25
7 48 0
7 49 86
7 50 20
7 51 49
7 52 52
7 53 51
7 54 0
7 55 99
7 56 39
7 57 20
7 58 95
7 59 38
7 60 14
7 61 25
7 62 23
7 63 17
7 64 20
7 65 63
7 66 14
7 67 66
7 68 24
7 69 29
7 70 75
7 71 70
7 72 54
7 73 22
7 74 40
7 75 64
7 76 90
7 77 30
7 78 51
7 79 12
7 80 17
8 9 82
8 10 89
8 11 76
8 12 67
8 13 50
8 14 94
8 15 35
8 16 52
8 17 92
8 18 20
8 19 33
8 20 68
8 21 44
8 22 0
8 23 97
8 24 57
8 25 96
8 26 99
8 27 17
8 28 66
8 29 24
8 30 43
8 31 45
8 32 37
8 33 53
8 34 44
8 35 25
8 36 16
8 37 83
8 38 74
8 39 83
8 40 75
8 41 87
8 42 73
8 43 6
8 44 14
8 45 34
8 46 32
8 47 22
8 48 71
8 49 90
8 50 70
8 51 93
8 52 32
8 53 9
8 54 95
8 55 100
8 56 63
8 57 64
8 58 89
8 59 96
8 60 38
8 61 86
8 62 17
8 63 90
8 64 90
8 65 58
8 66 80
8 67 96
8 68 85
8 69 60
8 70 64
8 71 73
8 72 95
8 73 95
8 74 64
8 75 1
8 76 91
8 77 81
8 78 0
8 79 59
8 80 18
9 10 20
9 11 100
9 12 30
9 13 65
9 14 46
9 15 32
9 16 37
9 17 68
9 18 88
9 19 95
9 20 32
9 21 50
9 22 72
9 23 37
9 24 42
9 25 56
9 26 66
9 27 52
9 28 73
9 29 76
9 30 79
9 31 65
9 32 3
9 33 10
9 34 70
9 35 77
9 36 56
9 37 36
9 38 86
9 39 12
9 40 40
9 41 80
9 42 77
9 43 26
9 44 93
9 45 24
9 46 40
9 47 65
9 48 78
9 49 79
9 50 81
9 51 12
9 52 40
9 53 13
9 54 61
9 55 46
9 56 72
9 57 83
9 58 25
9 59 67
9 60 40
9 61 6
9 62 81
9 63 84
9 64 15
9 65 81
9 66 96
9 67 12
9 68 14
9 69 4
9 70 66
9 71 27
9 72 68
9 73 56
9 74 68
9 75 52
9 76 79
9 77 21
9 78 44
9 79 30
9 80 26
10 11 65
10 12 78
10 13 42
10 14 84
10 15 51
10 16 56
10 17 66
10 18 31
10 19 65
10 20 9
10 21 79
10 22 64
10 23 14
10 24 16
10 25 93
10 26 86
10 27 100
10 28 68
10 29 45
10 30 100
10 31 49
10 32 1
10 33 99
10 34 91
10 35 3
10 36 14
10 37 81
10 38 32
10 39 46
10 40 37
10 41 16
10 42 3
10 43 54
10 44 39
10 45 61
10 46 95
10 47 34
10 48 10
10 49 39
10 50 39
10 51 23
10 52 79
10 53 41
10 54 79
10 55 27
10 56 95
10 57 92
10 58 55
10 59 63
10 60 6
10 61 38
10 62 34
10 63 71
10 64 15
10 65 24
10 66 28
10 67 1
10 68 67
10 69 42
10 70 71
10 71 16
10 72 29
10 73 8
10 74 29
10 75 35
10 76 33
10 77 43
10 78 25
10 79 71
10 80 6
11 12 92
11 13 57
11 14 57
11 15 85
11 16 50
11 17 34
11 18 69
11 19 53
11 20 37
11 21 46
11 22 20
11 23 65
11 24 67
11 25 21
11 26 49
11 27 62
11 28 13
11 29 39
11 30 21
11 31 77
11 32 70
11 33 74
11 34 62
11 35 13
11 36 70
11 37 8
11 38 12
11 39 87
11 40 43
11 41 58
11 42 62
11 43 15
11 44 14
11 45 96
11 46 60
11 47 29
11 48 91
11 49 37
11 50 1
11 51 59
11 52 43
11 53 21
11 54 25
11 55 64
11 56 30
11 57 51
11 58 71
11 59 27
11 60 95
11 61 12
11 62 28
11 63 0
11 64 56
11 65 62
11 66 86
11 67 71
11 68 9
11 69 1
11 70 24
11 71 69
11 72 3
11 73 20
11 74 28
11 75 100
11 76 12
11 77 49
11 78 33
11 79 8
11 80 25
12 13 46
12 14 54
12 15 58
12 16 32
12 17 47
12 18 99
12 19 78
12 20 4
12 21 57
12 22 21
12 23 16
12 24 96
12 25 20
12 26 10
12 27 53
12 28 62
12 29 1
12 30 33
12 31 100
12 32 47
12 33 58
12 34 91
12 35 68
12 36 99
12 37 68
12 38 59
12 39 92
12 40 31
12 41 11
12 42 13
12 43 0
12 44 12
12 45 96
12 46 84
12 47 15
12 48 40
12 49 9
12 50 91
12 51 77
12 52 24
12 53 96
12 54 15
12 55 10
12 56 38
12 57 74
12 58 99
12 59 87
12 60 52
12 61 96
12 62 11
12 63 82
12 64 36
12 65 17
12 66 51
12 67 83
12 68 63
12 69 60
12 70 26
12 71 76
12 72 83
12 73 81
12 74 24
12 75 14
12 76 27
12 77 60
12 78 89
12 79 45
12 80 33
13 14 3
13 15 85
13 16 18
13 17 4
13 18 92
13 19 10
13 20 88
13 21 25
13 22 48
13 23 3
13 24 6
13 25 48
13 26 8
13 27 50
13 28 75
13 29 77
13 30 10
13 31 28
13 32 66
13 33 22
13 34 76
13 35 26
13 36 13
13 37 53
13 38 66
13 39 6
13 40 95
13 41 1
13 42 30
13 43 99
13 44 84
13 45 7
13 46 97
13 47 3
13 48 89
13 49 29
13 50 76
13 51 99
13 52 28
13 53 65
13 54 68
13 55 14
13 56 66
13 57 62
13 58 79
13 59 72
13 60 58
13 61 38
13 62 61
13 63 72
13 64 52
13 65 94
13 66 9
13 67 64
13 68 98
13 69 66
13 70 88
13 71 91
13 72 90
13 73 5
13 74 67
13 75 17
13 76 94
13 77 2
13 78 50
13 79 84
13 80 63
14 15 19
14 16 74
14 17 16
14 18 97
14 19 86
14 20 58
14 21 19
14 22 25
14 23 6
14 24 38
14 25 74
14 26 87
14 27 37
14 28 78
14 29 47
14 30 10
14 31 3
14 32 47
14 33 81
14 34 75
14 35 43
14 36 43
14 37 28
14 38 33
14 39 51
14 40 2
14 41 76
14 42 19
14 43 36
14 44 20
14 45 3
14 46 57
14 47 37
14 48 13
14 49 66
14 50 9
14 51 73
14 52 62
14 53 65
14 54 55
14 55 10
14 56 53
14 57 78
14 58 18
14 59 84
14 60 49
14 61 0
14 62 17
14 63 44
14 64 7
14 65 25
14 66 64
14 67 90
14 68 64
14 69 20
14 70 71
14 71 57
14 72 94
14 73 67
14 74 63
14 75 70
14 76 31
14 77 41
14 78 97
14 79 44
14 80 68
15 16 39
15 17 12
15 18 76
15 19 93
15 20 65
15 21 87
15 22 22
15 23 91
15 24 73
15 25 19
15 26 32
15 27 31
15 28 50
15 29 48
15 30 17
15 31 80
15 32 3
15 33 76
15 34 92
15 35 1
15 36 85
15 37 88
15 38 27
15 39 29
15 40 30
15 41 45
15 42 2
15 43 40
15 44 59
15 45 48
15 46 76
15 47 87
15 48 11
15 49 67
15 50 70
15 51 68
15 52 56
15 53 75
15 54 100
15 55 93
15 56 86
15 57 44
15 58 14
15 59 30
15 60 31
15 61 8
15 62 37
15 63 30
15 64 77
15 65 58
15 66 46
15 67 64
15 68 79
15 69 22
15 70 80
15 71 12
15 72 89
15 73 99
15 74 91
15 75 73
15 76 87
15 77 89
15 78 41
15 79 44
15 80 70
16 17 93
16 18 83
16 19 69
16 20 14
16 21 74
16 22 55
16 23 51
16 24 61
16 25 94
16 26 89
16 27 94
16 28 16
16 29 47
16 30 48
16 31 31
16 32 25
16 33 84
16 34 56
16 35 29
16 36 5
16 37 41
16 38 96
16 39 100
16 40 14
16 41 90
16 42 63
16 43 0
16 44 61
16 45 53
16 46 4
16 47 34
16 48 97
16 49 95
16 50 23
16 51 17
16 52 61
16 53 29
16 54 1
16 55 100
16 56 29
16 57 91
16 58 84
16 59 8
16 60 58
16 61 56
16 62 90
16 63 88
16 64 22
16 65 47
16 66 68
16 67 54
16 68 9
16 69 83
16 70 40
16 71 12
16 72 1
16 73 8
16 74 89
16 75 83
16 76 67
16 77 28
16 78 7
16 79 74
16 80 45
17 18 16
17 19 56
17 20 75
17 21 41
17 22 64
17 23 40
17 24 51
17 25 19
17 26 33
17 27 72
17 28 4
17 29 50
17 30 14
17 31 38
17 32 54
17 33 30
17 34 13
17 35 75
17 36 34
17 37 42
17 38 48
17 39 84
17 40 7
17 41 34
17 42 27
17 43 54
17 44 50
17 45 19
17 46 74
17 47 73
17 48 49
17 49 91
17 50 33
17 51 0
17 52 54
17 53 69
17 54 95
17 55 4
17 56 53
17 57 63
17 58 43
17 59 57
17 60 16
17 61 77
17 62 92
17 63 23
17 64 51
17 65 35
17 66 100
17 67 14
17 68 74
17 69 84
17 70 22
17 71 0
17 72 49
17 73 58
17 74 13
17 75 14
17 76 19
17 77 66
17 78 72
17 79 92
17 80 48
18 19 5
18 20 19
18 21 20
18 22 9
18 23 2
18 24 89
18 25 18
18 26 44
18 27 36
18 28 44
18 29 16
18 30 19
18 31 67
18 32 91
18 33 87
18 34 79
18 35 95
18 36 8
18 37 56
18 38 72
18 39 99
18 40 50
18 41 0
18 42 71
18 43 41
18 44 97
18 45 4
18 46 93
18 47 51
18 48 85
18 49 2
18 50 31
18 51 14
18 52 44
18 53 82
18 54 12
18 55 87
18 56 57
18 57 16
18 58 60
18 59 40
18 60 62
18 61 77
18 62 60
18 63 53
18 64 51
18 65 19
18 66 53
18 67 4
18 68 1
18 69 18
18 70 80
18 71 67
18 72 13
18 73 5
18 74 21
18 75 6
18 76 40
18 77 89
18 78 38
18 79 95
18 80 67
19 20 36
19 21 34
19 22 77
19 23 54
19 24 66
19 25 59
19 26 30
19 27 64
19 28 67
19 29 19
19 30 96
19 31 10
19 32 21
19 33 39
19 34 29
19 35 100
19 36 98
19 37 66
19 38 70
19 39 4
19 40 74
19 41 24
19 42 41
19 43 25
19 44 7
19 45 75
19 46 16
19 47 13
19 48 60
19 49 24
19 50 14
19 51 1
19 52 74
19 53 84
19 54 9
19 55 16
19 56 63
19 57 92
19 58 4
19 59 43
19 60 70
19 61 0
19 62 92
19 63 11
19 64 16
19 65 55
19 66 82
19 67 81
19 68 14
19 69 48
19 70 83
19 71 59
19 72 7
19 73 61
19 74 71
19 75 32
19 76 79
19 77 66
19 78 67
19 79 46
19 80 22
20 21 40
20 22 54
20 23 25
20 24 75
20 25 85
20 26 86
20 27 94
20 28 76
20 29 72
20 30 64
20 31 41
20 32 25
20 33 98
20 34 67
20 35 94
20 36 68
20 37 76
20 38 45
20 39 67
20 40 16
20 41 15
20 42 7
20 43 42
20 44 83
20 45 46
20 46 69
20 47 22
20 48 73
20 49 53
20 50 81
20 51 89
20 52 13
20 53 77
20 54 64
20 55 47
20 56 96
20 57 34
20 58 0
20 59 37
20 60 81
20 61 39
20 62 87
20 63 14
20 64 100
20 65 4
20 66 22
20 67 1
20 68 25
20 69 16
20 70 73
20 71 6
20 72 29
20 73 27
20 74 79
20 75 9
20 76 84
20 77 1
20 78 20
20 79 6
20 80 97
21 22 87
21 23 21
21 24 94
21 25 21
21 26 11
21 27 52
21 28 45
21 29 55
21 30 34
21 31 46
21 32 28
21 33 20
21 34 57
21 35 46
21 36 88
21 37 73
21 38 53
21 39 56
21 40 79
21 41 60
21 42 79
21 43 59
21 44 55
21 45 73
21 46 11
21 47 8
21 48 14
21 49 34
21 50 78
21 51 73
21 52 90
21 53 23
21 54 42
21 55 39
21 56 90
21 57 51
21 58 63
21 59 35
21 60 88
21 61 12
21 62 86
21 63 86
21 64 57
21 65 78
21 66 9
21 67 69
21 68 95
21 69 12
21 70 0
21 71 6
21 72 85
21 73 1
21 74 17
21 75 16
21 76 34
21 77 25
21 78 60
21 79 58
21 80 43
22 23 28
22 24 72
22 25 46
22 26 58
22 27 92
22 28 66
22 29 50
22 30 96
22 31 59
22 32 81
22 33 52
22 34 84
22 35 15
22 36 6
22 37 89
22 38 19
22 39 71
22 40 34
22 41 53
22 42 47
22 43 54
22 44 25
22 45 23
22 46 13
22 47 61
22 48 96
22 49 20
22 50 97
22 51 49
22 52 39
22 53 87
22 54 58
22 55 2
22 56 71
22 57 100
22 58 29
22 59 32
22 60 53
22 61 5
22 62 92
22 63 84
22 64 36
22 65 59
22 66 92
22 67 68
22 68 25
22 69 73
22 70 5
22 71 34
22 72 14
22 73 38
22 74 5
22 75 57
22 76 9
22 77 47
22 78 40
22 79 25
22 80 62
23 24 16
23 25 57
23 26 16
23 27 6
23 28 45
23 29 52
23 30 12
23 31 77
23 32 99
23 33 88
23 34 25
23 35 60
23 36 32
23 37 23
23 38 12
23 39 7
23 40 90
23 41 2
23 42 87
23 43 53
23 44 9
23 45 48
23 46 8
23 47 26
23 48 89
23 49 6
23 50 8
23 51 27
23 52 87
23 53 85
23 54 65
23 55 89
23 56 93
23 57 87
23 58 12
23 59 77
23 60 29
23 61 28
23 62 72
23 63 90
23 64 62
23 65 95
23 66 25
23 67 73
23 68 2
23 69 56
23 70 78
23 71 20
23 72 76
23 73 48
23 74 84
23 75 99
23 76 11
23 77 83
23 78 54
23 79 34
23 80 73
24 25 30
24 26 82
24 27 84
24 28 57
24 29 2
24 30 52
24 31 9
24 32 21
24 33 33
24 34 79
24 35 52
24 36 72
24 37 75
24 38 84
24 39 63
24 40 14
24 41 44
24 42 60
24 43 27
24 44 61
24 45 83
24 46 91
24 47 39
24 48 64
24 49 30
24 50 64
24 51 6
24 52 70
24 53 20
24 54 16
24 55 0
24 56 24
24 57 74
24 58 90
24 59 86
24 60 92
24 61 21
24 62 93
24 63 50
24 64 47
24 65 35
24 66 0
24 67 45
24 68 31
24 69 37
24 70 52
24 71 6
24 72 0
24 73 45
24 74 40
24 75 18
24 76 98
24 77 81
24 78 78
24 79 49
24 80 11
25 26 49
25 27 96
25 28 25
25 29 37
25 30 25
25 31 7
25 32 75
25 33 7
25 34 32
25 35 99
25 36 35
25 37 47
25 38 65
25 39 9
25 40 10
25 41 87
25 42 6
25 43 39
25 44 62
25 45 50
25 46 92
25 47 83
25 48 44
25 49 93
25 50 74
25 51 47
25 52 39
25 53 60
25 54 33
25 55 88
25 56 88
25 57 68
25 58 35
25 59 19
25 60 39
25 61 80
25 62 47
25 63 0
25 64 81
25 65 42
25 66 36
25 67 41
25 68 67
25 69 44
25 70 65
25 71 5
25 72 49
25 73 28
25 74 79
25 75 49
25 76 22
25 77 97
25 78 91
25 79 79
25 80 90
26 27 97
26 28 43
26 29 10
26 30 64
26 31 39
26 32 50
26 33 26
26 34 15
26 35 81
26 36 18
26 37 68
26 38 59
26 39 42
26 40 6
26 41 2
26 42 92
26 43 17
26 44 38
26 45 63
26 46 43
26 47 25
26 48 24
26 49 9
26 50 29
26 51 29
26 52 13
26 53 90
26 54 89
26 55 14
26 56 35
26 57 14
26 58 29
26 59 47
26 60 74
26 61 39
26 62 73
26 63 74
26 64 0
26 65 69
26 66 96
26 67 31
26 68 65
26 69 52
26 70 78
26 71 3
26 72 7
26 73 57
26 74 38
26 75 58
26 76 5
26 77 98
26 78 1
26 79 94
26 80 53
27 28 93
27 29 11
27 30 2
27 31 13
27 32 59
27 33 17
27 34 48
27 35 100
27 36 88
27 37 72
27 38 38
27 39 32
27 40 85
27 41 79
27 42 39
27 43 24
27 44 24
27 45 3
27 46 34
27 47 56
27 48 12
27 49 12
27 50 72
27 51 49
27 52 37
27 53 81
27 54 51
27 55 16
27 56 65
27 57 85
27 58 28
27 59 28
27 60 60
27 61 25
27 62 95
27 63 7
27 64 97
27 65 24
27 66 99
27 67 23
27 68 31
27 69 0
27 70 23
27 71 70
27 72 62
27 73 31
27 74 39
27 75 39
27 76 69
27 77 48
27 78 49
27 79 95
27 80 7
28 29 11
28 30 66
28 31 25
28 32 5
28 33 2
28 34 89
28 35 27
28 36 93
28 37 90
28 38 38
28 39 34
28 40 91
28 41 89
28 42 54
28 43 70
28 44 31
28 45 8
28 46 78
28 47 18
28 48 55
28 49 82
28 50 32
28 51 67
28 52 32
28 53 25
28 54 33
28 55 9
28 56 36
28 57 25
28 58 15
28 59 64
28 60 97
28 61 26
28 62 0
28 63 98
28 64 89
28 65 32
28 66 56
28 67 19
28 68 73
28 69 92
28 70 53
28 71 63
28 72 95
28 73 67
28 74 78
28 75 4
28 76 53
28 77 97
28 78 28
28 79 32
28 80 1
29 30 44
29 31 33
29 32 88
29 33 45
29 34 17
29 35 78
29 36 19
29 37 93
29 38 95
29 39 90
29 40 27
29 41 34
29 42 79
29 43 68
29 44 21
29 45 97
29 46 59
29 47 86
29 48 88
29 49 38
29 50 53
29 51 100
29 52 59
29 53 78
29 54 61
29 55 51
29 56 6
29 57 70
29 58 92
29 59 46
29 60 65
29 61 33
29 62 78
29 63 55
29 64 23
29 65 52
29 66 94
29 67 98
29 68 26
29 69 50
29 70 70
29 71 69
29 72 16
29 73 3
29 74 58
29 75 92
29 76 73
29 77 45
29 78 97
29 79 35
29 80 36
30 31 25
30 32 44
30 33 88
30 34 62
30 35 13
30 36 72
30 37 11
30 38 98
30 39 13
30 40 46
30 41 34
30 42 90
30 43 32
30 44 28
30 45 12
30 46 94
30 47 95
30 48 45
30 49 7
30 50 14
30 51 66
30 52 95
30 53 27
30 54 26
30 55 32
30 56 37
30 57 64
30 58 90
30 59 1
30 60 46
30 61 54
30 62 61
30 63 28
30 64 46
30 65 8
30 66 6
30 67 56
30 68 47
30 69 28
30 70 69
30 71 44
30 72 42
30 73 10
30 74 76
30 75 87
30 76 83
30 77 27
30 78 70
30 79 98
30 80 53
31 32 77
31 33 90
31 34 40
31 35 4
31 36 47
31 37 57
31 38 26
31 39 40
31 40 56
31 41 97
31 42 17
31 43 7
31 44 73
31 45 34
31 46 34
31 47 26
31 48 71
31 49 72
31 50 26
31 51 48
31 52 93
31 53 70
31 54 40
31 55 53
31 56 78
31 57 34
31 58 99
31 59 13
31 60 26
31 61 45
31 62 81
31 63 42
31 64 68
31 65 45
31 66 16
31 67 0
31 68 40
31 69 83
31 70 55
31 71 36
31 72 17
31 73 34
31 74 76
31 75 93
31 76 99
31 77 87
31 78 51
31 79 71
31 80 93
32 33 65
32 34 11
32 35 49
32 36 87
32 37 64
32 38 18
32 39 45
32 40 12
32 41 40
32 42 52
32 43 63
32 44 14
32 45 48
32 46 47
32 47 34
32 48 10
32 49 93
32 50 8
32 51 72
32 52 57
32 53 55
32 54 26
32 55 7
32 56 21
32 57 53
32 58 61
32 59 67
32 60 43
32 61 16
32 62 60
32 63 81
32 64 64
32 65 29
32 66 80
32 67 79
32 68 83
32 69 60
32 70 8
32 71 51
32 72 69
32 73 53
32 74 4
32 75 26
32 76 48
32 77 100
32 78 69
32 79 11
32 80 96
33 34 20
33 35 93
33 36 30
33 37 24
33 38 72
33 39 96
33 40 99
33 41 46
33 42 46
33 43 67
33 44 27
33 45 48
33 46 88
33 47 2
33 48 54
33 49 70
33 50 44
33 51 14
33 52 16
33 53 52
33 54 68
33 55 82
33 56 37
33 57 56
33 58 69
33 59 1
33 60 50
33 61 51
33 62 94
33 63 94
33 64 80
33 65 96
33 66 73
33 67 92
33 68 76
33 69 11
33 70 61
33 71 5
33 72 62
33 73 32
33 74 61
33 75 35
33 76 0
33 77 95
33 78 57
33 79 80
33 80 49
34 35 8
34 36 72
34 37 10
34 38 57
34 39 63
34 40 96
34 41 27
34 42 6
34 43 7
34 44 30
34 45 31
34 46 72
34 47 64
34 48 74
34 49 33
34 50 52
34 51 36
34 52 51
34 53 94
34 54 17
34 55 44
34 56 20
34 57 9
34 58 17
34 59 41
34 60 92
34 61 10
34 62 67
34 63 50
34 64 82
34 65 95
34 66 49
34 67 50
34 68 93
34 69 19
34 70 28
34 71 25
34 72 31
34 73 45
34 74 94
34 75 20
34 76 0
34 77 48
34 78 36
34 79 44
34 80 44
35 36 86
35 37 18
35 38 70
35 39 88
35 40 62
35 41 27
35 42 5
35 43 22
35 44 80
35 45 88
35 46 21
35 47 67
35 48 22
35 49 5
35 50 69
35 51 15
35 52 79
35 53 80
35 54 36
35 55 14
35 56 38
35 57 6
35 58 79
35 59 88
35 60 90
35 61 85
35 62 2
35 63 89
35 64 85
35 65 95
35 66 42
35 67 64
35 68 86
35 69 68
35 70 90
35 71 78
35 72 93
35 73 84
35 74 20
35 75 27
35 76 42
35 77 64
35 78 65
35 79 85
35 80 55
36 37 33
36 38 8
36 39 25
36 40 68
36 41 78
36 42 30
36 43 20
36 44 26
36 45 12
36 46 37
36 47 33
36 48 2
36 49 17
36 50 65
36 51 23
36 52 93
36 53 58
36 54 15
36 55 84
36 56 100
36 57 56
36 58 82
36 59 80
36 60 60
36 61 38
36 62 4
36 63 60
36 64 66
36 65 91
36 66 44
36 67 85
36 68 27
36 69 31
36 70 95
36 71 2
36 72 58
36 73 11
36 74 29
36 75 45
36 76 31
36 77 49
36 78 70
36 79 61
36 80 13
37 38 89
37 39 32
37 40 78
37 41 67
37 42 89
37 43 49
37 44 65
37 45 81
37 46 68
37 47 66
37 48 94
37 49 9
37 50 64
37 51 20
37 52 89
37 53 95
37 54 46
37 55 1
37 56 6
37 57 100
37 58 52
37 59 52
37 60 85
37 61 84
37 62 83
37 63 87
37 64 75
37 65 3
37 66 94
37 67 86
37 68 29
37 69 80
37 70 38
37 71 47
37 72 89
37 73 47
37 74 55
37 75 32
37 76 61
37 77 18
37 78 45
37 79 3
37 80 21
38 39 63
38 40 55
38 41 32
38 42 38
38 43 39
38 44 79
38 45 100
38 46 74
38 47 10
38 48 61
38 49 70
38 50 34
38 51 63
38 52 84
38 53 78
38 54 37
38 55 54
38 56 56
38 57 27
38 58 37
38 59 70
38 60 82
38 61 20
38 62 96
38 63 75
38 64 4
38 65 39
38 66 10
38 67 17
38 68 29
38 69 29
38 70 3
38 71 43
38 72 76
38 73 6
38 74 38
38 75 74
38 76 84
38 77 1
38 78 36
38 79 59
38 80 57
39 40 22
39 41 55
39 42 88
39 43 41
39 44 100
39 45 75
39 46 88
39 47 51
39 48 44
39 49 17
39 50 46
39 51 54
39 52 50
39 53 88
39 54 94
39 55 42
39 56 46
39 57 60
39 58 31
39 59 82
39 60 20
39 61 84
39 62 83
39 63 6
39 64 5
39 65 21
39 66 41
39 67 32
39 68 14
39 69 19
39 70 77
39 71 56
39 72 16
39 73 17
39 74 65
39 75 75
39 76 42
39 77 68
39 78 8
39 79 70
39 80 20
40 41 10
40 42 80
40 43 87
40 44 43
40 45 63
40 46 2
40 47 50
40 48 27
40 49 2
40 50 14
40 51 85
40 52 36
40 53 62
40 54 46
40 55 92
40 56 71
40 57 98
40 58 18
40 59 73
40 60 2
40 61 87
40 62 99
40 63 79
40 64 34
40 65 84
40 66 36
40 67 64
40 68 88
40 69 45
40 70 54
40 71 98
40 72 53
40 73 27
40 74 13
40 75 28
40 76 62
40 77 80
40 78 8
40 79 8
40 80 71
41 42 54
41 43 54
41 44 46
41 45 38
41 46 36
41 47 77
41 48 32
41 49 98
41 50 57
41 51 56
41 52 18
41 53 56
41 54 6
41 55 61
41 56 30
41 57 22
41 58 43
41 59 73
41 60 53
41 61 92
41 62 57
41 63 54
41 64 55
41 65 84
41 66 72
41 67 97
41 68 96
41 69 93
41 70 38
41 71 92
41 72 90
41 73 66
41 74 34
41 75 73
41 76 88
41 77 39
41 78 77
41 79 96
41 80 80
42 43 64
42 44 25
42 45 83
42 46 36
42 47 31
42 48 62
42 49 6
42 50 30
42 51 47
42 52 53
42 53 23
42 54 20
42 55 22
42 56 91
42 57 53
42 58 31
42 59 42
42 60 13
42 61 97
42 62 62
42 63 90
42 64 14
42 65 35
42 66 59
42 67 68
42 68 62
42 69 30
42 70 9
42 71 34
42 72 4
42 73 47
42 74 52
42 75 10
42 76 45
42 77 95
42 78 91
42 79 60
42 80 42
43 44 91
43 45 80
43 46 22
43 47 98
43 48 71
43 49 33
43 50 38
43 51 93
43 52 91
43 53 76
43 54 88
43 55 20
43 56 31
43 57 73
43 58 63
43 59 56
43 60 65
43 61 93
43 62 12
43 63 86
43 64 4
43 65 43
43 66 17
43 67 48
43 68 35
43 69 8
43 70 22
43 71 70
43 72 6
43 73 66
43 74 90
43 75 50
43 76 75
43 77 56
43 78 65
43 79 67
43 80 76
44 45 100
44 46 28
44 47 36
44 48 75
44 49 1
44 50 33
44 51 54
44 52 41
44 53 2
44 54 15
44 55 69
44 56 33
44 57 87
44 58 18
44 59 80
44 60 59
44 61 34
44 62 35
44 63 93
44 64 76
44 65 2
44 66 15
44 67 6
44 68 1
44 69 87
44 70 32
44 71 51
44 72 17
44 73 1
44 74 73
44 75 88
44 76 7
44 77 66
44 78 16
44 79 4
44 80 97
45 46 57
45 47 72
45 48 85
45 49 48
45 50 27
45 51 26
45 52 44
45 53 91
45 54 90
45 55 42
45 56 68
45 57 72
45 58 18
45 59 84
45 60 38
45 61 55
45 62 8
45 63 54
45 64 24
45 65 29
45 66 48
45 67 26
45 68 19
45 69 64
45 70 93
45 71 54
45 72 88
45 73 78
45 74 53
45 75 19
45 76 87
45 77 45
45 78 95
45 79 98
45 80 29
46 47 84
46 48 54
46 49 43
46 50 53
46 51 84
46 52 54
46 53 84
46 54 20
46 55 55
46 56 17
46 57 87
46 58 52
46 59 34
46 60 33
46 61 51
46 62 68
46 63 9
46 64 88
46 65 53
46 66 97
46 67 75
46 68 96
46 69 7
46 70 38
46 71 63
46 72 80
46 73 37
46 74 7
46 75 87
46 76 83
46 77 52
46 78 95
46 79 1
46 80 63
47 48 88
47 49 79
47 50 80
47 51 3
47 52 55
47 53 88
47 54 2
47 55 21
47 56 14
47 57 17
47 58 13
47 59 46
47 60 98
47 61 55
47 62 43
47 63 88
47 64 13
47 65 21
47 66 51
47 67 28
47 68 2
47 69 36
47 70 11
47 71 18
47 72 24
47 73 1
47 74 76
47 75 39
47 76 17
47 77 89
47 78 34
47 79 81
47 80 14
48 49 73
48 50 92
48 51 54
48 52 42
48 53 29
48 54 12
48 55 33
48 56 44
48 57 95
48 58 19
48 59 31
48 60 61
48 61 11
48 62 21
48 63 37
48 64 66
48 65 84
48 66 4
48 67 94
48 68 61
48 69 55
48 70 51
48 71 94
48 72 3
48 73 88
48 74 60
48 75 85
48 76 19
48 77 71
48 78 30
48 79 45
48 80 36
49 50 0
49 51 56
49 52 96
49 53 87
49 54 63
49 55 89
49 56 48
49 57 57
49 58 81
49 59 28
49 60 41
49 61 57
49 62 62
49 63 33
49 64 56
49 65 52
49 66 86
49 67 78
49 68 22
49 69 53
49 70 14
49 71 52
49 72 81
49 73 71
49 74 94
49 75 30
49 76 2
49 77 63
49 78 62
49 79 65
49 80 59
50 51 86
50 52 84
50 53 91
50 54 95
50 55 64
50 56 67
50 57 25
50 58 80
50 59 25
50 60 69
50 61 52
50 62 35
50 63 84
50 64 44
50 65 37
50 66 27
50 67 0
50 68 87
50 69 96
50 70 46
50 71 45
50 72 18
50 73 22
50 74 71
50 75 26
50 76 22
50 77 64
50 78 97
50 79 100
50 80 75
51 52 38
51 53 59
51 54 62
51 55 23
51 56 37
51 57 42
51 58 99
51 59 90
51 60 85
51 61 15
51 62 84
51 63 27
51 64 71
51 65 74
51 66 38
51 67 83
51 68 32
51 69 65
51 70 4
51 71 46
51 72 64
51 73 57
51 74 5
51 75 60
51 76 35
51 77 98
51 78 67
51 79 58
51 80 9
52 53 35
52 54 50
52 55 69
52 56 21
52 57 22
52 58 97
52 59 1
52 60 46
52 61 65
52 62 7
52 63 33
52 64 47
52 65 30
52 66 51
52 67 29
52 68 68
52 69 83
52 70 55
52 71 91
52 72 61
52 73 77
52 74 45
52 75 89
52 76 93
52 77 73
52 78 5
52 79 97
52 80 9
53 54 71
53 55 21
53 56 30
53 57 2
53 58 24
53 59 73
53 60 41
53 61 27
53 62 27
53 63 95
53 64 98
53 65 1
53 66 98
53 67 13
53 68 12
53 69 36
53 70 87
53 71 97
53 72 8
53 73 50
53 74 6
53 75 82
53 76 99
53 77 13
53 78 100
53 79 92
53 80 28
54 55 8
54 56 94
54 57 78
54 58 50
54 59 42
54 60 16
54 61 60
54 62 7
54 63 69
54 64 79
54 65 28
54 66 72
54 67 26
54 68 78
54 69 7
54 70 26
54 71 49
54 72 40
54 73 0
54 74 70
54 75 80
54 76 15
54 77 95
54 78 69
54 79 80
54 80 52
55 56 68
55 57 58
55 58 81
55 59 65
55 60 3
55 61 20
55 62 43
55 63 25
55 64 32
55 65 38
55 66 26
55 67 80
55 68 63
55 69 66
55 70 48
55 71 9
55 72 79
55 73 48
55 74 37
55 75 67
55 76 38
55 77 43
55 78 25
55 79 47
55 80 4
56 57 76
56 58 86
56 59 57
56 60 83
56 61 68
56 62 85
56 63 71
56 64 40
56 65 0
56 66 16
56 67 43
56 68 44
56 69 12
56 70 87
56 71 39
56 72 60
56 73 17
56 74 19
56 75 70
56 76 2
56 77 84
56 78 69
56 79 77
56 80 10
57 58 36
57 59 23
57 60 80
57 61 94
57 62 97
57 63 23
57 64 56
57 65 43
57 66 64
57 67 73
57 68 2
57 69 36
57 70 91
57 71 4
57 72 69
57 73 93
57 74 97
57 75 77
57 76 96
57 77 29
57 78 53
57 79 35
57 80 38
58 59 69
58 60 30
58 61 3
58 62 49
58 63 25
58 64 41
58 65 31
58 66 85
58 67 58
58 68 7
58 69 80
58 70 94
58 71 38
58 72 80
58 73 19
58 74 16
58 75 64
58 76 95
58 77 64
58 78 50
58 79 73
58 80 85
59 60 32
59 61 68
59 62 3
59 63 26
59 64 62
59 65 89
59 66 28
59 67 41
59 68 28
59 69 28
59 70 27
59 71 44
59 72 24
59 73 20
59 74 52
59 75 11
59 76 63
59 77 59
59 78 41
59 79 76
59 80 7
60 61 9
60 62 69
60 63 77
60 64 56
60 65 16
60 66 15
60 67 25
60 68 93
60 69 0
60 70 34
60 71 73
60 72 42
60 73 40
60 74 87
60 75 30
60 76 76
60 77 76
60 78 20
60 79 97
60 80 78
61 62 71
61 63 43
61 64 53
61 65 65
61 66 87
61 67 81
61 68 57
61 69 69
61 70 43
61 71 14
61 72 42
61 73 41
61 74 43
61 75 86
61 76 65
61 77 19
61 78 21
61 79 70
61 80 29
62 63 18
62 64 2
62 65 27
62 66 57
62 67 1
62 68 70
62 69 74
62 70 75
62 71 90
62 72 28
62 73 81
62 74 11
62 75 3
62 76 77
62 77 95
62 78 13
62 79 48
62 80 83
63 64 43
63 65 23
63 66 94
63 67 35
63 68 84
63 69 3
63 70 38
63 71 89
63 72 56
63 73 64
63 74 100
63 75 10
63 76 6
63 77 25
63 78 16
63 79 9
63 80 46
64 65 31
64 66 85
64 67 61
64 68 39
64 69 89
64 70 51
64 71 16
64 72 84
64 73 82
64 74 83
64 75 67
64 76 20
64 77 70
64 78 98
64 79 62
64 80 80
65 66 29
65 67 46
65 68 47
65 69 91
65 70 78
65 71 68
65 72 65
65 73 45
65 74 90
65 75 0
65 76 29
65 77 38
65 78 96
65 79 47
65 80 5
66 67 21
66 68 78
66 69 97
66 70 55
66 71 50
66 72 76
66 73 72
66 74 13
66 75 12
66 76 52
66 77 68
66 78 8
66 79 78
66 80 99
67 68 94
67 69 11
67 70 82
67 71 37
67 72 93
67 73 93
67 74 71
67 75 72
67 76 85
67 77 77
67 78 59
67 79 65
67 80 67
68 69 81
68 70 15
68 71 70
68 72 0
68 73 46
68 74 93
68 75 58
68 76 2
68 77 54
68 78 40
68 79 18
68 80 84
69 70 25
69 71 50
69 72 68
69 73 1
69 74 22
69 75 13
69 76 14
69 77 13
69 78 33
69 79 93
69 80 63
70 71 84
70 72 9
70 73 19
70 74 20
70 75 87
70 76 47
70 77 63
70 78 31
70 79 90
70 80 92
71 72 64
71 73 100
71 74 40
71 75 91
71 76 17
71 77 38
71 78 20
71 79 80
71 80 7
72 73 6
72 74 100
72 75 34
72 76 9
72 77 77
72 78 5
72 79 75
72 80 42
73 74 28
73 75 21
73 76 33
73 77 27
73 78 52
73 79 30
73 80 65
74 75 61
74 76 85
74 77 36
74 78 65
74 79 18
74 80 81
75 76 24
75 77 66
75 78 3
75 79 74
75 80 0
76 77 41
76 78 13
76 79 2
76 80 28
77 78 80
77 79 11
77 80 81
78 79 28
78 80 56
79 80 33
