8000
8000
3813 1348
3570 2617
731 5169
3289 6467
5557 7779
3962 3138
6681 6603
7295 2396
4391 6766
3271 1991
3557 7510
1923 7772
6718 4689
30 6067
7927 7279
5634 3073
6622 7606
443 6948
169 5326
747 6909
5189 2070
1860 2445
7607 7328
1635 7266
7385 2354
1651 6516
1935 5750
7296 2627
2337 1261
4709 3159
5361 231
7414 7312
5149 189
4295 850
5243 5658
1488 677
5193 3125
2536 6606
4117 5703
336 7303
6258 7024
4060 6610
1427 38
1015 3763
1783 4902
2117 5826
3053 7753
3057 5501
352 335
1304 51
1346 6219
3514 2019
3971 142
821 2703
4545 1953
2644 1640
4502 1164
6147 6496
717 1041
4197 39
7525 6101
4915 3783
5967 35
5598 5728
5702 5035
2271 795
4956 2249
7949 2581
4523 6864
6583 5737
1069 3881
2469 5961
4927 7112
5926 6360
6308 6372
2302 1827
7639 1806
1536 7565
4853 4502
791 5503
6079 3698
6279 6269
3152 1489
1028 7378
3549 2724
3162 2518
6759 6609
7730 6052
1492 6722
4860 4030
7982 2657
3575 3887
6446 6671
3903 4751
4280 1179
1877 485
1051 1665
3851 50
1630 7921
7693 2362
5166 1509
1788 3171
993 7073
3154 6380
1123 6909
427 1659
2299 3177
7022 4651
2365 4971
3360 4908
2426 1302
3601 3417
7488 209
1387 4481
287 890
2069 5521
5311 3053
6118 7553
2663 7883
3600 3875
4325 2845
3645 7553
3965 5465
4230 903
636 6181
3932 2429
890 7033
2709 5310
5695 7269
4517 1223
6198 3087
6292 1308
2226 2119
6431 4008
3739 7111
2355 5159
4850 263
4624 5140
4956 6740
2213 1070
4158 7058
6081 664
7392 5852
68 7273
5164 262
833 7618
3442 2123
1696 3345
6088 2388
6326 5422
4487 4558
1561 4769
1991 110
4565 2736
883 610
3953 3923
2674 5866
4597 3963
2122 5417
3147 2861
6528 1331
4662 4673
3938 3281
4296 1003
7824 2463
2888 1165
5959 1710
336 7538
4562 1373
3970 4969
2683 3403
1794 2099
7832 5734
1959 4868
4207 3824
2509 7717
6436 7967
1270 4524
2693 1492
4719 943
6049 3835
4847 723
1269 5501
1831 5514
4680 4902
4841 4245
6222 2811
3862 5680
5804 508
955 4927
504 171
3867 781
4302 6819
2749 2551
2778 2050
7389 1513
4059 5739
6342 2808
1125 107
7216 7239
6649 7979
380 1369
2021 3877
4508 5077
4770 2886
4499 6112
3025 859
2778 1837
2193 7843
5952 3055
527 3232
3787 6014
7060 7830
544 6774
2454 6800
6108 1829
3846 6775
4396 4262
6394 4888
4184 3344
3436 3998
6717 3121
3636 6994
3881 7694
5667 3752
1375 2498
7143 313
559 6522
96 7241
1816 100
6401 4097
5375 4211
5696 5509
5701 1218
1389 5493
6302 7981
4945 291
5986 3565
4178 3048
65 6074
6692 1217
179 1123
2908 114
1436 6084
5973 7083
5579 6662
1534 92
1469 2257
7632 3728
5661 872
99 3952
4533 3324
3305 7478
3384 475
2991 6675
2365 6701
2783 222
5174 684
1267 3699
1412 6829
168 1176
0 461
3887 2846
4508 7653
1275 858
2263 1187
0 2651
6081 5452
3196 6970
3912 938
3834 2651
3562 1516
3788 4708
4261 3572
1045 989
7758 5301
2755 473
2767 2279
400 4431
2645 7912
4098 580
7327 622
108 596
2362 6837
1335 1274
3380 6572
7235 2439
6193 6256
841 5133
3002 497
4828 1129
1075 7005
2607 767
7645 3093
6041 7008
3681 68
4780 6667
5331 4450
262 1224
7761 3094
452 1252
4113 3555
2993 3874
1857 2295
7355 1464
7129 4709
4293 2492
7600 956
4633 4386
259 2820
1611 6501
6831 3034
7413 3324
5903 3748
1210 3339
4419 1532
7961 6596
4203 3283
6981 277
7337 7799
3671 2703
4166 6931
2449 7315
2256 2422
3055 6566
4000 2107
1776 4820
5242 6108
3637 658
6310 2284
5809 1649
342 5652
3063 1150
4723 187
3041 4865
4543 7123
5320 7623
5844 3028
6836 7961
7484 1617
5807 4110
5176 541
1248 32
7710 1801
3531 1064
458 1555
4159 2834
696 3973
1863 2364
913 1100
6561 1031
5575 3090
4709 4074
4477 3593
4098 3190
6838 2179
6259 48
3614 4502
1311 1776
7935 4620
607 7925
3981 1231
6661 4299
5227 3913
3907 1071
5212 6553
5788 5369
6707 3695
5137 4437
6093 1647
6531 5261
7333 5198
4179 5681
1838 7578
5774 7737
6538 3770
3625 5317
1852 4163
2470 1833
5243 949
5425 1701
6215 7480
1825 4841
4233 3322
2968 4151
2311 1769
5312 981
4149 7963
1517 5755
7190 2851
7732 281
175 7175
2275 7501
7503 7154
1764 6993
3165 1978
7324 4898
1317 3647
5620 3750
4689 6874
7063 7335
3061 1241
5633 6683
2183 2286
4226 489
3988 525
4598 5360
2946 3233
3001 1254
3837 556
1458 6075
4605 2164
6799 1777
6597 2453
6825 7916
6507 3488
7838 3513
1944 2699
4955 4023
2166 7701
6909 4666
7899 4292
6536 5046
3448 2333
7220 7524
6977 3806
4865 2474
3756 5425
2868 4805
2507 1319
406 7802
686 1972
7382 2462
6626 4953
2043 522
2758 7214
1321 2559
2740 5090
1833 793
37 899
2356 1585
2938 3669
7613 4662
6135 3346
2409 6151
3223 1435
6643 7420
2574 3010
561 3977
6621 1195
7446 1100
6159 6413
1703 7117
7477 1280
5184 4656
5486 4977
1637 855
904 3304
914 5917
7463 6309
1609 744
738 4448
5187 7666
5983 2152
2334 3612
4358 7382
3548 7512
4975 5687
5164 2154
7840 592
4932 5295
2772 6899
7763 4180
1585 4603
7794 7410
870 3488
3449 3401
4493 7421
1756 1760
2294 470
4934 5989
5710 2588
7528 7722
6469 972
7918 226
5228 2909
4951 7777
642 7844
6874 6449
3614 3636
4088 2115
2009 285
3643 4399
6710 1425
1459 432
4843 7448
3594 5055
1680 4249
5306 5204
1413 5967
834 2522
3552 3964
2792 5011
139 2091
67 247
5881 6702
3655 2165
583 2520
310 1226
5223 3569
5448 1705
654 6405
4984 7619
667 6251
6048 4461
6479 6910
2650 3113
1951 4037
6314 3254
7222 1727
6447 2677
5566 7649
4654 1255
4668 7512
1421 6510
7057 7249
1334 5359
958 93
6829 4870
3599 5621
3871 4574
3203 897
6344 881
3361 6885
5230 3777
892 2785
7309 2520
6764 7598
5260 7918
321 23
7437 6582
5983 5235
7426 3712
6297 1985
5644 2673
1416 896
4705 3854
5261 3297
6778 1377
4632 6306
75 1451
4279 3558
2334 3654
4432 6561
6896 730
5542 7541
1610 3417
5449 7838
5760 4238
6247 4562
7967 338
4067 873
2898 670
7336 4835
4266 7402
91 275
2314 2947
2699 7023
6689 644
6045 2784
1955 1318
1558 5873
5136 6
5074 3937
3158 6057
7332 1098
56 3852
4607 2464
2732 3613
2986 6242
3390 2375
3046 3213
4505 897
3191 1271
2266 1983
3161 2606
2751 6596
6501 5993
75 4475
2964 161
7508 7788
3204 2854
6425 6291
1759 3600
5477 2018
4038 4471
5599 873
241 233
7238 2083
5801 4522
2971 7066
7218 587
3041 2033
2624 6744
3259 2319
2942 7278
3058 3496
4327 1931
7912 2789
4332 2444
4174 3984
2604 5864
4308 4269
6158 7875
6110 1987
1392 5272
1951 3865
5519 7151
7484 2073
619 567
3652 493
1744 2707
1547 6957
6858 7736
2996 4298
4282 979
490 4697
2399 530
2752 6009
4193 6746
2163 116
5980 7702
5449 3169
7577 4066
7008 1070
3885 2875
1336 4888
2519 7136
1 6737
6230 4020
5127 1518
4871 6395
6930 2465
3891 7777
977 5227
6402 2564
4435 751
7826 1631
2501 3684
5321 1791
329 26
2123 2891
809 7669
4889 1434
1111 11
1468 1238
3784 3656
7583 7483
978 6731
954 1440
2319 2241
697 272
1230 441
2034 3014
1510 3877
4610 3056
2168 4476
3094 7720
1013 7981
4111 5796
3528 6589
2106 3786
7010 5626
5020 772
5045 127
7646 1810
3935 2598
5882 4684
2958 2178
7904 6503
355 1499
1222 6608
3848 4305
4848 5497
6815 6488
6288 5276
282 5736
466 7152
2993 5098
6648 6290
1061 4680
2413 52
3870 6562
6522 2697
5657 4076
3126 5054
2338 2469
5691 3738
1898 4235
207 454
2339 2715
1763 7221
6925 4968
1553 6717
6973 4207
1482 2462
6304 6867
5562 7486
2487 1107
6117 7847
6342 2035
1009 6904
1814 2764
1493 3655
4734 4803
6428 3322
1438 461
5408 6163
1193 7612
3519 1479
1094 4043
7620 2262
1202 5814
6159 7237
5259 1276
3261 6829
1605 1479
1745 1793
6751 5846
4556 1514
5994 461
276 5050
4840 7899
603 399
6820 3709
2507 3580
4488 99
2101 4489
3323 7809
4577 193
7116 2362
4963 3610
198 1711
3215 1579
4832 1721
2380 4343
7683 5846
2131 987
2364 7532
4606 6669
275 1891
5899 3649
2534 6949
6136 1272
3237 3736
5754 6381
7377 0
936 4077
4850 5581
4769 5133
2154 3682
3264 4984
530 1790
1140 3749
421 6680
6210 90
714 4659
5098 1765
5125 6762
2463 2615
6036 7971
2433 2908
3223 2602
3632 3039
309 6697
6165 5082
2974 7485
7300 2060
272 1832
1027 2836
6257 1815
6319 2775
6307 773
3191 3349
1831 1649
1053 3964
75 1379
5690 7429
6562 7024
6838 6299
3175 4689
6031 4625
5694 3650
6155 3829
2320 250
2187 649
804 2032
5803 1424
3012 3121
7342 6181
6089 7175
3269 1851
5069 3299
7999 1420
6454 2382
4673 6777
4233 7103
3614 1447
1416 1347
7121 2589
6597 272
2028 33
3772 3378
7481 4635
2903 2191
6279 3385
7645 5382
4326 6963
1980 3387
3800 6026
4332 825
6177 5019
5044 7018
7484 7561
993 7439
4780 1481
6931 3870
2072 5085
7034 3389
6715 2348
3973 5822
2996 1832
6078 2854
4001 5373
758 6283
2554 1126
568 3839
2695 4880
6898 5145
6895 6255
1936 2277
5271 6677
3557 4103
4030 7040
3378 3130
6733 2518
5587 1197
5626 3831
1400 2734
4751 1886
7275 931
1086 6212
6621 3688
6912 4036
827 3150
6821 2415
3837 852
7264 3066
7845 2517
4847 4503
7578 4241
7086 7646
480 438
353 4393
6971 4708
2512 5298
6542 845
913 2634
3884 3442
1858 1124
3579 2742
4242 7175
787 1758
1165 1060
6534 4901
774 4345
869 3692
4844 1213
853 1496
6166 126
2317 1478
5370 5688
5887 4568
7087 2931
7739 2204
5750 7645
7439 7474
72 2973
5999 5407
2949 7372
5387 4594
657 7699
6254 5721
4316 346
4611 5098
4757 577
4233 828
4332 26
5302 346
1236 1528
5743 5843
868 2489
5238 7846
4390 4827
2846 6064
569 57
464 2085
2353 3249
4859 2263
7027 2773
6270 262
4826 7158
6683 7134
6472 6449
1726 7228
5899 1792
4575 3335
2522 4205
1170 2049
734 2106
5483 5580
4693 2743
6132 7275
1000 4575
4234 4550
3917 5190
4769 2224
5828 4937
5505 4394
7808 3347
7374 6263
7694 4955
5785 3845
5619 7465
7227 5183
786 4847
7435 324
4297 6046
7963 1650
6850 6520
6213 2901
6823 7761
2250 6837
617 5489
5124 3019
6996 5346
4256 6242
2635 7609
1278 5403
2715 303
2230 4813
2944 1226
4196 7797
7005 7670
6100 3664
6142 3218
4905 3070
1387 1267
7273 181
1480 4357
6804 5491
3593 1103
1893 6551
5401 7104
2970 4818
6127 989
7857 2763
2474 5461
2471 3402
2019 5149
2125 7619
5583 2553
2729 1250
5270 778
7582 4894
6923 1772
3885 5465
5578 941
3554 6499
2642 3472
34 1268
343 4787
2347 2826
2780 2820
7693 6070
5180 1666
1894 7569
7118 6212
6322 4942
5138 2362
7446 7646
7721 984
4073 2108
1068 731
5914 2922
3792 3487
3348 5245
352 4927
3053 7239
7886 6818
3772 7932
1510 5882
1557 5142
3683 7111
5354 3304
7759 2151
2052 6527
7925 6009
280 3771
6996 1958
6310 7528
1042 174
971 121
5053 5655
2718 5454
4757 265
1294 2989
6044 5447
6646 3372
4893 3361
3193 935
3412 1107
6286 7757
5423 7226
1841 441
6438 7383
7960 456
5749 3081
1720 1271
736 2226
929 6019
6008 926
7789 7751
1246 1233
451 7907
4354 7796
2808 204
6085 2403
5999 3050
7628 155
4255 7686
7817 3371
1417 7935
7743 2583
3597 2657
7644 1257
4890 6144
1728 4235
9 4673
137 7642
7422 5272
4778 7618
908 5908
6505 383
4732 953
5814 7562
4227 1754
3155 4312
1065 1826
2244 4215
2406 3861
2363 4644
1311 2979
4750 2639
465 1964
4322 4
1732 4094
1525 6501
6112 6982
5919 822
7652 3328
7508 4642
5740 4683
6332 524
1594 2342
488 930
6095 1525
6554 6458
3876 7062
6733 4748
5783 7954
6125 904
5020 3503
1788 4450
7090 3884
1332 1643
7966 6767
7585 1417
1361 6055
825 2083
7623 4732
6339 7260
6681 5545
4824 4503
7203 6955
4955 1770
6509 4568
3907 4211
6160 2083
1474 7881
114 3437
3215 6380
4348 4895
2982 7828
1393 6981
3932 1236
4836 4735
1351 2541
1136 181
3099 7731
7792 3695
6311 3074
536 615
4006 237
2615 4958
3647 2305
3619 3708
6719 7133
940 293
4940 117
4315 6719
276 2429
5802 6491
5919 2646
3463 3405
2025 6705
7217 342
2288 5036
5771 3453
1249 1253
1486 665
7063 6240
5928 7819
3871 1284
1125 2542
5057 2768
106 669
566 4034
5016 4294
4060 4751
4378 825
890 594
3452 4230
5271 1486
7576 3890
3170 3920
2189 5705
3084 5542
6493 391
5613 7518
6679 7513
4138 7938
2935 3622
7877 2748
5216 5011
2556 7442
2604 3618
3624 6787
6883 835
6826 888
4407 2483
5044 2104
1856 6855
2652 4391
6839 3216
6325 7211
6693 4729
2398 6102
5757 377
2493 5551
2828 3330
5482 6346
2340 4699
6064 4210
6179 1627
6210 5114
3455 7246
1764 6221
4678 1419
2364 3335
4116 6075
3098 7062
7757 6080
3652 7945
124 1222
6060 2529
46 6923
677 3371
2636 594
5168 432
3928 2365
7989 1733
6080 957
466 4712
2041 4792
4954 1658
5625 6966
7445 4344
7009 2086
1293 4239
2329 5867
1827 1068
6750 5633
2841 6281
7868 7361
2072 7602
3232 1198
3996 6643
7750 6087
5730 3792
1508 1374
6270 6090
772 1798
5185 2908
5976 4609
368 4383
1859 6814
4548 5094
2427 2661
3032 7783
2221 7672
2932 3328
7450 5275
7725 4059
3141 3360
4587 6641
5166 6553
4565 3173
5646 6549
7500 4391
6600 4741
6828 3328
7042 7898
7355 7120
2126 7923
7223 5648
6702 3137
307 3604
842 1633
1616 2092
7739 1265
2023 26
986 1185
1345 3186
4068 626
5144 2041
5992 1683
5723 5609
6239 2409
7503 5220
6503 7399
4557 6879
3580 514
3807 187
944 5016
1942 7345
3028 1492
4802 6272
4541 5666
4712 7634
6771 4021
1567 6663
1436 5560
5383 5064
5281 6922
6500 2065
3463 149
24 1350
3647 6755
7664 6328
616 4305
3810 7907
3672 7550
808 274
5638 5283
3862 1077
2874 5685
191 548
1020 706
7248 89
7358 4716
467 7241
6807 2654
835 5302
5801 5926
7898 656
4484 5497
5051 3638
3810 3273
1527 6819
7568 3940
2439 7793
6215 4026
1925 6753
6036 4433
3242 6520
2332 6590
1172 5805
388 3428
7074 3447
760 6283
7629 7543
3177 1695
796 1986
7768 6143
773 4223
6011 2725
6184 765
6277 2515
2978 4416
2771 2168
2831 1250
5734 856
4894 6182
2726 7160
6120 1877
7343 5768
4185 906
1173 4502
2993 237
768 707
493 1365
6151 2911
5158 7745
6925 3503
7739 704
3723 1420
6447 813
1713 608
3744 2065
7270 3288
6736 5862
2783 7136
80 4261
7023 1873
3983 1738
303 1189
362 7621
888 534
7667 4112
3207 849
4015 2289
1582 732
2854 3579
5458 3183
817 3436
3260 7089
7306 2612
5871 825
3319 5077
5692 3845
3184 3209
2217 4937
1032 4113
6378 4150
6552 2456
198 5095
2618 5821
4188 4980
7752 4789
1088 6927
3821 3184
2608 5787
3683 7089
4875 6324
5231 2382
4912 1591
1413 827
7870 4307
1123 3063
799 3849
1676 2930
5197 7648
4964 6319
4834 3168
2733 2058
2047 6236
6347 5989
7670 1497
4827 5169
5102 2191
7386 1980
1607 2111
3171 7576
78 2656
5562 2190
6763 943
7248 3582
3903 3069
251 5195
4221 6501
6095 3846
5058 5253
2960 6342
449 12
7672 6959
2419 2124
2537 571
3360 4249
2127 4977
7600 6981
2073 551
7916 4838
6901 2608
3028 4812
4977 7419
3478 3209
35 2411
4407 6745
5991 1235
6033 452
911 2760
4582 2996
386 2279
7615 2801
2574 4372
3625 7399
2082 5716
2605 3682
6077 2689
6252 2930
6114 5701
4804 4003
7843 1402
5397 6377
3307 7934
3508 5502
3341 6514
4494 5512
1228 5689
7188 4160
4603 583
1602 292
7055 2659
1435 7081
4424 3278
5984 5857
2513 2974
531 2891
5521 1175
6674 374
5017 5698
4141 2817
2849 7058
2660 2283
1342 7763
4670 334
6634 4538
4601 6509
6666 2620
3525 1496
3430 7834
7936 7350
3273 2948
4899 6650
5158 6639
4629 3272
7182 3690
1573 544
6530 5460
2444 3639
1904 3982
4308 4055
3354 1126
4820 7111
5019 1491
2973 6804
3867 6011
7901 5265
2329 1440
2572 7730
4008 2069
2538 4047
6139 349
6686 1496
1005 3782
5422 2232
7754 885
1695 5628
1719 4285
208 7120
7333 7281
2403 1344
3635 6695
7386 7061
4537 2462
7684 5581
436 5665
5425 7747
5070 4001
3675 1737
5563 1555
1514 6928
4773 975
2815 4037
4910 5916
2985 5688
1619 5144
2733 6470
5881 7150
2585 1771
1743 5573
3803 1946
5917 996
640 6201
140 717
4216 7
5867 7835
6158 2700
6097 7842
1769 6189
7004 6607
246 447
7342 4816
3028 6029
4220 0
5913 3188
5113 3933
1420 7002
2908 7445
323 6063
7278 130
6061 7561
1643 3337
5994 4222
5079 7805
1850 6768
5656 3409
3441 165
35 6120
4354 1227
6142 7689
3493 1747
7879 7150
334 7806
2994 4382
6578 6730
2899 4265
5915 811
7316 1858
3917 351
3509 2928
7489 2188
2334 525
4303 1530
6261 6023
1246 5194
4669 3866
3495 2198
5337 3053
548 6010
4462 171
6725 5681
7360 548
64 1398
6110 416
5455 4532
5944 576
7795 3614
6664 4298
6623 7385
6443 5994
5936 4215
6746 22
3008 5522
7295 5658
6957 6676
4635 4804
2851 144
3999 3103
3406 1344
5004 4190
6627 5843
5672 1289
58 4464
3868 4916
1345 7295
4370 841
303 3916
1037 1585
7473 3755
2431 7945
526 3941
793 871
6262 1279
7632 284
6222 1972
4992 7688
2263 4980
1448 2652
3694 7246
589 5250
1940 6654
3001 4402
4553 1819
444 3553
4460 7566
1267 4405
5471 435
5463 2154
7989 230
7560 3889
4863 3079
6885 4883
2052 4584
7254 6073
3020 3393
6458 7228
7749 1550
7790 6596
292 6076
3495 1885
5505 7875
3943 3541
72 4015
4431 7096
7408 1268
189 6001
87 7415
1440 4357
5425 7626
5076 3943
841 3753
2470 1413
4665 2805
6536 2724
4055 7101
1904 6490
1685 7199
7850 6292
7977 7824
6148 6916
5596 5036
6230 2373
3755 5833
7232 58
3503 1066
7032 2518
7977 6951
4445 454
94 7379
5574 4008
1264 5995
6733 2969
1922 482
3422 7791
4660 4815
4580 3003
1579 1959
7077 2879
675 1418
7030 3882
129 7588
861 3915
2628 3057
5049 5620
792 312
3963 4474
4476 6903
2587 6153
6239 2761
4064 6476
4962 6568
4490 7710
6809 933
7472 2284
7028 4263
893 835
1178 1767
7322 6701
7243 6466
5001 4966
1425 3811
3644 7560
6832 4912
7204 5530
3856 5386
3789 1745
2873 3503
203 5182
5336 2959
5779 1173
814 5659
1730 3120
6170 4285
3994 6354
7962 3284
6576 417
4431 5308
179 7661
1980 676
6398 7553
7735 7246
6838 847
7311 1390
3568 4526
663 5004
3953 1822
2657 2403
5217 305
1074 1766
4443 6269
5386 3953
4641 7597
6572 943
3074 5932
1359 4254
1893 71
7044 748
5870 2996
2246 1366
7561 813
6068 3213
3430 7097
7788 7450
3819 4202
19 5110
6858 3949
7243 4080
2616 5551
5484 854
3176 1457
1389 1613
5328 7910
238 3426
914 6228
3602 2147
486 7574
1010 1326
2346 7737
1992 5915
4618 1194
404 1156
4658 5122
7595 3509
4946 3357
387 5052
1441 2286
2386 4405
6038 6618
2365 4866
3341 6766
4776 7515
7350 1451
4775 511
5461 4002
5794 7565
1615 4588
6635 7374
901 7577
5480 4230
302 7998
5453 3904
6778 3208
1759 7036
7845 6301
973 5968
2974 7736
7442 3014
2312 7619
4269 4085
4650 4707
5590 3913
7688 7354
2070 6360
7715 2826
6125 7561
5156 4370
5184 5356
4978 309
5306 4419
2114 2380
4993 2890
3283 7019
4318 222
7369 341
1253 5225
3473 4727
5360 3602
6833 7800
5727 5361
5037 296
2264 7408
2421 6653
1159 7817
7603 2552
1844 887
5560 640
2990 546
5650 3732
7718 6837
437 6182
2614 2878
3980 4654
7543 4138
1179 3383
680 5079
4231 4443
2300 2548
3347 2549
3546 6301
714 1592
5832 410
3391 2153
4128 5343
7914 4955
3028 4645
6674 6603
3701 2317
4254 5726
5190 6373
3384 3649
267 5004
2653 1271
645 1744
6816 3389
2654 6735
5937 2243
4241 125
6006 3096
4793 2546
6169 3082
1089 5438
2483 2497
1283 7474
1685 5592
583 4965
6672 493
6010 7782
5355 4988
7824 7411
2164 7565
1563 1467
7616 5615
802 7493
5973 2381
6707 864
1314 4190
6591 5816
4018 7918
1795 5294
1708 4617
3638 4599
3912 6492
1603 989
6104 75
6852 7894
19 5127
1167 147
7165 3560
1977 572
5213 890
7705 2632
7834 1645
2845 5792
6918 5042
5612 1019
6369 3393
3442 7734
5092 4616
5478 2375
1112 7772
2475 5851
271 1939
308 2017
3127 7166
3264 2385
385 3751
2387 4857
4418 5867
1129 764
6014 6214
6087 7687
2535 5171
4541 6150
6461 1247
4203 4876
698 32
165 3594
7958 1517
3435 1062
4778 5296
2600 5568
4235 3842
3525 5519
3249 854
1907 1828
3670 5926
417 2343
6479 7115
5117 66
3451 7899
2682 1533
556 7284
6655 7608
4598 7828
1156 643
6049 6280
926 7385
980 3977
1445 5258
5066 2215
5465 789
1586 5502
3744 1621
2664 824
1013 1994
7106 679
4244 7078
317 7523
4411 1459
1951 1696
7560 3188
6772 2997
467 6729
7932 807
2952 2020
384 2812
7563 7316
7126 1743
3494 7332
32 1230
6292 6039
7442 4559
3860 6233
5131 6064
6340 692
6246 7939
4086 2238
1243 325
5900 5419
50 7941
4998 4773
7483 730
2914 6686
1716 6785
7017 3151
996 1126
392 6475
4722 6591
1902 7958
7447 2561
2594 7342
4040 632
6288 5352
4335 789
4386 3766
2694 1120
593 125
1749 6363
1250 2277
2032 5290
3580 4917
7715 6857
7615 5993
1684 1254
1134 5137
7443 3732
727 5230
6279 7741
5535 30
4036 5607
1172 6001
1740 5906
636 1302
1782 85
820 2290
1830 2125
6639 1851
7333 1972
1829 6698
6570 4589
5775 3008
2653 6827
5884 3168
4938 1518
4546 3456
5392 1273
4336 3970
7245 639
4033 7921
6090 7694
4199 3315
6955 2103
5828 1796
704 2899
3431 2251
3134 5342
1405 312
3054 3082
2996 1241
5511 7155
7760 2540
5335 142
3837 3739
4478 4233
1933 4007
1440 4785
6507 1537
7870 7859
3387 6157
2964 290
651 3191
2152 2465
5987 6303
3855 6014
6133 1710
3796 2849
5831 5214
210 1228
5382 3319
4454 6221
6320 1852
4522 2281
1980 1211
1067 5212
3452 7890
4966 1222
6955 920
533 2790
4604 3227
1271 1022
4615 6000
7605 1780
4255 3630
4661 7689
1519 2274
4573 4539
1031 5820
1473 4117
6861 4725
4204 5145
419 6378
3209 3615
5683 5738
4142 2645
710 5188
2876 7875
1556 2394
8 3952
6442 475
552 1288
3395 6541
1667 1051
2091 5692
1283 3135
4108 4482
21 1869
1150 2392
1238 4338
3709 1491
5344 1053
660 1398
7664 639
92 1286
6464 5697
5416 566
911 18
4271 4203
3442 3282
7133 4255
2397 3045
504 7960
1610 7001
294 1940
3019 7886
3848 1206
3999 1619
1869 1076
2413 6553
5472 7133
6544 7845
5304 6451
3071 968
868 3945
277 1762
3552 4635
3581 3364
1489 720
5596 7445
4250 5149
2982 5784
2105 4065
5398 2986
3048 7795
180 1850
4684 6386
3412 7670
49 3700
1399 2800
3564 405
7668 1569
625 1017
5906 2692
2489 6713
1680 4162
1791 4972
1367 4128
863 596
1532 2276
7161 3468
913 5696
2459 6762
265 1658
7952 4846
5112 2796
6344 1048
3017 7072
606 7494
5757 7675
2986 2894
7280 4626
377 4532
7525 7904
3788 2577
4706 3677
7527 4532
5259 6765
3317 3503
2734 845
6836 3898
4720 7035
5696 3469
4350 666
5053 4767
6548 685
4606 6392
233 2938
3328 6133
5632 6311
3276 2933
5537 1924
7034 2806
1992 2261
2893 3389
1700 3157
7121 7204
7284 5317
2562 5180
5530 2999
6068 7821
570 7203
1315 7343
4060 2509
2324 4434
1382 633
702 5710
7002 3106
3359 7650
1180 5341
6593 7908
5222 2415
4005 761
549 4779
1057 5941
1427 3296
592 2443
6130 71
802 825
546 100
447 5173
2376 6910
5907 6450
948 5443
6134 5472
1748 925
5447 5907
2320 7991
1540 237
7992 2618
3046 6227
5747 3233
3873 5965
6962 4358
6024 4310
3182 6055
1481 2158
4128 7388
6377 4560
226 6280
7410 1159
5195 1377
5005 2332
3960 486
3699 73
1452 3761
4017 2110
1133 5291
7335 7703
6536 2318
7345 3143
2909 1440
4207 178
2491 5470
2366 483
5681 4271
7936 1523
3201 6886
242 4
1759 7395
3483 5729
2083 1342
2352 663
2702 3088
5376 2399
7699 4642
5835 7452
2516 5901
4811 7202
912 7139
2487 6685
2407 7192
6863 3090
1186 6361
263 2476
962 4220
2933 7764
1659 3346
4755 7063
4372 3771
4467 7516
4118 2755
688 540
1743 3594
285 4293
4784 7705
6827 4881
4751 1467
7174 2590
7871 1001
2045 5609
1909 5636
5084 4238
6698 3228
3470 5375
1198 6453
6982 6262
7281 60
6970 3181
724 5115
2228 6579
2538 4041
375 5184
2747 4373
555 5283
2517 1628
7902 1919
5703 1676
4695 2998
1433 7372
952 1152
584 3416
7952 3162
5273 5348
7008 994
5974 6267
6268 968
4120 2629
3107 7699
3048 7688
2081 902
4929 7890
5387 699
3138 4619
7046 3258
5945 6172
6748 1969
4469 160
2413 3139
646 2783
377 1949
1149 3985
4262 7811
7569 5024
7475 1855
2360 890
4737 1748
2006 820
3137 997
5079 4045
2701 2356
379 7248
7291 3028
1401 7125
174 2649
6612 6969
1975 6774
2946 42
653 6116
6183 92
3789 2572
370 3142
868 6826
6148 2897
3015 384
20 3383
4355 6590
3384 7530
7233 1824
6101 836
1436 872
1524 3382
6743 7471
5723 654
3886 5888
690 3918
1638 2679
4168 1167
298 4487
500 792
4616 7051
5462 2425
4154 6682
6518 1656
1830 7852
2865 5344
1857 3947
1714 6426
418 1464
378 5851
1149 7586
472 3055
2394 7477
1837 6864
5142 850
6721 3677
5351 4301
3488 7548
5600 6615
4623 254
1182 568
5699 5859
7890 3936
6748 2402
321 3417
4170 3191
5002 7231
161 4593
5548 6511
5937 1765
7301 7041
5254 541
3222 5903
5229 974
6070 5672
3478 2708
1159 7065
1810 7979
7951 7418
4816 5196
3165 5009
7920 6386
2742 4436
5921 6675
6521 5756
5998 6529
6380 7949
5605 3030
5835 296
2462 868
4635 1638
4468 3791
3254 7719
3672 7384
1710 187
4556 1149
1300 4103
4662 4939
1286 4563
499 4489
4353 1249
3400 359
5020 2442
5531 5935
3992 1317
4170 2806
5761 5062
7162 7132
5573 6909
1166 6473
5270 5404
3348 5638
6019 2413
3617 3124
2143 1476
6379 4560
7586 496
1004 2301
7523 7841
7118 4017
849 6701
6170 141
4092 1578
5484 294
5590 5910
2987 3931
408 2160
920 3089
69 2057
2592 5252
7994 2751
2545 6880
3063 256
5899 1326
5089 4562
4453 2604
886 1765
3047 3085
6577 5936
6129 4433
7662 1411
6418 2876
5948 888
2036 5783
6084 1300
7217 4952
5402 5881
502 5512
6575 2219
3780 7906
4287 6950
860 4567
1173 5352
1310 1201
5699 3477
3111 3333
2294 1159
2026 3070
3342 5428
531 6302
5360 280
5890 1097
1291 2939
2168 4186
1705 2084
5126 6491
711 1959
5656 1783
5968 2354
2454 6016
6454 1112
523 7946
2790 5315
1015 3804
1328 2440
4226 1314
385 2088
1005 4486
6555 1171
7115 2396
3611 6724
6555 7398
137 7129
6821 6942
2130 2716
2294 2213
3795 7932
6597 7280
7950 5332
1107 1781
828 1493
1012 5121
5409 2022
2322 6414
3081 5261
4681 4782
7597 1561
4640 5977
7888 2936
6846 1795
7085 6089
7312 5627
847 1754
1106 191
3514 7660
4527 2604
3802 6110
2888 454
6939 1572
3175 5669
1282 2853
5029 2951
5950 1036
6269 6713
7179 5422
5076 6630
767 7702
7735 5534
6758 4638
3002 1816
7082 2394
2971 3065
1309 5504
2623 3684
7993 2572
7444 5667
660 1923
3676 2925
6467 6786
7415 7030
211 6561
5210 1425
6950 926
3844 2437
1867 1368
2596 3672
4022 5228
3717 1347
575 6071
2246 7107
114 7493
6292 4994
4657 385
1807 7740
7014 5361
3505 6452
1347 2888
176 3035
1865 2315
3497 5115
1637 6926
4188 3044
1648 4714
4858 7854
4879 1009
3230 79
2827 3565
7996 102
2477 5846
3732 4006
7261 3631
3664 6541
1047 6703
3651 6370
2232 6900
7860 3385
6383 4707
1635 7330
5662 4574
1744 1098
7696 4565
4084 3067
2956 6083
4728 3311
578 5644
52 7078
5056 5511
4752 5389
1660 3329
5264 6481
0 2762
3597 6396
1162 5769
5840 304
6849 4425
652 2494
4107 5002
4483 3848
2229 1696
2523 1018
7915 6182
1677 6408
7574 5690
5994 353
4550 2157
7464 2461
7081 3407
104 7841
6758 6788
6334 4746
5616 1601
2714 1885
5661 75
6127 1421
294 1027
3538 3683
6435 4930
341 996
4992 4356
2954 7313
3172 1807
1312 2968
7450 5097
2078 7909
5911 2066
3880 2682
2395 544
2105 4715
1060 3859
1246 5826
757 3583
4353 2065
4060 3944
1334 1564
5615 6636
2246 7334
1015 1656
505 6374
2424 2877
5777 2093
4716 5380
7978 1914
6371 4836
6221 2791
4778 5649
7158 4756
3378 5599
5398 2778
7567 760
1457 6250
4683 3806
2831 3137
5263 86
763 1917
6812 3836
6222 6166
667 1163
5323 6230
1047 4441
7964 392
3476 622
1777 5544
973 1266
1685 3513
5028 2564
5898 7879
3645 2464
1732 6054
6801 1141
7522 5338
2291 4914
503 3559
4436 1012
1459 6161
4602 5688
4186 3932
2634 2780
6819 4598
6675 4929
5823 6486
1811 3753
310 7987
7130 5046
2732 7554
4214 5005
782 6304
4890 6779
6183 3337
370 5823
7785 2750
6641 5350
4502 2182
4387 1331
4096 1585
3030 2161
1835 2799
7577 2271
5796 1228
7173 1580
1889 7544
673 2416
2717 1647
122 5806
2664 5517
1614 37
3954 3536
4593 4951
1375 2535
3684 696
5061 6621
6010 6983
2378 2177
4388 2124
3266 5416
7849 3411
536 2524
3064 1548
4351 2725
4621 5158
7576 6058
5095 7214
798 5035
455 71
2950 6543
4274 5317
7721 7920
3239 845
5748 4707
3950 2418
5677 3964
5396 499
2152 5750
7378 48
5035 783
2011 129
6479 5555
6209 2260
5767 4358
875 6365
7138 4213
572 2468
3342 3003
829 622
3355 903
1088 5716
5950 57
7312 2772
2784 1421
7525 4038
659 7067
1069 4761
6918 2180
6681 6730
6843 2580
977 103
7191 7997
4362 6568
1731 657
4686 3053
1304 4378
2068 5459
4615 5095
2910 6887
2100 5199
5792 31
5684 5395
4443 6432
4174 4438
880 2767
6109 2634
5353 1713
3468 6068
3757 3065
7249 2151
3881 2253
7083 4228
1879 557
38 1572
1393 11
5345 4610
2658 2008
2063 6883
7156 6555
1845 337
5160 4254
5805 7506
5694 54
3620 5526
4885 5369
61 4139
1707 40
1664 2696
5267 4390
7050 5911
909 1946
2433 1858
1910 116
4164 4980
734 6983
4835 7029
2425 5104
4404 3571
5579 6180
899 5996
4837 3489
1369 2415
5097 1625
804 3510
5428 5409
1180 2713
2447 419
5997 1467
7387 3132
6607 4016
7427 3979
4033 507
1704 2371
1309 3746
1259 1857
3675 3512
3961 5895
2777 4279
1960 6179
4445 6535
2479 7810
1390 1877
2141 3341
3741 5572
2230 7811
7599 660
4371 7573
6217 3078
7073 2600
2468 3879
7649 5936
2338 5058
543 51
1907 4419
7216 3648
7678 1764
4867 744
7852 6564
7477 3859
5749 4161
2602 660
2024 5340
7932 2534
3639 4172
1025 1994
1127 7030
928 6105
1863 6373
375 6255
7513 7770
4660 4759
2811 7133
74 5225
5288 668
517 2546
1794 3636
2360 6413
7292 7202
226 4824
857 6453
3788 3419
1082 2173
6726 5714
4085 4474
7364 5541
1912 4980
4926 3702
4511 4623
7367 5445
6509 7834
7336 3157
1067 7111
1341 3484
1565 7123
7964 6951
5185 4720
3920 6565
2304 3756
1549 5603
7375 354
1991 7528
2603 3098
2748 4628
1496 4089
4754 5386
7080 3871
7792 682
6969 1724
3885 3982
59 2158
4002 7826
1877 98
1496 4589
6868 3291
5381 6362
1853 5603
6745 1570
3091 7053
2969 3434
1434 4935
3520 7498
5482 2977
3571 7989
1714 4737
2636 383
495 4756
1174 7939
7671 7428
1385 527
6617 4065
1261 4706
3245 778
3959 3413
6470 2691
7215 3294
702 6924
6813 6943
7638 5271
4863 4813
1068 3227
3532 2260
2896 5797
6600 2402
3786 5056
5842 1883
653 3622
1114 7715
5121 924
4631 6428
4932 4861
7110 3368
4743 3431
2555 4550
3940 7360
4877 4413
5820 1757
5863 1445
2834 6222
953 500
6318 1080
2013 1256
6107 6335
5532 1750
898 6526
1629 6946
3825 5246
4034 3818
7104 3549
4502 2552
5923 2175
5154 3473
769 169
1336 4346
1329 5281
7227 6601
5076 6980
1305 7896
150 4439
2269 3785
5723 4768
3242 6089
993 5957
86 3773
6109 4039
5681 4521
6304 2187
234 6384
7170 2641
6875 2647
5783 1348
2887 6492
6496 977
6698 5697
7775 2353
2522 5671
5041 7683
3592 1147
2748 4659
2667 1361
1829 777
720 5511
5304 400
3615 1736
7447 603
2088 6012
7672 3683
4575 4068
1923 5728
7114 2584
354 785
1606 6125
690 5225
7961 1707
2680 4173
3107 6407
1608 188
844 6462
6395 1593
3525 4458
2268 6599
3192 6341
3108 2823
4567 5358
7201 229
2619 4774
3485 286
1634 5211
2852 601
7710 4657
6311 4149
559 3162
7885 1068
7144 7673
2665 2737
1262 5083
7860 6624
1350 516
4398 1604
2354 3424
6232 87
6168 2034
7055 5244
5130 4295
5042 4530
6940 1275
5589 991
1465 4306
351 5301
3378 7724
7996 5584
3052 4046
4751 63
4085 6195
231 1905
2856 3199
3552 3693
4272 3729
3086 6595
2517 6832
7856 6315
2695 3847
7722 3548
1846 3254
2166 1626
4167 4463
6441 3815
7803 2058
2450 2441
1751 5494
3572 440
270 1334
6645 627
6350 4212
4474 2362
1683 1263
163 3233
451 796
5363 1188
5870 2260
557 1818
1926 5183
6132 505
4898 6108
6669 4549
2422 5633
5402 2858
1923 4545
2296 4533
1068 5220
4053 1760
5705 70
6484 7739
3317 4028
6264 6386
7635 7673
4711 3195
3355 6788
7932 241
4135 3485
3685 3077
727 5979
5815 6669
5664 1657
4583 4305
5655 4892
4885 5945
944 40
4503 3595
6916 3463
6547 6271
1021 5408
2540 4640
2606 4160
1742 5922
7673 4958
6647 3235
4030 3745
6641 4486
6115 1769
7987 2284
3817 1672
3936 434
3160 4304
3360 7368
7480 6774
5793 7164
6431 6087
2808 4037
5278 3432
5187 4789
7558 5469
4135 6909
2266 5682
1427 2690
41 3858
7941 7363
5811 877
2723 5749
7384 3942
7171 4691
3811 4072
812 7858
6998 3835
1679 3758
1197 5221
5650 71
3900 4923
4356 4614
7311 5920
4805 5186
1628 1819
1851 7687
1205 2099
5074 3128
6312 6629
4002 4605
1716 6395
2816 5920
4644 2847
3175 3361
1688 2822
3119 3283
3588 1987
4657 4756
7694 1969
5774 1501
5483 6581
7224 2499
4505 7365
7559 7154
3566 6055
6726 3126
1943 662
213 1807
5477 4301
4061 5441
4730 2043
5637 6135
4744 94
6247 3249
174 3684
472 3968
1308 2494
3381 5069
7909 7257
6167 6007
764 3830
6796 164
7194 7910
4247 3071
7982 4007
2649 1545
2827 5797
2951 251
5199 1427
4276 7752
6888 1992
2715 6577
452 7291
6516 1951
992 7441
6836 1792
7083 6295
2730 5835
3402 4569
3303 1060
255 1803
4490 4870
2685 4981
6489 1125
4758 1200
2855 2634
7242 4219
4934 3283
5264 5701
1774 1233
3486 4208
4071 7532
7488 7331
284 5568
6904 4404
5348 2741
1721 6851
7461 5519
793 109
7570 4954
5391 4444
5294 910
7630 6738
1616 2055
2819 4004
6811 946
202 2313
1692 6522
2364 1538
4739 4397
6106 7998
1024 6006
5298 4211
7338 1448
7341 6471
6263 2525
2995 3040
3190 1720
7393 7475
7149 1792
5475 5647
3319 3789
2143 417
7515 7383
4085 1020
3483 4829
1904 1304
931 3581
5610 6132
6194 4987
212 6609
1684 7746
5475 5379
3670 1172
7912 3561
5091 6135
7285 2256
1347 1579
4827 631
1780 4223
7049 1192
2914 1730
7949 4747
1256 5263
4282 6796
747 6235
2648 3818
2906 3254
5390 4637
4674 2838
4183 6737
3029 5778
3111 5347
7027 3566
2596 744
4120 7141
7901 4044
13 3752
573 5482
6141 5816
2370 4747
3705 7503
2129 7853
48 6358
1581 6526
3552 3122
6317 875
6684 5446
5639 3074
3713 4325
3718 5024
4215 2246
7980 3966
4652 4677
3533 2101
6961 5097
48 7074
6097 787
989 2623
2281 6874
4474 3264
289 6696
2905 4832
3082 2497
7231 5275
6449 4356
6435 5350
2456 4490
7920 7765
5244 5406
5206 4680
3073 2148
1138 3460
2410 7620
5578 6907
4853 2406
2346 6876
5087 2274
7063 4298
3549 3503
4511 215
3004 6950
872 3058
3385 4302
1495 7856
6095 1597
1448 4379
1804 944
5704 2760
5612 7197
2263 7354
2433 2127
5244 6622
5743 5037
7216 498
7925 6913
6170 2607
4873 7132
1111 7652
2516 4945
7733 6361
2187 373
4128 7526
3505 1208
709 4096
679 1736
288 5352
1453 7097
2586 7510
7199 514
6547 4461
3010 1967
4630 2008
5448 3843
6787 6772
7744 5168
6568 4259
6555 3685
1706 378
6437 4599
3310 4960
6058 7237
2109 2454
375 4106
7016 3047
4139 3511
49 5796
275 2534
1033 5861
6476 5728
5967 4797
7751 6193
5695 7695
5561 1703
111 5657
1911 6540
5215 2677
581 4901
6505 913
748 44
4038 2774
7061 7374
5767 2257
6615 1776
1693 4917
2693 1241
2297 5307
3536 6472
5526 4437
5546 3494
3855 6878
3298 1941
6009 2365
149 2424
3805 7604
2013 1367
3636 6703
1467 3405
403 644
3147 5373
2486 7301
779 6570
4727 268
4648 2604
2278 132
1258 3324
5684 749
21 6062
2712 3784
4995 1185
2275 6918
1994 2993
5038 1364
6067 3209
5279 5233
3340 3026
6717 6913
7649 4649
128 6031
6925 632
6226 6930
5403 4234
5627 1226
4017 1648
4602 2803
4360 4550
643 4760
5810 2320
4094 6806
3863 2054
5023 3433
4801 4330
722 2702
7049 557
4763 1525
1794 2613
5003 765
375 7480
453 5654
6674 3351
3858 4788
65 4845
7563 4329
1132 4079
699 4883
146 7002
180 2686
6028 1437
3194 3617
2857 5889
6614 3391
2875 7671
5674 4687
5746 2927
7673 7588
2433 7337
2491 7035
3215 5626
1851 2079
1809 5089
2392 3542
7564 1678
6607 4247
6746 7245
5910 5180
3647 7560
5692 6163
6460 4416
7747 215
5841 3499
1005 5305
6319 363
1244 6842
158 4810
6415 6210
6902 3944
4586 4537
6552 5208
6394 7361
3080 2237
7909 2015
768 2636
4030 4513
4034 6215
5944 4742
3593 6112
4902 1477
2092 4098
4985 1146
167 3702
7876 2322
3461 2789
7663 4852
5653 545
6541 1986
916 5959
2341 5016
15 6527
5505 3737
4280 5069
6425 2105
7306 857
5834 324
3796 6634
6524 940
6816 3871
1157 7140
1855 4474
4468 3475
6360 3891
7433 2185
3416 7027
144 4193
5978 2931
5326 4621
1425 3189
2279 7462
3093 4892
4125 5018
7049 3116
2239 4605
560 858
7343 7084
6380 284
7178 3969
2487 1562
5477 7980
7342 4240
5027 6827
569 7659
2653 5413
7194 86
5408 495
463 7232
4986 2860
2164 5116
7312 7534
3215 6796
6846 1246
6175 5769
2026 5623
2449 1438
3886 1116
6729 86
7654 2000
4930 895
6359 5096
5736 2208
2341 2286
3788 3868
4346 394
5210 7928
3497 1773
638 1142
7990 5458
3653 6242
7929 3248
6432 5987
801 5688
7278 405
4623 5022
6600 2800
7787 3682
402 3818
2336 3989
2123 7021
6991 6794
4769 5569
6381 4057
4250 6655
3337 5093
620 3919
2658 338
7116 3882
5355 6778
7677 1527
6408 1032
7971 4378
4081 1866
4518 205
7764 2265
7525 7912
4207 38
5415 554
4671 5421
7237 2897
1218 6581
2907 7617
7814 5646
7375 2984
5001 5375
1782 3764
6692 1526
5327 3003
538 3033
2074 36
1120 5715
6710 6600
3848 4348
5252 6686
7849 2668
6468 1168
1363 2752
4897 1389
4578 3583
5318 1955
2083 6258
1595 5217
7496 6613
3399 2500
514 7563
4724 5077
1095 5768
4122 2798
7051 4694
4754 3747
6549 4343
4667 5690
6499 7946
2450 7537
5427 3955
2348 3514
6495 4846
146 4169
3638 1717
5435 6409
3186 7079
2029 3915
5120 4367
3469 1077
5473 6061
3548 198
6795 3623
4672 2844
5840 5740
7836 5292
743 5175
5135 4832
3340 754
4640 7398
3402 6363
33 4918
3780 4984
2791 2045
1436 3150
5439 1519
6915 3303
4402 7052
2295 5849
33 6134
7324 2180
1290 7647
2114 3714
6016 7622
6183 5483
1607 2516
6191 1879
6845 606
3917 1430
6873 1595
2870 6422
1076 4723
1830 6026
389 4720
7654 267
1970 6091
2810 6386
6131 6665
1993 4046
483 3073
4953 1472
7960 7753
7486 2657
4948 5029
5041 1030
5906 1484
7392 984
2807 940
4703 4811
7897 4477
1798 7476
4467 868
4929 5396
4648 288
7390 2920
920 5476
7331 4736
5439 906
2794 1465
4132 3799
2768 7717
7288 2419
1750 1072
5653 6887
2191 7364
2915 7079
1966 5337
6914 5288
4874 2864
5911 1235
476 7188
2390 2327
3593 3618
1034 94
6645 1211
5298 2423
5387 6972
3033 7032
4160 5824
231 4436
7305 6323
2572 7931
7645 677
3024 2062
6618 4169
1689 149
4531 2232
3042 7780
1917 76
4803 1106
5400 1080
7657 1110
3944 7541
2502 3476
5849 1812
2999 5448
71 4911
327 6796
3079 3483
7156 7803
4935 7952
2398 134
1192 5193
5394 5532
3887 7588
5811 7892
4968 1113
708 288
658 4229
4078 5176
3003 2292
2375 1054
391 3421
6719 2749
7941 333
895 3818
1529 2213
6871 5097
1916 7097
959 6979
1711 2032
2745 6023
7619 961
2787 6672
7164 3484
197 3705
5971 7829
989 3818
7620 6258
3683 7639
7694 6653
7731 5138
6911 1156
7230 2853
6878 1144
1218 603
6363 1192
5299 7215
5864 2826
1062 6468
6590 7867
5832 1629
5647 2510
5760 808
7217 13
1019 6891
4506 1579
5245 738
598 4710
5304 6607
6385 372
6457 5342
4174 7142
7903 474
1891 532
709 7485
6390 202
5257 1391
2832 7927
2112 4298
1511 1982
6858 2273
5406 1452
4017 1942
7488 1481
773 6324
217 7858
5592 4920
5597 6968
3116 3742
1661 2277
6617 6964
5031 6321
7401 7034
6768 7536
3677 7744
2663 420
7884 5191
7778 226
7354 1618
4821 599
1161 434
6222 271
5139 1920
6170 3178
6009 1718
3081 4419
2540 7483
3258 258
6864 2632
7435 1925
7381 2014
4482 7111
4199 293
2435 4194
4250 1348
6937 7366
6218 6592
6231 2039
7234 1494
2863 4541
4737 4325
4919 1906
3989 65
2903 2165
3066 4526
5966 4741
379 5107
6640 1190
1320 2043
2837 4870
4544 5221
5020 6185
6023 3804
2050 2950
4644 6888
2637 3510
7841 3040
635 2751
6235 3756
5432 6900
4709 3923
300 3472
6860 42
6858 2037
1311 1152
3284 1901
2394 1674
78 2502
4952 4362
54 6587
7207 4823
913 4686
18 6504
2455 2808
5919 2419
5397 7049
612 300
4639 5717
29 6649
7452 164
2251 243
6114 3050
5734 3622
4284 7341
6025 3800
7041 980
3474 5143
6888 4891
38 328
7073 6615
6251 5483
6821 4945
7765 6994
3875 5812
4892 6217
910 7606
6389 3438
706 1449
1429 4385
283 1384
7767 7719
5983 545
6036 2373
6200 1497
2609 7195
5367 6467
305 4255
3390 190
5276 6078
6984 7611
1899 2795
4546 4270
4586 1257
1690 2497
3268 506
7272 1392
604 986
5136 448
7239 6067
6864 5206
1962 2205
6651 4549
568 6896
5049 500
1649 4339
85 5948
3336 6080
757 2767
5817 3822
5668 5119
6520 4616
2701 1811
7419 2870
4627 5168
2330 1351
5535 4048
2416 7701
3505 5983
3850 1187
3922 6834
1588 7101
7539 4625
5277 1255
1467 2711
4927 7528
1183 6116
5711 6172
6863 3049
1850 3696
6758 4379
6124 1897
3629 7639
578 3617
5967 7912
2195 4079
5859 3435
5130 1025
6366 6646
654 5158
3105 7527
584 3926
2277 5503
2711 4456
3715 7657
1128 3543
4511 7474
5661 2238
1928 5851
7078 455
4707 2155
625 5625
5784 7824
6124 3296
5586 5272
923 2819
6643 755
3718 6175
4320 4786
5309 6087
3262 6687
6967 7917
6966 2495
5622 1900
7173 2420
3523 4933
6849 663
2452 3654
6730 7186
5185 5609
7664 698
4286 6037
728 3738
7982 3762
2816 4435
6210 749
4578 871
6090 4519
1015 5730
6593 4983
1059 2170
1865 2850
6992 1548
227 2035
7162 3858
5083 174
1645 4535
1924 4331
1242 300
5311 6968
6098 4411
5151 1615
2277 1258
6021 3471
6055 1055
5437 414
2551 4458
7529 142
5010 1457
3832 1287
7712 828
4059 2921
7590 6055
6648 154
5809 1051
7841 4318
217 1840
6237 2563
3118 85
4413 1066
4073 5362
4088 4201
981 6105
2123 6996
2155 1795
5620 4354
589 6589
7204 2376
49 1426
7705 3829
1451 5470
3025 6636
6777 3037
3714 1060
4890 3605
4033 738
7272 4957
3974 1468
2910 5215
4670 7290
6695 5884
758 2312
4859 3417
6825 6180
1202 4855
1673 5256
6825 1267
959 6227
7504 6476
5735 7469
4944 3111
5049 1922
109 2465
2022 6502
3502 4923
5738 976
2685 5169
3936 6323
2495 7072
6121 2101
5480 7998
3305 1502
5189 165
6835 209
4336 959
5094 6225
5625 5165
5666 5761
1157 110
6040 7859
7912 7585
1422 2693
1183 2607
291 4543
3553 3245
6970 3580
1589 59
3503 4497
2702 1613
3912 1615
4138 1267
2962 5503
7387 3896
3156 5023
4841 3893
756 5529
5501 7437
6490 6769
6624 6183
2450 6159
4817 1315
232 7968
6215 5188
4821 6704
4584 6311
5164 1674
2911 2478
7115 4704
775 3892
7672 7421
7891 411
3134 3498
1870 7696
47 1791
5765 5966
445 3355
7027 6225
1126 6057
2393 2610
7793 4404
3448 7681
4832 1845
5908 3295
6555 1208
2949 6763
4327 3079
5985 3818
2936 6172
4437 2312
865 1416
4812 2641
2762 7025
3583 4255
2581 6224
6916 654
6620 6423
6449 3634
5280 3258
4763 7069
7308 137
770 917
3993 6983
2397 7362
4203 5415
704 2881
4682 7203
7179 6512
6303 3115
5016 5622
3557 6160
2827 1440
6244 1923
7628 3802
4706 4986
4663 4422
7923 6659
4843 2521
7148 5417
3327 5390
238 376
4822 5828
7199 5079
605 5835
757 5635
3767 2713
3646 2125
6707 6528
6228 4994
3162 4780
5077 4439
6820 2142
6866 4923
1488 4507
5342 4044
3845 3469
641 3905
2040 6436
988 861
2730 4842
5078 2708
6002 2370
335 1362
2790 742
1002 5016
1641 4415
5403 7012
5765 3331
6592 4410
2505 5301
4239 4252
3036 214
408 6251
420 5630
6900 6261
6575 6055
2683 790
4351 4958
408 7551
5784 5616
4865 5635
2402 7169
648 2074
6221 443
2610 4861
3100 4197
4798 7069
7688 381
3013 5715
1624 1454
5816 6229
123 7003
4397 5749
2723 1234
4873 5171
2814 3801
5796 2786
7215 5597
2519 484
523 1772
5681 5206
1542 4952
2857 5854
6148 2294
4230 6283
1628 5956
1878 59
1806 6945
4637 4540
4896 3556
6680 7946
6338 2137
1772 7083
2155 4297
3030 590
1417 5005
1104 4238
7295 4955
7555 3145
2547 6121
1829 6773
4734 135
5608 3339
4099 2860
2312 948
4775 3327
7322 7252
7437 3109
4364 343
3599 3738
6955 609
970 4204
2542 714
3277 5931
1664 6063
6950 2112
5005 7235
2812 6559
1412 4806
2768 7434
3382 4902
2817 6074
4509 4173
7617 6898
4515 739
5410 2097
5388 677
45 7542
4151 6516
5530 4303
4230 2914
613 3901
2740 2204
936 6096
4373 7903
3956 4613
2845 1326
4867 6503
852 3399
2343 2560
6104 2406
6852 6526
2241 542
1991 7896
783 7215
3864 3961
4113 1711
7559 3032
6413 3707
7207 5801
1067 2154
1163 1568
4319 2239
6392 603
4654 7327
2616 6004
353 1053
7157 3186
1787 6854
4468 6766
6043 7636
2715 1112
3074 226
6149 7712
1130 6659
1633 1349
6562 4152
5180 2775
6817 3583
2583 1584
1475 6824
5463 2994
3542 2411
4251 879
1068 593
5170 3581
6427 2264
508 1523
1472 5235
7682 6649
3350 7513
1297 6316
1046 7254
7700 444
2796 3212
7441 6482
657 665
5980 7092
7103 5332
7844 7249
182 489
2864 1060
6750 904
4934 4032
2167 7237
4292 2455
3730 6008
4730 765
3624 7079
4685 1967
7254 7020
4969 367
4031 2826
1284 7053
2902 3185
6098 562
2681 5900
1546 4813
6731 3886
4917 6063
608 4916
7591 541
4799 1302
5058 832
1445 5041
5724 2166
1828 338
7842 7619
4142 736
6953 3305
2976 7359
4938 3386
388 7154
7971 4599
5458 5486
5223 3034
1487 5851
5427 5485
7563 1442
5952 7443
3756 52
4601 7120
4114 2783
3367 1492
7508 2984
2165 6200
3256 453
1588 6932
5465 2483
2612 1803
6397 4872
7849 1034
1476 2043
457 422
4475 3877
3399 4004
7092 5284
4679 6666
4635 6407
1893 5112
7473 7404
5634 7597
6932 7274
521 856
245 2284
6724 7167
3599 6643
2046 3880
2248 1018
1466 10
6664 4315
5828 3006
5386 1154
7250 3129
1544 6218
5980 5562
476 3102
3899 7130
3851 7122
249 3165
6717 3420
1695 7291
2776 5977
2166 2990
2214 835
3320 642
6374 990
5824 4017
2825 3705
6307 4590
7303 4001
6455 1258
1117 7449
6320 573
1648 5555
1987 1062
6623 6885
3009 2701
1830 5970
5896 4900
6554 1895
5237 6102
5978 267
571 2152
554 826
6183 3968
1808 1973
7817 6338
2497 5140
4124 1032
1098 7287
4997 692
6064 5915
593 2307
6940 6433
1783 7968
3200 7987
3497 7995
7197 3628
4621 3318
4538 2820
5066 2774
165 1925
5083 6769
4309 7142
6828 1246
5014 7522
3043 832
5483 6307
738 3202
3817 7452
1174 5921
6757 1670
5547 1640
1501 3000
1739 5160
6334 7949
3775 734
3363 1473
5277 4613
290 4686
149 2740
5391 4887
2550 3605
2759 1775
3240 4078
6112 6216
531 1853
7604 5570
3740 1825
6836 2519
6221 3818
4348 4884
4451 6982
5970 7276
4726 2303
6433 7532
6098 1069
1356 1645
3193 2135
2262 3153
6779 7025
1942 5864
2422 3784
6332 2407
4264 5576
5282 3117
4161 7065
6444 3373
6799 2207
3282 3188
3562 6926
3064 5223
1444 3548
3509 7002
4667 1320
6909 1111
2355 2699
4525 490
7734 2606
7777 2452
7693 7289
4400 3604
2800 2292
4096 7242
1126 6302
7133 3713
2910 752
5044 3452
106 3783
2024 2804
549 7970
4572 2298
3299 4092
1130 1212
7359 2230
1414 7748
6898 1873
7630 2551
7990 2616
6143 133
4613 6750
6864 5733
811 5098
4429 6351
6909 5362
2389 2356
6024 6875
4065 7354
3693 6635
2330 2842
7098 7439
2272 3081
7168 3898
1303 1873
2991 318
6612 680
1035 6223
5326 5840
6775 5433
2097 446
4683 1806
5934 4026
7131 5320
5267 2996
3793 2631
7709 6113
6129 5450
5104 3036
6899 4205
7716 539
5993 3567
6 1229
2619 5565
2944 664
2681 1320
4086 2377
1940 790
5280 279
2141 6903
4922 627
4938 1434
7500 5718
1083 7197
4130 3861
1882 1388
2658 6797
4324 7423
4649 2760
1796 4757
5969 3755
7804 486
6806 722
3171 4449
6120 3149
7962 6505
6832 4896
2699 22
7917 476
7877 7833
4937 7048
5346 1549
3750 2824
7248 715
7927 7600
3433 1846
3659 4055
4165 5012
3807 2338
1633 5019
7193 371
5105 7303
638 2700
4958 6836
5252 1617
7489 5751
3154 1133
1745 7122
6901 953
3507 4253
5663 5654
2507 7911
1607 3521
6236 1018
3879 5962
5607 6489
7739 4071
3548 7564
2904 3172
4618 5353
5131 431
4887 719
7158 1464
7837 4320
3048 2492
409 896
4863 661
5434 5137
590 7601
4303 3445
2677 3495
7206 744
234 4417
7798 184
3053 7660
2178 6250
941 785
1163 430
130 5038
4997 7599
7799 1924
7776 4968
1826 6117
860 1395
307 4956
7682 5506
7820 6564
6435 7715
529 4210
2392 6620
5218 960
1813 3808
6915 607
7636 687
204 5922
7520 4781
2482 314
3438 2966
7049 3461
5454 852
6335 679
4924 2590
7909 3774
5982 7118
5980 3443
6803 4122
6818 4514
2431 4805
656 396
1767 7686
2470 3273
7832 1637
4710 7722
3929 1202
3218 6844
2912 7697
4731 7606
6884 5576
5296 4741
4396 1530
2397 7892
4640 987
2908 7743
4614 2601
2781 6129
3714 569
3687 2481
1506 7752
1464 2936
445 6754
2223 7052
2406 6016
253 7829
1475 5097
1143 1866
1860 4586
7089 928
2515 155
4140 5654
1803 143
6323 5297
4753 2871
7067 5866
2395 2377
1375 7906
7501 2283
2652 2840
3002 2684
617 3463
1263 7568
1473 2997
6169 4787
7102 6759
1577 4898
3967 1563
3356 1286
1890 5122
4263 7273
5323 7803
7546 2775
3125 7781
1146 363
6228 4082
801 4723
4630 562
2405 4515
2355 1867
4883 4308
5872 1258
5107 4107
5803 416
4430 4654
3588 7129
7336 207
2026 2216
2739 883
490 5887
5947 4084
177 3413
2717 126
5230 6747
2487 2902
554 896
6481 2903
4275 2305
2552 4317
77 568
6656 2217
3138 5628
663 6760
6989 7902
4272 1676
6337 6081
3445 6843
6078 3468
1614 7797
7970 6175
6398 6402
1373 6888
3662 5595
6547 682
42 1965
2339 758
2375 5710
874 5613
6720 2374
5792 1642
6378 3033
4172 4781
5287 1839
3345 7242
7943 4376
2530 6883
2684 1885
2983 6430
7289 6791
911 1188
5913 6942
3116 3960
483 3391
573 5277
5523 6640
2445 4929
5367 2243
1870 1780
7199 4914
7206 7512
2392 3714
6708 7594
304 996
2357 2375
5517 3582
6994 5832
1717 3712
6216 206
837 7860
4400 6705
6780 7643
1897 6456
5642 695
2661 5013
6413 6238
6347 2123
4878 3054
4139 6867
4007 4722
767 5278
4102 4128
3539 5757
2656 5200
4544 3420
360 5567
7258 2871
1053 3027
6143 3515
2486 6906
1157 5826
4149 3297
5152 423
694 6385
2285 3094
1041 4
3383 1415
4206 2942
4676 7341
2776 6142
7183 885
3954 4740
7133 2924
6752 3096
7203 3066
2486 3769
3475 7071
6555 2917
781 3395
5925 3264
5900 6225
3363 4951
416 1990
1386 1604
1600 987
2758 3686
4867 6474
6935 2891
3408 1580
5110 4088
826 1585
939 4880
5106 7608
578 7909
1008 4938
4241 4191
7203 4724
7848 1003
3177 7513
3492 5856
1101 2829
6074 6421
6436 6216
7954 780
3999 2428
4881 1770
5749 7241
6508 7636
5851 4178
6317 6031
714 1744
3972 7455
1791 725
6477 7959
5023 2284
55 1960
3312 5335
6162 2743
6142 1501
7191 5874
2818 280
4083 2428
233 1
1602 1213
773 4636
5263 4387
1009 3847
7186 1602
2766 6576
178 3077
168 1175
7160 6896
5577 126
5840 298
3482 228
498 5181
6628 1404
4611 7296
5529 7661
186 182
6043 4712
413 2745
1660 693
6942 1016
2103 2725
116 5404
6861 6139
7990 4226
2445 7011
6897 4336
5269 3787
2059 925
3154 7414
448 7360
732 5244
7019 3518
319 191
5105 3604
859 4808
7578 3023
1119 7576
5508 7569
2251 1599
7 7455
1151 3776
5806 4803
7568 1409
5496 1853
7981 1513
426 2209
1622 444
1045 3041
5705 346
7389 3230
599 528
1139 2189
4804 1462
6538 3810
2878 4803
4162 2343
2014 6220
1402 1518
6236 7926
5471 7056
6683 1141
7286 7934
31 2217
1790 1014
6616 4627
2558 5871
3275 1664
1779 1275
2161 5607
578 3071
4295 541
2977 3232
6068 405
7555 4822
2605 147
6450 3509
2270 4876
6117 5755
2899 5138
6342 6520
446 6370
4606 2230
1819 3416
1802 4176
2748 1832
1192 2044
6234 1167
3123 1859
6633 6808
2886 2772
2873 5992
5428 1200
7227 2651
562 2557
4758 561
7763 5917
4846 6455
3416 6052
3308 6578
1723 4650
711 1521
3509 3979
1688 3032
7320 3662
7922 3774
595 6652
1540 4179
6849 6491
1242 1960
4787 3735
1598 2361
627 5287
1981 5197
4797 350
3822 4023
4487 7426
3737 2092
884 4587
3338 4445
3381 5871
6758 2582
5466 3620
6543 4222
3164 1358
2529 3858
7680 3000
3680 6234
2884 3165
7267 3825
3930 5469
39 6933
1897 3990
1624 2235
3017 5073
1396 1140
5283 1278
5263 2400
5728 1552
2831 6193
610 2147
3309 3503
2645 3621
5627 1777
7833 710
6863 3268
7138 5821
65 4466
3244 5564
880 6676
1882 7468
6007 6020
6685 6960
7505 5521
1256 6505
4726 2664
5385 4966
1299 6020
7472 7312
3393 6117
5745 3627
6059 4787
5609 579
455 4989
1293 5389
4728 2311
1100 925
4229 4051
1343 624
1808 7322
5899 4065
5099 1317
2007 5149
5478 1692
4784 7274
3013 4492
6801 2590
172 3072
5700 259
693 5535
7502 4407
4263 1388
4902 4810
2020 7871
7747 3153
5690 7401
4475 2496
1067 702
7050 3963
5455 6310
4161 5872
3036 743
6369 6422
7897 2269
697 466
2739 3675
7641 4115
2969 4979
6520 4300
6465 4982
5119 217
6731 1010
5990 3361
5837 3929
3538 2716
1792 1326
4893 6954
6894 7957
3589 5631
5992 2490
1065 4763
7841 3988
2471 932
5337 7987
7415 802
1161 2644
6166 320
1673 6710
2555 5190
496 246
7031 184
7283 1713
5697 6805
720 4249
7799 7863
7636 7693
136 1311
2881 7915
7873 5649
5859 523
1355 3214
4015 3942
7228 4204
6472 1477
5664 5742
2630 636
7161 4616
7694 6607
4435 4403
7476 3645
4145 1942
7651 1847
6493 564
7080 2605
4241 6374
1588 786
1300 5581
252 5666
4155 6456
4958 7503
4977 5464
2835 5349
7221 880
248 7789
4128 5724
6085 734
5445 1366
6432 7713
6179 3101
4190 6241
4553 1053
7930 1293
2836 654
3959 6904
4713 1529
7491 1753
718 3384
3685 1353
6187 5737
4869 7795
5028 5178
1690 7676
4661 5265
136 7201
4047 5181
6919 525
4922 4988
2330 6584
2365 1172
4302 6031
3289 5502
4250 4042
7181 804
7808 3796
7104 520
3895 2963
3112 1319
6887 6540
7322 7177
6182 4778
5976 2941
6830 152
4196 5792
1632 6316
7349 6238
6983 5505
1185 1414
5930 2275
3050 4974
4009 2701
3405 521
1843 5098
6075 4909
4163 7158
444 435
1525 7622
4310 6850
1952 1419
6100 7982
2451 2611
7436 7401
5980 901
2001 3048
189 7611
1472 2518
5852 2648
5729 5380
7564 4254
1711 3703
107 1985
2227 6096
7561 3109
679 6974
3498 673
3931 6384
3825 7316
7077 5579
7631 5802
3630 4752
4754 5637
999 3263
7023 7385
252 5589
3611 4710
1951 1471
2732 2581
895 1568
4866 4498
2321 550
6752 3183
3330 5751
7513 41
69 6224
4182 6052
5614 7523
1104 7156
5835 2033
5173 5899
822 6770
421 4839
7654 3779
2764 5530
72 7300
1891 929
3493 4720
6603 1868
2692 6505
3257 6331
161 2488
588 1558
4432 7948
1650 3843
5415 3553
2302 4192
3006 7989
1336 274
7088 869
3093 6178
3704 1667
3768 2908
5522 6871
5994 6881
115 6171
569 1064
713 1676
4215 7848
5864 1070
7630 3323
3688 2744
696 3606
835 1246
7741 5720
6763 3946
318 3784
6505 4662
5255 1660
6595 2975
1561 4606
2138 5463
6134 4107
2457 7718
3345 2797
4054 675
99 523
3532 192
6328 1902
2122 4297
3118 4984
6905 3956
3983 5195
6384 2779
5879 4289
3801 4664
154 3850
2292 1597
83 4088
5467 2419
2566 7365
1855 7492
6619 4247
6859 6958
4928 7587
6349 7169
1534 6738
536 905
2753 7332
5866 5081
2656 818
5454 7611
6187 7768
6788 3108
3622 2583
3395 1356
2265 1867
3949 7372
2882 5004
6852 4988
6615 5635
6427 434
4830 2905
7512 6215
6637 4989
3266 99
7939 6101
7772 767
6332 1503
3286 3636
4044 5989
4361 1261
6387 2064
7002 3256
880 4847
4505 714
7330 6449
616 5001
5125 4313
4048 4697
6188 2315
6063 2401
6480 5800
3513 7294
943 6835
48 2703
2610 1064
6650 6670
1619 6619
4665 6592
139 557
6792 2441
267 4289
6789 6752
3207 2439
3883 1331
4007 5103
5083 3705
3995 5518
2020 587
5512 3426
2577 3113
4274 5234
3531 752
4199 4814
4339 7275
3529 434
7473 943
3773 6031
1142 6975
2704 1498
857 40
5351 5986
530 5877
4071 5292
5767 1330
4681 3999
2396 4203
3244 1471
3392 7942
2442 652
4915 9
2496 7024
6679 3875
895 2607
2631 7965
4085 3859
933 7541
5471 3972
5514 784
4271 3537
2314 5895
3123 217
6127 4650
97 2955
3724 3762
4814 3350
6799 6667
2146 5903
4414 1532
7976 5838
4061 2346
2501 1186
7221 1868
4105 4097
6562 3367
1091 1011
6024 974
2503 4259
2927 2372
6020 4110
1141 4465
1903 4118
3891 2992
7019 1570
5201 3983
5883 7048
2112 2535
5787 1237
7886 883
2682 1544
5262 4671
4998 6857
4181 3618
6200 4861
5662 3481
5225 2059
1472 7361
5715 3382
2099 3722
1849 6729
4451 343
3479 4587
7111 838
4284 7691
2326 5312
1114 6197
974 1851
2548 6924
1497 5186
5913 928
879 2048
4985 3903
3363 3636
4849 3942
6392 5901
2545 2006
209 6661
7027 4308
2923 2653
4976 3496
4218 7507
5877 2442
7463 5158
6920 3721
6713 1205
2241 4967
4834 5493
5289 7457
152 1683
6327 6958
6466 161
5686 3283
994 2536
4729 2403
4082 1662
6753 964
2419 6677
1347 5459
490 3558
703 3540
3882 818
1102 534
4064 6598
20 3520
6391 7759
2314 2466
6688 6824
19 5735
1305 7586
7768 2955
4452 2771
5943 5922
4369 5762
6899 1789
7020 1397
7162 3415
7606 5443
4063 2702
421 6192
6861 5406
5911 4422
7433 1456
858 3456
832 4842
1540 5616
2570 3326
1339 5641
3413 4164
5181 3333
5016 6726
1684 5501
4150 7414
357 5178
1835 605
4482 6236
3725 2533
6933 3212
3582 3469
5852 6199
3878 7248
2248 2792
1600 7462
4329 7483
4130 4777
6778 4524
4159 148
5136 7837
2584 7858
805 3867
1692 5773
7384 6766
6507 4693
24 4713
4364 7980
1422 734
7812 4844
7378 1796
2129 1109
454 6681
4117 7799
167 6930
6478 2456
2290 2532
3083 1531
5431 4972
7863 3307
3675 3590
2694 778
928 4862
481 6569
2440 7550
3257 7293
4298 1936
2006 4965
5411 1274
2584 5590
4635 3516
5037 5920
5080 3035
1929 7474
3118 2435
165 2134
3148 6129
5710 1884
6643 594
4244 5894
1659 4279
2224 3071
5784 623
1873 3489
7184 4287
6102 7915
1651 2368
5247 554
4997 7604
7154 4956
3472 3665
5896 1987
6238 4728
7109 5660
2038 3615
6398 2796
3148 5616
1421 7908
3074 6636
3419 7707
7048 1527
7725 5127
5701 1317
2830 6840
3933 778
4630 5892
7932 7451
6470 7986
7413 2769
6936 1608
3570 1092
470 1556
3371 5147
3109 4318
758 1122
7594 6546
1606 7427
580 2082
2155 7049
1634 7324
1586 1082
1640 7719
5901 1419
865 4535
3176 5445
6909 1999
2783 4717
2570 4828
5957 1979
5616 117
7115 1417
2722 4447
24 4712
684 1050
4434 7218
3803 6719
4749 641
3008 5326
3832 5889
1998 2747
1782 2188
7396 861
3633 7615
5357 7381
3345 1857
315 7225
3353 7113
2854 1488
2107 2272
2957 2939
2278 753
923 7670
3785 1579
7837 2762
2287 3564
7647 3497
709 6230
5350 4355
5456 2489
4028 7488
6835 3715
3821 7370
7186 827
7756 3822
4945 1066
6945 6810
4308 6927
2694 990
3022 7350
6049 1
1302 7657
722 2187
6508 2935
647 6996
790 5104
7704 633
5552 3681
6255 1952
5025 840
5951 6910
1507 4486
1020 5029
6737 6623
1620 4445
3980 222
3131 2710
6870 68
4195 4372
4252 1905
1015 7841
2299 2380
5797 7696
6284 6384
949 5919
179 2601
2445 7940
184 2068
547 953
6941 1813
7506 7076
1178 4896
555 2398
71 845
7100 1974
2928 5953
51 18
4038 6008
6841 3584
6891 5486
2693 3479
5534 3685
4980 4115
7858 7034
3873 993
3032 2855
7504 3435
1555 1407
5153 4955
6318 25
5118 2190
3021 1058
6804 4197
7024 3291
647 725
5496 2442
5445 3074
6738 5171
1441 6060
558 5365
6993 3120
7166 2937
5559 5686
3234 5419
1509 5218
3497 7452
6693 5656
3081 1345
3906 988
6536 5392
1743 7192
1408 7422
6000 7280
2441 2352
3454 6865
7323 1958
5740 2871
388 7425
6198 3402
713 4416
59 4069
3519 2626
5377 4886
7739 3204
4647 69
3882 6811
5366 2486
5357 1150
640 5026
5642 5966
4594 7175
5314 7900
1988 3660
3496 214
1791 1872
6014 442
5662 6647
7376 5089
5302 2939
2435 6242
6389 2374
4095 5512
5377 2348
6167 389
49 4188
6234 5492
3731 1996
4000 3404
5194 1589
411 7427
3477 5199
1131 4228
5829 7860
2768 2928
5976 5843
2325 1432
6386 4831
1256 5980
3497 1099
7415 2932
711 7733
3104 4548
6793 985
1466 4688
7159 2507
1755 1294
509 5873
4034 4958
465 3437
4690 1963
6080 3770
1378 5280
7338 7166
4857 6650
5061 1766
2416 5138
3502 5240
4094 6895
3643 6015
5206 1961
3816 6574
7620 2067
6471 5407
146 527
382 6440
1519 1759
2222 3612
695 1498
4667 603
7821 6448
4627 5065
5207 6257
4613 7695
3596 1898
1701 5111
2266 1005
5624 5625
5190 315
3912 493
3674 7305
4570 233
5621 2908
7921 448
1540 3840
3809 177
6888 6534
4230 7953
7209 6493
1115 6290
5655 1740
5476 5773
1340 6445
3003 3672
1780 6271
3843 2356
7919 3108
5678 3849
1120 5034
4343 3123
4630 7675
1313 5224
2898 2142
2479 1756
4185 3240
4011 7894
6391 1728
6556 2316
6405 7124
563 2064
3456 7234
5548 5161
4840 2499
1185 7566
5045 881
5747 5571
3730 6138
2653 3388
6923 5872
6905 1071
21 355
6752 1345
976 7829
7419 519
1270 7241
27 1159
2679 5884
3183 2402
511 549
3798 4622
4758 2760
1597 5150
901 4844
5598 142
2789 6411
6869 3180
6333 6059
1453 5328
5485 6497
3437 3873
1537 44
2164 3010
1564 5344
3813 622
5701 1714
7041 299
1611 5133
37 7004
3459 5043
2879 2999
4602 4840
4405 6840
1916 7443
3532 4792
2672 3187
2782 6038
1136 4986
3127 4368
5171 1167
3480 245
968 486
6287 3179
4924 3944
1191 3140
6490 5707
4047 2090
3936 6016
6191 4766
7812 4659
837 2994
1244 7748
4936 5647
7671 3335
7612 7350
3887 4310
2684 202
6833 4036
1817 6163
1220 1628
509 350
6327 5041
1521 5746
3479 2170
6606 5029
1449 6822
121 4505
6474 3180
7034 2230
3911 3299
7682 5343
5881 3373
130 6515
1372 1462
1383 7018
7905 1435
3572 3753
6590 1303
1914 2060
6944 652
6479 4408
4224 5207
4924 7157
1549 4327
5429 1062
7248 2040
3646 4837
305 972
6795 7577
734 2658
2129 2984
7216 6508
4631 7463
4750 4163
5025 4174
3049 2789
1626 414
4498 7499
3334 2879
661 3398
7743 4533
3898 4689
3956 6282
2066 2246
441 1175
588 5581
4741 6285
5158 983
6780 5725
5013 2451
139 7316
86 5847
759 6255
5884 2430
2250 1606
5027 3377
2681 6547
7325 3698
6990 3251
369 188
889 1358
6476 6789
6345 7575
3040 5461
1584 2737
7076 4405
4962 517
2591 7787
865 913
6164 893
5552 7440
3711 1580
6155 4486
4812 1252
870 6551
5739 5509
6970 2567
4607 1368
7236 5461
2385 938
6510 4144
5007 3275
2652 4773
4236 3106
7305 670
4426 1425
2340 5310
4087 4132
3366 7460
265 1768
7701 7243
824 64
6042 2189
3593 7451
7330 1141
5842 4294
3 1426
1095 6370
5083 7950
6573 734
5291 4548
5531 5854
7343 3116
1124 7485
4145 5465
4686 2492
2874 381
6091 7928
5215 6140
3538 2469
3214 647
644 7438
149 4796
2274 5440
6018 1491
3627 1932
2426 2558
5838 3319
636 1754
98 1746
7648 4913
2424 514
5490 7176
5646 2031
175 4564
512 7155
2667 3548
5756 3339
7961 2781
732 542
4461 2534
3833 1448
5718 6361
7505 7910
3641 842
2543 4677
17 1333
3044 7444
4634 4526
1752 6373
3121 6860
3690 6827
2699 7225
2963 5591
3371 7650
6408 6659
373 1291
4244 3188
5719 3671
4761 755
6694 404
394 5708
3371 3918
6492 5451
7639 2367
135 2721
3958 2284
7412 6671
4290 1288
3518 1284
4421 760
2046 1552
7520 3419
3008 5560
1460 7301
2472 3833
4101 1564
6092 4436
5928 3492
4397 3972
522 94
2940 2849
873 1378
1 7660
5043 1743
5116 5891
7415 1878
516 2537
2599 6229
5634 5745
1947 2033
7139 1602
4740 7938
630 3769
5355 3375
6697 6426
1659 1151
5228 2793
4522 3659
739 3746
3034 1345
7269 3556
667 2717
426 3852
7344 5178
2313 3689
1574 4184
4031 3011
320 783
3939 5844
3093 3734
4258 3666
590 4561
3441 1998
732 422
4500 3386
4393 1685
4115 3222
5631 3754
4083 882
7446 4680
4324 5904
6996 2395
7843 5556
2643 1386
6344 3768
4940 7268
161 1090
7362 4005
7706 3210
5080 7371
3786 6553
1097 7841
2419 395
7117 1110
2296 7407
3519 4900
7555 89
4549 6670
5690 3781
7956 6269
1957 2990
7791 6346
4680 5626
2934 4567
674 1673
248 2763
6 152
427 3438
1349 2739
7532 2529
3527 4061
3546 223
5342 6042
2635 5527
4669 4884
4458 4740
3862 337
5900 626
304 6849
6534 2560
7576 6940
7350 1199
115 7874
3390 2441
1670 499
1511 3284
3114 4026
746 865
1918 4459
4596 5451
5595 4207
6502 7126
3024 4913
2213 1372
463 3976
79 3388
5844 4315
7636 7556
2116 559
2404 2397
7859 7221
6575 7904
2779 3944
6961 3618
964 2244
4279 3452
5103 392
7282 4794
7723 409
101 1694
687 884
6256 2291
4670 3439
5014 3688
5042 1399
4681 6638
4229 6759
5999 3521
7183 5926
1819 6378
7376 5426
2540 7817
4882 773
3546 4315
5915 3240
6624 6123
1879 6573
2800 4253
348 5939
1166 5947
3335 6250
6674 4777
7713 7052
5777 6069
6856 126
2205 2322
3294 3853
7058 3718
1261 815
6411 1236
4959 254
6743 3902
1670 2076
7599 4353
77 7915
5340 817
5552 1426
6069 2128
3156 3453
6757 7679
5330 6181
3521 2761
5573 3926
5778 6773
5793 6329
4091 298
3525 5118
3854 7968
1318 5653
4549 5815
5011 3290
3724 5677
167 5996
5758 4372
1572 7201
1417 1716
3908 2175
184 6771
2647 868
7141 3073
2993 4848
5738 5111
7057 2748
795 657
2774 6733
2420 7429
5688 1477
5879 4161
2240 3071
2372 7253
716 4975
4176 6710
1543 3921
970 2600
7883 5711
4428 6204
161 7044
1322 4807
5386 6281
5959 5665
2062 1142
6292 5691
3128 6851
1190 5659
4776 7278
557 7293
2176 5030
7748 4341
4179 6076
700 6192
7520 1888
741 2149
5129 7427
7935 7996
774 336
3139 3600
6830 4841
5646 4374
6842 2782
5295 629
4854 5876
4970 5340
4160 723
495 6532
7897 3313
7843 3591
2948 2371
770 4256
4004 7587
7896 515
6275 3720
3544 2011
685 7596
4941 1154
6518 861
6762 6979
3794 3007
1722 6263
635 5454
3083 4329
3220 509
7285 6222
3355 7801
5008 6900
632 3472
3135 7390
3063 7337
1312 7954
2031 6718
5774 257
4133 7067
7575 5944
991 7507
1828 3943
551 387
2507 2741
6321 4365
3025 2115
2573 7411
287 5205
6165 4188
6938 5178
127 1857
182 1142
4400 7561
5661 3798
732 2194
4193 4428
5262 6152
3979 5620
162 5431
2888 2391
7152 5521
5620 6110
2432 4735
6197 6395
773 7699
174 3451
4322 2306
6953 7837
4948 62
6478 1340
1939 7237
7630 6320
4402 2917
6058 1150
5784 6492
3227 2558
7836 2421
7948 469
6617 5979
6931 4327
4075 4245
349 1196
1084 2894
6389 3947
1722 6987
3784 3149
4789 6146
7850 2479
3795 79
5944 5763
3650 5224
2953 4412
4400 1178
2400 7616
6386 93
1634 6976
1343 7775
6909 1791
152 4305
4948 5641
4208 1784
6005 6470
5689 5683
2131 4353
1517 1836
3101 6908
2009 6997
6526 3965
968 6595
3893 4465
2218 7341
2269 4166
5260 7880
4048 4083
7945 6474
6808 4576
5180 192
7814 6128
4411 3715
445 2060
723 4681
1510 794
5403 5689
2787 3884
4502 1221
6445 1972
1462 4102
263 6318
408 7961
7082 699
2847 615
4032 6511
6341 2126
750 5236
7140 2238
1396 651
7964 6607
1947 489
2454 1636
5305 121
4064 6789
3716 7258
2036 6578
3339 1514
851 3993
4390 2991
29 2109
7043 5814
165 3322
5284 7233
1165 6729
7284 2378
911 644
5913 598
1001 7284
131 5389
5292 3002
174 4550
5872 86
47 3699
7560 7322
6912 5161
3457 3987
4891 6367
4219 7381
6733 7173
5902 3367
6644 6633
7344 2474
2381 2951
4154 7734
3614 2110
5172 3987
4677 5511
984 3476
370 1603
939 7533
1361 5906
2744 4119
1919 6334
1024 4471
4418 1839
5969 2057
6132 1271
6000 3017
2283 639
2113 5368
7420 5241
5154 1810
6941 7970
6983 4715
4617 2418
5370 34
6883 2468
7199 4802
3630 6200
2619 1731
3713 1366
5301 2491
2965 5473
7462 3719
5098 3289
4056 2186
2620 2236
3191 3972
3188 7594
6842 1621
3656 2727
1260 2255
3839 4703
2984 7320
2686 5878
4148 652
3573 5611
5830 1204
926 4065
5236 5937
7707 3909
1406 2849
1078 5641
328 7880
2866 4635
3124 5960
5367 2932
3305 5272
5621 6375
2465 1212
2537 5745
5522 424
2850 5098
2902 2061
3094 988
3899 4686
1000 7593
6627 4084
1200 1975
3717 678
3813 566
6719 3599
773 1844
6646 5078
6758 2505
5754 1441
4798 64
2473 7354
5613 5803
3956 1060
5978 919
5420 6124
5483 7282
3426 5370
3718 6418
6332 651
1540 5326
5432 3355
383 2211
5489 4119
4281 267
5789 2284
2432 3605
2365 4793
285 1783
6976 5565
5728 1697
5881 6825
7914 62
4973 7612
1590 2455
7792 7519
6230 5965
2770 522
6052 6547
7174 7711
1298 6439
4410 4146
7836 736
3827 3619
2402 7373
683 4077
809 2589
2187 527
3121 7785
5727 4080
6553 712
205 5159
820 2101
7172 7961
899 348
4373 724
283 1407
4252 1573
7952 7560
3874 3568
4288 7301
3220 740
4501 7509
5584 1262
3100 7748
1389 2981
1907 7558
1466 3822
2656 4540
7726 5838
5443 2326
2672 2752
2953 7206
5569 7898
4859 7354
3423 1790
3749 5020
6775 4663
4053 6121
2983 2068
1350 2066
589 7579
3466 2260
4436 3573
4896 7547
5375 6622
7680 5233
4145 1066
4917 7532
1541 1900
974 6077
1859 6787
5798 498
7769 2772
5890 7462
1601 3931
6399 175
3896 4946
3682 814
2044 5811
2988 1768
2531 5521
6664 3832
3940 7568
3057 2525
1815 2001
1484 960
2833 6922
4418 7815
1815 6843
4356 328
6322 735
5125 5692
227 3685
1705 511
7921 3001
7750 4763
4439 3525
3086 6172
243 338
7536 5123
2420 3326
5118 3860
4504 1613
2683 1131
2821 4682
1521 3354
6727 265
2443 2259
5271 6985
4743 7446
1279 2509
7505 358
469 1488
5712 2117
6792 1955
7861 4107
5919 5383
4834 2023
5537 660
3991 156
2037 7324
811 1231
4191 968
473 1913
6729 5302
4065 1070
3480 2629
650 4465
1976 3390
7481 4176
968 3580
1013 5727
642 1639
3961 1333
3826 1460
4684 1562
5040 410
4949 5859
773 1441
6367 2482
5147 1682
5029 95
6494 765
6022 6611
6677 348
4246 591
7003 1356
2358 5387
17 6150
409 1942
6968 2905
2953 4986
913 4897
1205 2215
309 3303
3718 2436
7808 210
6633 3051
7023 7783
6557 3012
6710 4601
6682 7667
4254 2511
6284 6425
2065 3366
644 5567
5465 516
1387 3879
4451 5915
2563 7945
7412 4734
2295 6724
6068 4310
4974 3869
4335 2740
422 4196
13 7055
97 6363
6157 233
4320 6816
58 3073
5095 3791
7832 3584
3527 349
2549 7558
7746 3300
3109 4850
5551 60
2462 1996
4721 3286
3430 6685
2290 5053
1835 1826
5647 4330
2492 7177
4483 5765
4188 5837
2162 4093
1082 4489
1562 2031
3488 3207
185 4438
2193 6837
7995 4188
2418 235
1064 5391
5534 5827
3989 2933
2055 2955
4117 3390
3313 3950
7683 7415
1245 1040
3797 1364
7235 2892
4043 2610
1994 601
2527 5980
57 7636
3854 4503
2763 1932
7649 2318
3057 1244
4145 5351
1646 380
3323 6324
4591 1580
3765 3703
1598 4665
5088 6102
316 5830
3107 6158
4189 989
4676 4048
2847 2864
6034 5205
1772 1865
4473 4988
2869 5131
4486 7748
1921 4469
1288 1003
5141 6810
3259 5472
1539 1858
4302 6760
4208 2286
4617 4691
1043 3430
7704 4990
4439 4048
6629 3206
2979 2195
1658 2489
3377 1545
1699 6214
462 4053
2156 3880
1936 4368
5068 638
3466 3023
2800 1990
1031 4611
387 2805
255 3234
6015 6625
6626 6654
5396 7762
3909 1650
4344 5428
7705 7275
5012 782
1163 273
7166 2936
3183 1692
1321 2513
2118 4372
5176 5417
5132 860
2814 6534
7264 4624
2152 2016
1522 1735
3001 1553
1412 7585
1907 5855
2883 7362
998 6376
2981 2155
6083 6328
322 5598
3062 6174
4203 5607
1039 2828
6335 3381
7718 4299
7683 1009
3589 7576
6778 3207
135 4351
4549 7734
6046 2006
210 5828
7892 5857
3628 6939
5621 4185
5525 7167
6673 871
6912 2657
647 6009
6775 5270
6193 5737
214 2459
7752 5516
6320 516
2662 755
2541 7028
6162 1016
1437 7455
6982 6456
2764 7765
3907 1760
3902 1402
6346 7121
2233 1438
6131 4286
2662 5444
2259 84
4496 3184
6658 7733
4368 7361
7842 738
6920 7414
7868 4149
2280 5906
4808 124
670 5378
4662 3323
1438 564
6195 6380
858 4466
2613 1873
1617 6001
1287 6739
3945 2966
6643 4990
3247 6724
606 5937
2906 7512
4341 3119
5245 7107
3318 2347
5914 7130
6161 4914
6016 7652
7387 3539
1615 2511
1587 7346
4333 1497
7778 3698
1987 696
3000 6702
5756 5690
3939 5408
7292 2157
4229 5347
2522 6776
253 2316
1002 4463
7457 370
6252 3513
3329 1584
399 6108
5674 261
3250 5221
5721 5916
5887 7821
2134 2167
4748 6939
4365 2220
5217 7172
5998 1073
66 1949
5474 4212
781 29
2329 5159
5276 5219
6482 1809
917 4419
6934 6016
48 30
2601 2562
3350 4275
6807 2954
5665 5722
959 5142
7131 5262
6984 7683
3694 1945
3733 52
1335 5318
2173 7796
747 1820
4607 5092
3126 5429
716 2847
6057 7454
206 7445
3616 4462
6298 7378
5266 5246
7018 3194
707 435
5571 6126
2801 5801
4376 1219
4910 4350
6266 5301
2372 858
1712 7973
3601 840
2521 1649
2445 5831
7187 7996
3770 5762
2065 6549
4533 3610
3542 1035
3113 258
7857 6322
4465 3283
6958 6753
4985 3864
2120 6080
5758 1635
3578 2371
1925 682
2910 646
6183 6226
4862 3181
962 4224
6047 5761
3595 2911
5202 6075
159 6831
6152 7294
1533 7450
5257 4558
1747 7704
3879 5352
2660 4907
3859 7156
7142 5458
4544 2741
5134 7808
6047 405
1590 3460
928 5614
5638 4630
2710 1098
5637 1891
3895 1083
392 6668
243 3513
2342 3814
3938 5160
5283 7862
4888 1859
2319 7264
1351 6504
7873 2872
454 6879
2698 2901
5081 7137
7766 5256
79 5894
5932 3864
260 2691
5950 6206
1913 1751
5225 4817
2210 5539
4274 4218
4755 1030
396 7546
7148 2477
2719 3749
488 812
4512 3751
5099 5681
2720 167
6335 3860
4066 4345
1939 6622
4834 1925
1659 517
298 4568
2585 3891
3387 537
364 7546
5348 6416
7120 6818
6078 4662
5058 1714
4548 1757
3695 2353
5342 6244
3475 6811
6289 4692
927 7136
5482 1554
6043 860
2886 5777
7151 7729
1828 2007
3769 2060
4847 3322
5707 7734
5829 5792
3178 4884
6409 1144
2141 2488
1976 590
6653 2439
4191 5930
3719 6384
675 2660
3727 6805
7359 4535
6893 5874
1475 915
5115 5798
12 5373
2620 2118
4314 7839
5392 6957
3749 7389
4690 1942
7533 1380
3915 599
3996 7692
335 4210
6293 7940
3073 2690
2828 1453
4337 6443
4761 7933
7783 755
1275 5535
7712 1839
6195 4918
6679 6670
1326 7371
196 2097
5706 4418
576 5950
2809 1113
5979 3311
3645 439
1517 1202
7542 1795
5403 5518
4671 1281
1956 7520
4213 235
2410 2568
3698 5418
4258 5195
513 138
1497 29
1294 4023
5140 1745
5937 7779
5675 153
6839 893
3279 2790
1036 7993
4021 1932
2895 2573
4014 7900
4939 3972
7303 4155
7740 1537
550 4216
1606 5622
4102 2708
2641 7072
2356 7468
6014 1111
3724 3548
4071 2396
5053 6726
2591 2916
7511 7977
2561 5342
6132 6283
2127 1392
1982 5606
3876 6963
4581 5068
964 1505
6760 2367
5536 1668
7115 3513
3786 5275
7082 1020
1817 4068
7011 6833
7711 2590
2883 3358
7537 3830
1570 1514
2336 766
5812 5497
3967 2583
903 5358
2157 5999
485 4120
2746 3305
2697 2899
1844 4473
1040 6778
81 4584
2846 7172
7026 5896
1428 7770
489 1726
3189 7471
5425 5056
4959 5038
2965 3363
7404 388
4407 7955
3318 1159
3440 1476
7214 1712
3280 3791
3052 5709
101 5177
6971 1622
7613 1641
1683 622
7082 312
978 7223
4803 6938
5999 4328
1495 75
5608 6829
4971 5413
6367 4955
375 4028
4093 2214
5778 7187
1060 6031
3950 4811
3284 6304
1373 4252
805 6268
21 3147
5042 402
137 311
3500 555
3398 6314
6229 2328
2248 1299
6911 1002
4981 983
1514 7868
352 6255
3634 2397
7069 4063
5886 2053
2612 1006
6222 6581
3276 184
5266 4037
1793 2424
7646 1460
7581 547
6804 3855
7838 7568
3048 1919
4726 593
414 489
6355 4759
2464 42
2297 797
2245 6549
1177 1414
4356 6954
7732 6813
5089 2162
1201 711
3902 3626
639 7174
7797 4727
7365 5003
1233 7979
2729 5663
130 4361
2385 2253
3348 5411
3044 4756
7276 4145
216 7774
4306 338
6988 5069
7859 363
66 5024
2398 5447
3319 967
836 3077
5255 7171
47 6360
2976 7425
4235 4413
734 3444
2360 1335
4849 2949
2753 7074
159 716
1681 3488
5931 7536
5466 6918
1768 2374
876 6023
2828 7649
2596 1746
2200 7750
4724 3281
6443 5384
792 157
881 3032
4178 493
2355 2043
485 1367
3060 4017
3730 473
4825 3609
919 6327
1310 6148
5585 2357
7684 7317
1737 2737
467 3168
6907 3556
6824 4341
6658 3341
4791 4160
4241 7672
2429 1709
6722 5567
1647 6217
4849 7315
328 6342
4422 2770
1887 138
3745 818
6585 2175
5415 3681
7648 352
3505 162
9 5244
5312 2269
3768 1560
440 2670
357 2958
2503 605
7845 5686
4683 5038
7777 86
4694 1851
5410 1791
2684 402
2149 5181
1243 3704
3903 4498
7048 6044
1124 5694
7059 2424
7630 161
6393 7016
3847 7943
5935 4684
188 3674
1264 4193
7086 2608
4537 7442
2526 6063
7032 7714
3245 182
7379 2585
7465 1033
5436 1623
6418 4295
1987 1984
6484 5260
3065 1422
3317 4044
6774 4073
6274 5265
7466 4342
6067 4553
1451 4216
2554 7163
2931 7948
4676 1270
6331 7762
6570 4416
7341 4015
7618 2227
7831 3923
4951 3911
372 5505
4778 6015
3779 5675
6486 3420
4583 2983
3430 5644
6642 7853
1862 2088
491 1606
3459 7202
6196 665
2522 5971
4554 2319
1928 41
5353 1895
383 5199
68 2693
929 5134
1363 2160
4591 5976
5431 572
1664 4622
4433 6978
7055 3879
7314 316
1112 7942
1634 4298
7854 3212
4451 5839
7711 2173
925 4193
7373 3337
7100 315
1477 7734
3098 2798
1737 1009
2205 6087
7394 4507
7271 2155
891 880
4526 4971
7512 6677
6590 4781
273 1391
3553 892
6807 6160
6218 2545
7881 445
893 3513
2119 3352
7813 3043
4522 2091
4397 3925
4398 829
914 1104
2505 4149
4609 4703
887 6704
3718 5314
3818 1352
2117 2967
3923 1456
5708 646
4455 6866
3436 771
4324 5347
4061 6337
3714 3700
3339 6547
4890 144
5626 3073
3623 3564
5913 507
1146 6339
4795 3236
1739 7629
6861 593
7365 6197
6575 2836
6271 1672
3020 446
5963 101
5188 5155
2374 6374
3079 1836
7786 678
1511 6514
5200 2179
2589 5552
5774 4250
921 3743
6962 5296
3287 7759
3166 7161
1895 7723
6402 1076
7270 1844
3353 6896
5446 5603
1539 4462
2375 1448
5156 5658
358 5650
2175 7914
1273 1370
2157 2540
121 6721
7111 7836
5876 7893
6077 2007
539 1165
6388 1129
786 2984
5061 2530
5258 6933
6800 612
364 7493
7043 6079
7528 3097
1011 6893
7446 5906
3315 1075
4444 2181
3327 2331
6032 4456
1709 2596
3821 7187
6906 5900
4213 7912
2819 3373
1813 2185
4232 4522
7824 1036
5931 1771
6926 3561
1731 2223
6746 6670
965 4363
3110 6017
4748 616
4824 3465
5264 5412
5441 4575
2595 6646
7984 7707
2396 2374
6169 7642
2025 7966
1280 4001
2218 1643
578 3935
2679 3185
4169 1945
4960 3552
5404 4888
3887 2868
2266 1821
7103 7613
1835 7081
4422 755
2028 701
5493 3754
1328 7512
3864 5072
2632 3582
2868 6072
648 1839
7039 4309
1997 5187
2562 2004
5768 7259
7311 2134
358 2320
5322 7958
4196 2426
2187 7004
4584 2859
7118 6216
3533 857
6980 3726
236 2082
6726 1651
2924 349
430 690
3927 7808
5658 3184
5509 4285
1548 255
5191 643
6799 5528
3447 4507
7150 1781
7249 7799
6710 3361
4910 7319
1394 918
5730 3533
7320 5821
2700 1421
601 3674
7528 15
777 77
1676 1828
4219 1229
5931 7913
3853 2653
5582 6818
7823 7718
579 2289
844 4278
6669 1163
1026 7707
3068 6764
3958 2083
327 2069
7006 2486
3312 6842
2812 2643
6838 6748
264 7868
7635 2520
242 157
3325 2736
3470 5473
7043 5864
3033 3215
2369 7503
4119 7069
5014 185
2493 1771
7295 689
1874 2388
6445 3993
5355 5106
7782 7547
3893 6621
3716 4995
4248 2466
5862 5917
6722 4346
716 2723
7719 466
5414 7384
6384 7502
2006 6779
2040 4873
7911 7209
3763 7497
4078 4176
3993 6803
6118 3951
4179 3363
6653 6376
5754 2798
5263 4224
5200 1435
38 4945
6709 7623
1984 6400
4343 5241
7771 1283
4569 6449
2508 5023
2678 858
3637 881
3920 3351
1456 7692
6380 820
4836 4594
3456 2723
790 7548
4752 7465
2408 6013
1374 4300
7118 7822
4973 4735
3668 7044
5677 7453
6274 1751
3947 5501
7634 1380
2050 2868
6211 684
5049 5477
6472 5961
1588 3419
5357 4086
6195 7307
3107 6831
7911 4438
6472 7400
5551 4408
2781 3033
5320 4669
1879 3608
3478 1834
3597 2107
3012 2522
501 5443
2774 6389
5565 3495
708 4602
2543 827
6150 7642
7239 5100
1728 1985
7302 5377
5536 2470
4226 1564
2153 6776
3470 2224
2789 1805
2502 3949
808 3952
4192 6329
6889 2299
295 7003
7777 311
5785 4184
5236 7334
3315 4804
841 1252
785 6151
409 2487
6080 5900
4261 1121
145 516
7979 4209
3697 1505
2899 6013
3496 334
3963 2180
2728 2935
7487 4277
6378 6283
4835 2504
1698 5208
3772 739
7447 1921
7671 4278
7902 4993
752 5640
4318 6216
2423 2741
2753 7554
6026 2474
1194 2566
4518 6022
5790 5112
4340 1362
5115 4845
3547 7011
3599 4909
4599 3440
6487 3929
6155 7977
5102 33
7272 4107
189 6676
7179 5466
1339 5210
493 3636
1726 7607
2671 480
5161 6773
3032 6090
1856 7601
7823 3756
7518 3531
530 6210
2375 5012
6358 6348
4711 855
4080 1016
2750 4075
3161 1897
2912 5292
2404 6166
2030 6994
7270 3433
7162 7684
5705 7385
3354 2099
6047 7049
3210 6307
3658 7691
1727 5788
1917 4719
7806 5691
2667 6278
5798 7538
2988 735
7087 1421
2214 4545
3341 4105
6628 6875
2630 758
3665 2187
7280 2628
558 7411
90 4050
533 5526
5091 2464
1947 3507
626 2471
5328 3954
296 3354
4059 5221
6220 3740
1796 4816
6281 7796
6413 454
2607 2868
5639 4656
1305 6726
1318 1117
5368 3373
2112 1135
4106 681
3143 511
3173 2736
287 4241
2052 407
6654 256
5693 4875
6129 6051
5394 3393
3755 5655
5698 6323
6067 3216
953 1042
604 271
4143 4543
629 4255
2694 3988
1601 4940
6915 1349
3734 4149
1760 360
363 3194
2683 2538
3387 1502
7206 1163
6730 6522
1174 5625
6549 7326
1003 2971
5971 3549
5213 6461
1880 3360
713 2707
6277 6355
357 3792
2551 4406
1942 7415
5668 5906
2644 425
7820 6271
1471 897
2883 1237
3419 5936
7038 5540
1414 1411
6178 5716
4850 623
6643 5019
3174 5739
3783 6913
7118 137
7265 1438
3073 6474
2106 7255
2638 5990
1395 4411
6373 3921
4059 525
1805 7999
2462 2905
409 127
1969 2360
6870 546
3117 2886
5716 5202
5380 3135
7827 1892
5268 1180
1949 507
3804 7294
3593 7665
271 2298
7126 745
925 3306
5909 4961
5421 5146
7548 7477
4092 7102
3890 3653
2313 6626
996 1284
3288 7800
7518 1015
4209 6512
6327 5998
7886 972
5162 6449
4803 7771
2924 3115
5375 5032
5600 3704
6327 2004
4867 5860
2190 2681
2291 2560
3124 2223
2955 3980
1008 1349
5510 1230
1617 3456
3901 2982
4391 5351
3945 413
4922 3901
978 5744
7053 1124
4567 5239
3778 5830
5737 3604
705 1441
1696 4417
3846 1081
2398 4833
6989 2431
7246 1421
1881 1091
1891 7728
147 1392
807 3225
5670 4120
6750 5649
7564 2724
4951 7006
4099 5697
4291 6869
7909 5391
5832 2784
7340 3434
2793 1752
7301 5855
1655 7142
3549 3580
4946 5579
6952 7454
4384 790
5581 3905
1479 4854
2958 6057
1217 1322
67 111
2323 2263
4623 6286
52 1563
5090 73
6380 622
573 2848
4552 7296
7994 3552
1707 5840
4418 1395
20 3612
605 302
2806 1589
4453 6844
4209 7798
2610 7221
1272 6767
279 1388
5166 2552
2550 3588
1546 481
1601 5529
1430 6319
4513 4220
2582 7524
4692 2493
2265 2633
451 5864
4780 6037
3224 2305
7858 1103
3769 6289
4630 7892
7567 1831
5894 5085
2668 5039
3912 4322
7154 3835
6177 1248
3293 7922
6068 1777
3206 1626
3873 3133
2756 3630
359 5348
2572 7521
39 4021
3279 5793
50 2539
3382 6580
4499 1757
562 6501
5796 1437
5318 6877
7174 3411
7367 2157
6641 7398
2402 5044
6805 4712
3849 4727
7174 1429
4439 2122
7666 2179
4199 3852
6728 4319
2739 2775
7881 7118
3992 6137
1623 5323
7547 3607
912 4295
5152 2973
7325 6193
6412 2654
6238 5400
1092 6638
3773 2412
6623 6921
1511 5535
3273 2096
1515 2908
1624 627
3950 3006
3924 1005
1380 225
3967 3701
6134 1258
2401 6375
1654 4156
697 5454
3967 1102
6805 5352
5849 70
1995 5350
2293 5563
4180 1300
4786 6893
2032 4200
5988 4484
5 4318
5390 5273
2068 6402
5281 6647
1074 7734
2934 5134
81 4288
4785 7995
1421 1794
1930 6016
6180 7761
6744 820
4485 4568
2117 1151
4482 5935
406 7329
0 2177
2956 2325
7581 7452
1557 1210
3407 1891
7015 2871
5445 3299
6083 7839
4067 424
6797 2358
6480 5204
4718 7526
3797 2023
663 351
2354 6291
7387 5089
3675 5301
2520 2380
3857 896
7942 7742
107 5450
4849 5230
3309 5063
4892 3833
1438 4769
1469 6418
6178 3532
5847 2301
4044 2106
1256 6845
4102 5772
5235 7579
2076 705
3620 7097
6966 6544
2719 3893
7313 3805
1095 518
5122 7165
7778 3146
6941 2275
6312 3730
2745 3240
1489 2468
5502 5008
7693 3991
2867 1792
6297 7071
3196 4435
3032 6370
2672 6981
7599 6654
7034 2297
5586 6218
6168 6490
30 3382
