80
6400
60 22
23 8
52 10
75 54
11 21
31 13
52 11
41 18
12 33
9 21
62 0
2 69
6 24
20 1
8 2
32 44
9 77
4 59
7 48
33 40
68 72
38 25
59 47
0 45
54 42
37 22
47 45
5 19
75 46
65 38
64 12
26 57
21 28
32 16
25 37
71 76
14 53
24 46
63 16
26 60
38 27
28 45
44 66
70 32
29 68
59 79
20 43
2 14
8 12
6 11
60 27
47 6
16 14
19 34
4 60
54 72
15 60
47 69
63 74
11 51
29 18
73 56
21 74
55 25
57 32
42 32
32 77
72 54
74 27
15 75
39 2
72 46
30 24
7 55
2 38
24 45
1 25
69 38
67 45
1 25
77 2
29 69
57 50
70 47
6 17
37 54
72 79
4 16
37 17
66 50
60 27
59 72
54 30
46 7
59 72
37 31
52 72
14 28
37 74
21 48
1 64
2 51
30 17
7 39
14 20
54 39
62 47
14 57
15 35
22 69
77 60
66 23
71 29
16 34
76 43
59 36
41 50
25 53
58 79
4 75
45 43
57 46
4 75
75 15
17 3
18 51
3 16
77 34
64 39
64 17
68 73
2 39
11 56
61 21
13 38
35 21
0 46
37 44
25 74
64 63
62 27
46 72
2 37
2 39
27 22
31 78
12 65
57 54
27 59
26 27
75 10
51 26
62 25
56 62
30 35
5 61
27 28
14 58
52 8
26 4
31 48
79 27
11 20
57 39
21 25
66 26
3 57
23 55
21 49
75 49
34 64
12 47
50 29
62 20
74 23
25 0
37 0
40 13
38 41
47 50
45 44
23 61
67 28
15 23
67 55
79 72
33 52
33 43
26 19
22 70
7 55
4 74
41 16
68 35
64 22
30 41
43 4
58 35
70 40
27 56
19 63
19 68
1 22
20 46
77 47
1 64
43 20
46 27
55 23
51 49
35 12
16 19
59 33
7 51
13 22
74 54
18 48
69 26
44 39
36 26
43 11
49 45
10 37
0 19
32 74
60 10
72 36
29 0
2 77
12 55
24 14
27 4
28 7
27 8
44 35
3 13
69 28
13 17
25 77
7 48
13 58
58 13
39 34
6 52
59 61
49 18
63 18
50 76
65 67
75 33
38 75
11 58
3 60
1 44
15 43
23 75
79 57
39 2
75 58
78 5
10 79
67 19
49 19
44 14
57 58
8 77
46 59
46 9
58 2
26 66
58 41
2 32
13 28
50 75
40 50
53 8
45 2
19 28
47 0
52 10
57 78
2 74
0 42
16 71
72 23
2 65
7 62
64 75
19 77
40 34
77 74
32 73
3 5
14 0
16 74
71 38
72 71
18 13
12 73
23 47
57 46
1 53
15 17
1 20
6 51
28 69
38 61
15 32
44 12
69 65
70 75
48 34
32 46
7 23
68 40
19 42
36 63
48 5
21 6
62 36
61 67
47 79
15 12
57 30
44 35
42 61
75 15
46 55
17 2
65 1
59 57
15 51
11 63
26 70
69 36
68 7
0 42
17 55
15 73
36 4
32 19
14 68
70 9
26 29
54 65
78 16
21 47
5 47
33 19
43 72
9 4
20 43
7 34
9 68
6 77
33 1
70 41
50 79
29 54
37 25
8 3
4 63
19 13
52 38
27 60
19 67
54 30
60 3
1 70
47 53
14 5
29 72
7 56
1 68
11 32
51 75
19 55
42 19
30 2
53 59
17 12
60 55
60 44
15 36
36 41
1 19
74 66
73 21
32 73
34 72
75 0
62 61
23 59
36 38
24 6
3 41
20 72
32 1
28 63
2 54
70 5
59 58
19 49
20 49
70 32
42 76
9 24
60 37
44 6
11 46
11 50
45 16
46 61
3 24
3 21
61 47
29 61
23 77
62 21
46 69
38 19
78 68
55 23
48 14
59 11
52 77
30 15
3 32
54 72
51 24
68 48
11 59
29 64
40 49
71 0
70 32
1 15
56 44
42 75
57 46
70 17
7 14
14 55
5 3
75 6
51 50
5 20
35 75
10 61
25 21
61 35
40 47
32 41
72 32
33 15
19 39
38 12
33 6
55 43
29 33
48 27
23 74
20 24
71 46
27 71
69 79
69 11
7 4
27 66
12 54
14 35
69 43
34 44
47 61
15 51
14 17
54 79
6 76
78 44
23 16
0 6
35 22
15 14
55 14
67 58
17 69
3 41
28 32
61 31
68 20
51 14
70 36
68 78
24 54
54 33
6 66
20 24
76 64
21 73
24 43
49 51
76 49
49 44
44 25
44 19
36 8
55 0
44 38
36 4
64 25
42 38
15 79
62 75
73 55
25 35
77 62
3 55
58 5
52 54
69 74
34 66
11 76
76 53
16 61
30 20
24 66
29 1
24 8
66 20
72 64
13 55
51 64
9 21
38 17
71 37
79 51
58 61
8 18
79 62
13 58
75 24
41 51
67 68
38 67
33 50
21 35
26 76
49 15
13 30
66 79
13 25
79 19
32 22
60 15
29 19
24 79
4 20
56 33
67 24
46 5
54 53
50 34
21 44
66 38
59 20
79 52
58 3
63 44
73 20
50 22
12 54
52 39
42 29
39 75
4 75
2 26
71 79
18 56
48 17
69 38
4 63
34 28
45 79
46 79
56 15
78 33
66 17
37 38
68 38
40 38
57 74
38 77
11 0
24 48
49 55
9 49
7 37
5 4
55 56
55 49
62 2
31 64
63 37
24 68
71 65
14 30
46 71
13 73
68 36
34 6
41 32
52 40
77 78
62 32
7 53
3 75
76 49
61 46
74 30
71 23
36 24
63 59
20 3
65 63
57 60
17 33
30 52
66 42
61 47
31 58
33 67
19 69
1 39
38 54
18 58
50 33
79 50
0 25
49 77
51 10
47 21
45 32
61 76
2 31
77 21
65 36
60 63
73 56
52 17
24 25
79 59
27 39
47 43
1 29
48 33
69 9
14 77
4 1
78 48
25 43
7 11
44 4
69 42
4 59
43 53
70 61
74 21
27 77
35 4
65 59
73 23
11 74
24 47
21 14
70 25
25 34
41 75
42 22
70 17
35 69
40 72
37 7
32 66
41 7
59 48
56 74
41 38
61 78
37 19
15 55
42 22
60 37
11 41
23 22
11 76
33 59
57 31
37 9
46 58
55 77
45 13
1 62
58 79
0 12
23 38
53 2
9 64
31 3
38 65
63 42
61 43
37 60
22 72
54 50
14 3
18 36
55 9
55 79
66 54
6 10
34 75
26 2
8 76
20 74
22 6
30 41
14 63
74 42
77 50
38 3
45 44
43 58
72 33
53 17
65 12
4 26
16 31
42 12
12 77
35 29
24 0
54 77
51 34
57 23
5 14
62 58
13 15
75 38
4 38
32 75
2 29
56 22
23 18
54 70
17 57
18 12
47 59
26 1
78 36
49 62
77 39
10 75
46 70
61 63
19 2
45 75
20 37
37 20
74 23
29 62
41 53
8 24
26 61
16 66
55 43
15 50
67 43
68 38
46 75
67 27
10 61
9 4
51 45
1 40
9 41
25 4
75 66
50 72
11 36
77 55
54 38
37 41
61 76
10 43
38 12
75 30
62 11
47 66
55 60
76 27
40 30
51 58
18 13
58 13
57 51
79 42
71 2
68 35
71 64
67 26
73 33
5 37
6 7
71 67
75 41
47 9
75 73
63 5
20 7
59 28
56 71
39 45
32 72
56 28
13 58
18 74
76 8
63 8
3 31
22 73
69 28
36 55
20 32
70 9
76 62
20 74
39 14
48 31
33 57
50 49
46 40
44 43
70 48
53 19
16 2
2 73
16 78
66 26
41 64
11 33
13 77
2 35
10 27
64 67
55 36
36 20
72 41
66 60
38 21
10 60
2 53
44 28
79 59
61 65
77 3
62 0
38 68
49 17
29 42
78 60
0 10
5 29
65 43
0 70
50 18
48 17
15 52
4 68
65 0
57 48
78 72
64 52
8 74
23 54
75 45
25 18
45 43
25 3
6 22
77 46
3 7
51 1
22 25
46 56
76 29
20 19
54 10
57 40
21 32
14 61
62 7
79 34
67 35
40 32
79 60
27 49
59 67
13 53
38 76
46 54
30 62
71 36
60 38
4 9
78 22
16 67
53 49
51 75
21 13
63 64
57 16
51 25
51 33
16 15
32 79
6 36
0 49
67 43
2 66
29 3
33 73
31 9
59 79
24 35
50 7
29 3
63 2
72 60
7 41
64 53
21 62
39 56
35 58
33 63
45 7
45 6
18 61
18 53
79 59
45 20
0 44
61 30
57 73
14 23
56 52
40 23
66 54
16 21
15 19
10 26
11 45
29 7
23 1
41 36
66 76
21 8
11 39
29 4
31 24
63 38
5 7
24 32
27 9
69 7
57 25
49 60
60 1
76 15
17 11
53 47
55 73
6 37
47 52
9 24
36 45
35 72
62 71
14 58
77 26
9 11
23 5
51 15
9 49
22 20
47 69
68 26
14 11
22 51
65 42
2 65
38 16
69 14
75 17
0 39
4 25
51 77
50 22
5 67
35 14
33 54
76 34
29 31
24 74
10 33
16 36
79 25
8 2
56 50
71 37
63 34
7 1
27 26
12 11
25 29
51 65
30 24
21 12
53 73
56 72
50 29
60 15
72 7
63 36
9 68
67 78
79 34
46 62
71 61
23 77
79 39
11 31
53 6
8 34
69 3
53 29
6 68
29 44
27 23
12 5
15 37
52 77
29 20
20 11
14 58
76 4
30 6
45 54
9 41
34 11
61 22
44 79
39 40
57 29
74 50
7 35
40 78
35 64
42 50
44 73
12 77
17 0
14 30
61 78
64 59
49 13
18 37
71 77
12 6
11 38
42 20
68 59
67 38
70 27
49 73
9 74
61 76
70 3
55 28
71 49
72 67
79 71
27 56
79 27
3 11
51 29
29 3
42 5
48 26
22 19
30 34
71 30
49 25
24 10
68 66
68 78
58 15
70 34
32 70
28 27
77 16
23 59
52 55
73 58
24 3
17 72
63 14
4 60
44 43
12 10
60 28
39 25
55 32
50 14
20 1
37 18
10 20
1 75
33 12
37 2
47 0
75 17
2 56
15 72
1 18
68 28
41 13
7 17
36 50
47 60
29 6
61 1
66 51
73 70
20 42
70 28
66 64
11 15
17 6
32 50
76 60
10 18
42 0
31 49
42 58
47 59
33 71
33 13
0 20
48 39
55 78
34 6
65 79
70 76
25 76
28 29
68 8
33 4
16 46
59 28
78 59
72 19
72 16
75 61
59 4
54 42
45 28
9 3
12 2
60 75
5 15
57 45
11 15
10 32
31 58
23 18
23 34
24 16
58 25
69 54
14 17
61 2
14 60
23 12
37 52
17 14
57 33
50 11
7 45
62 58
49 70
30 38
57 72
6 68
29 39
35 29
52 46
2 70
4 42
52 28
34 3
56 64
12 24
37 2
20 32
0 46
51 21
41 64
64 48
8 23
25 46
49 10
24 0
63 73
20 77
24 38
76 36
30 64
18 29
57 6
70 75
77 49
69 66
25 44
34 56
54 44
48 9
10 39
55 52
30 20
39 30
0 23
16 62
17 63
28 45
34 67
30 35
49 39
6 68
4 29
62 27
58 57
41 73
60 47
45 55
1 45
16 32
27 26
73 4
3 16
6 79
34 55
47 73
75 57
67 62
41 19
23 37
0 34
46 55
22 60
11 40
70 52
14 74
48 6
53 40
48 47
33 50
1 5
66 58
44 60
2 34
72 23
17 11
43 65
40 0
26 15
37 17
38 20
21 68
44 19
2 0
79 9
67 36
31 60
70 40
72 38
69 75
61 77
14 27
28 0
1 30
0 64
40 79
23 25
7 77
32 65
23 8
30 65
18 49
58 50
47 63
79 63
24 14
2 11
62 64
24 41
79 78
56 19
34 56
75 32
52 4
27 46
52 63
13 28
41 34
37 28
30 28
24 16
4 34
44 41
17 54
57 17
4 19
63 53
11 9
70 16
17 21
26 67
18 52
3 70
39 66
12 61
78 48
62 73
7 73
0 65
22 69
6 5
62 16
65 55
39 45
59 14
26 15
65 37
48 11
59 20
57 41
45 37
21 68
59 78
36 76
71 5
68 30
52 11
55 35
8 54
18 32
74 1
15 13
5 33
71 0
49 30
20 48
48 45
13 58
64 44
72 54
27 21
19 74
41 16
36 50
43 30
1 15
54 6
78 33
20 33
70 43
71 2
72 7
79 14
47 73
12 77
74 65
37 39
51 35
75 27
53 25
54 37
48 66
65 73
13 54
29 27
52 27
14 7
19 64
10 37
9 24
58 41
16 79
34 44
71 79
37 13
57 1
16 15
7 71
65 58
31 42
27 19
35 11
78 67
48 46
4 26
22 73
3 42
7 51
1 54
23 48
59 79
7 20
6 42
72 10
14 44
41 11
5 62
5 55
72 25
1 59
40 26
59 72
21 52
56 50
28 0
53 39
62 11
9 37
13 18
16 22
76 20
39 4
54 9
56 42
36 69
11 10
50 17
49 25
13 77
36 68
41 69
66 30
18 61
5 72
7 19
45 30
19 57
63 5
59 69
13 15
66 49
58 3
11 31
58 51
68 12
15 32
27 66
7 34
64 79
51 14
17 12
12 57
39 68
20 4
21 77
78 68
53 63
48 42
8 39
58 67
41 26
17 62
67 60
58 8
21 73
25 79
72 3
1 69
16 72
67 30
50 33
16 43
62 41
8 36
13 45
21 53
3 51
28 51
64 60
0 22
26 51
34 10
66 62
67 46
62 29
15 39
2 8
14 24
65 66
15 0
8 69
59 51
34 33
17 32
20 56
60 36
61 44
31 68
1 55
66 5
29 31
16 78
73 8
27 46
24 49
51 4
14 20
76 12
61 55
38 66
51 61
23 78
1 7
51 42
65 62
43 45
33 59
73 41
44 22
40 10
29 18
35 79
74 46
58 12
32 4
29 62
68 56
67 8
59 22
59 14
14 66
11 53
14 18
52 27
17 45
54 61
34 49
0 19
15 49
43 7
58 71
1 54
27 19
43 41
20 63
37 74
64 3
61 69
33 44
44 5
9 50
64 67
31 11
13 59
45 22
9 68
32 68
22 18
78 48
23 28
21 35
14 24
19 36
52 56
3 72
7 77
25 2
14 34
24 40
60 28
33 31
56 59
36 45
52 8
59 53
31 25
55 47
45 21
65 28
30 48
50 16
78 9
58 59
15 7
77 67
46 8
21 70
44 25
12 48
0 64
15 29
74 5
53 54
48 38
44 5
56 45
36 73
27 12
64 42
20 69
31 30
46 50
4 34
62 63
72 52
31 0
34 19
59 11
68 48
53 47
28 18
20 27
20 7
7 32
3 73
63 7
17 13
34 13
23 21
60 70
79 78
24 16
73 42
14 22
70 0
75 74
57 58
1 0
41 53
54 59
14 44
51 66
63 36
52 30
64 14
71 41
67 4
53 32
29 52
66 79
52 10
8 41
57 30
18 1
79 3
18 66
77 13
15 24
42 1
75 9
11 63
23 64
76 72
29 55
79 26
66 25
71 46
74 43
24 38
19 72
78 39
45 35
71 19
64 67
25 5
48 64
35 12
73 62
26 51
20 31
4 65
37 73
37 71
18 2
31 19
17 62
59 49
29 62
15 76
60 79
47 71
21 28
23 67
32 52
70 38
15 56
38 37
32 56
71 77
10 44
53 11
0 45
10 1
10 56
49 64
62 40
14 79
55 73
22 36
71 16
68 19
66 48
77 70
17 27
30 71
77 73
58 20
21 48
76 74
18 67
6 1
22 59
44 3
28 26
45 52
36 33
68 75
41 5
3 53
57 59
33 24
19 23
49 62
78 62
70 43
37 66
52 30
57 56
77 50
62 53
75 61
19 3
39 5
21 17
28 29
56 14
53 63
43 49
33 20
68 70
28 66
9 10
62 32
79 63
15 48
4 37
68 10
41 44
65 14
61 9
61 60
64 60
64 27
59 48
59 70
34 23
18 76
68 71
51 11
10 54
30 66
76 1
60 55
70 19
47 78
71 3
40 79
48 31
72 17
27 11
11 17
7 70
36 2
48 40
69 53
39 17
14 0
39 22
13 78
21 12
58 65
23 4
35 17
61 78
73 20
56 42
37 66
78 53
29 71
53 76
5 3
72 63
13 35
73 26
76 27
52 32
24 5
73 2
75 23
50 68
24 43
60 8
37 70
0 6
29 4
20 44
34 77
48 49
61 58
65 58
46 0
74 4
11 45
20 3
3 39
59 72
47 19
12 79
33 63
10 52
66 36
65 69
20 70
55 4
64 75
53 15
21 52
75 53
53 69
5 54
65 58
63 43
35 63
72 2
0 71
23 76
13 70
75 5
10 38
36 48
27 72
58 62
41 14
48 60
31 29
30 22
15 4
54 27
70 22
60 58
79 33
78 26
74 51
27 32
66 27
39 46
27 72
67 58
9 5
37 9
62 51
48 18
6 62
68 28
69 18
59 72
25 14
11 63
26 17
10 51
53 50
76 74
41 3
24 60
18 1
30 51
50 10
18 30
56 40
31 61
27 12
57 73
17 69
31 56
15 48
21 24
36 19
74 55
11 15
67 47
69 46
1 37
23 36
70 3
61 28
35 75
30 2
45 77
74 42
63 30
29 52
9 13
55 17
18 72
67 75
72 25
26 14
47 68
21 40
11 3
60 52
70 28
60 21
44 31
38 76
65 31
58 24
67 65
76 41
22 40
37 13
31 8
23 14
70 34
53 6
10 78
6 46
42 2
71 9
79 58
76 73
49 44
38 57
20 23
23 77
33 78
41 58
60 7
27 44
51 79
2 30
38 17
66 69
13 11
17 67
16 29
5 8
24 13
73 55
11 48
60 33
56 7
74 50
38 40
51 14
23 3
1 58
18 29
65 54
71 16
35 20
48 38
79 11
10 46
68 12
10 40
31 53
70 12
76 70
57 17
61 74
15 2
71 53
46 68
50 36
36 27
39 42
11 3
29 69
29 19
2 70
54 26
2 36
13 7
36 10
20 41
49 11
54 20
4 40
45 30
79 64
57 33
62 79
56 23
50 16
11 15
63 68
71 3
40 1
22 70
66 73
74 46
40 47
21 14
67 39
62 65
44 62
20 31
75 35
69 71
24 19
79 59
17 39
11 23
59 26
26 5
27 32
10 32
16 49
68 62
17 6
36 32
13 30
64 47
27 26
49 6
49 30
38 20
72 37
22 79
56 34
48 65
41 57
73 60
31 23
70 58
25 55
5 30
53 10
17 24
57 16
6 61
34 48
38 15
49 68
50 63
71 3
31 43
61 8
7 68
8 30
33 29
62 23
25 42
27 21
11 54
60 48
19 25
1 10
67 34
70 24
22 43
60 72
49 23
56 50
47 29
2 58
40 77
38 57
56 55
30 57
25 18
30 67
66 25
1 51
3 59
6 7
7 23
79 58
51 60
44 76
54 28
34 31
55 23
42 40
58 8
32 40
74 49
37 45
47 0
65 12
72 57
6 23
23 37
28 32
39 58
62 68
7 41
78 52
12 21
5 17
66 29
56 58
20 8
47 54
59 62
14 5
21 2
36 22
69 36
41 9
76 52
58 57
1 53
49 20
17 46
30 33
62 76
47 7
46 42
10 12
29 64
52 76
5 74
67 3
37 8
9 51
69 46
13 3
9 46
17 42
44 15
49 74
43 61
37 77
36 67
75 73
4 41
64 27
34 75
39 40
4 12
45 50
44 67
20 63
53 15
78 41
22 29
13 33
56 19
23 62
44 18
22 10
24 42
77 35
79 61
21 50
56 77
64 35
22 27
60 30
27 22
58 73
65 3
43 71
56 12
34 54
47 25
29 46
13 75
28 42
42 32
58 27
12 2
75 37
57 34
43 53
41 76
24 9
21 30
4 38
36 50
18 78
43 67
20 21
79 13
42 70
18 64
27 12
9 62
10 6
12 0
5 13
44 56
57 33
22 36
26 9
72 49
36 65
23 55
71 46
29 2
46 10
48 66
17 5
4 38
33 59
61 18
24 67
6 72
77 78
12 35
64 13
54 75
40 19
73 43
22 3
25 0
57 13
36 47
69 24
9 67
13 55
78 17
69 14
40 8
76 4
37 38
48 0
33 55
24 41
0 44
38 57
3 74
6 37
0 13
24 1
6 17
21 37
19 75
67 75
61 9
69 77
16 12
26 73
66 72
53 20
45 67
59 79
53 5
60 2
11 12
39 3
72 20
32 54
77 47
72 11
30 33
55 3
7 21
46 36
40 62
65 71
31 38
21 9
74 38
73 78
13 21
8 24
66 62
74 41
25 60
76 13
60 57
0 67
12 9
56 16
70 55
35 0
79 21
48 69
49 55
0 67
57 69
71 28
13 10
78 2
17 54
64 1
65 52
74 48
67 34
5 15
65 19
14 19
0 12
33 30
53 61
59 49
49 46
71 64
51 0
54 27
45 6
7 70
30 27
13 26
7 28
27 79
43 39
43 42
36 67
66 74
77 54
29 32
43 39
64 46
59 15
20 36
64 51
2 12
0 26
34 12
76 7
22 14
13 79
12 9
7 53
12 9
47 26
74 63
17 63
19 5
10 60
32 8
36 42
41 60
8 21
13 53
56 20
6 27
73 74
49 46
62 53
6 67
15 11
26 36
5 56
19 52
48 76
11 31
13 22
25 15
35 66
78 44
22 61
8 30
33 45
6 50
61 16
39 9
68 42
44 67
27 52
51 8
55 64
6 60
9 26
77 29
40 34
63 56
15 67
10 74
36 14
40 41
25 49
17 68
67 16
20 61
72 34
17 55
59 16
18 56
36 29
37 7
49 2
58 20
46 4
26 74
9 35
27 78
69 39
1 2
45 3
0 45
61 55
74 6
12 67
15 8
72 57
19 27
68 24
21 58
65 3
23 59
36 8
26 46
71 77
72 11
56 58
15 42
69 35
33 5
16 18
38 15
40 19
7 15
2 42
78 15
63 21
55 27
70 27
69 49
38 73
59 14
55 79
21 29
40 3
21 15
73 20
66 72
52 76
10 51
8 11
71 37
2 67
29 7
53 34
68 61
13 20
18 40
30 74
14 58
65 9
38 27
29 73
10 31
42 32
56 67
4 30
0 28
21 45
44 79
38 53
23 37
36 55
66 1
30 10
77 26
76 12
36 12
14 56
77 2
55 4
38 14
1 70
47 6
36 30
73 10
14 4
49 65
75 33
31 71
61 40
63 44
45 26
58 23
74 35
54 1
72 14
46 29
39 42
77 16
30 31
71 19
59 7
30 16
45 64
52 65
75 72
34 41
31 56
24 58
51 44
62 2
70 53
61 9
61 59
1 25
15 31
31 43
74 15
14 35
60 59
46 51
58 24
8 38
53 22
35 57
21 1
39 54
76 39
50 79
77 57
35 32
65 41
19 37
0 55
44 0
12 61
46 13
16 37
5 60
70 74
31 14
53 64
54 28
72 26
78 2
9 20
8 24
6 13
20 25
73 5
70 60
40 65
6 69
66 18
9 73
40 12
51 59
23 31
5 78
31 1
54 22
64 36
55 20
42 54
77 1
65 2
31 71
62 53
50 32
27 33
36 60
1 10
10 38
77 39
17 60
44 38
43 32
76 63
47 60
50 64
2 50
22 49
58 20
70 16
21 23
60 47
17 61
52 16
76 1
21 2
8 1
14 44
15 59
46 36
39 62
4 13
59 63
29 19
1 41
12 36
68 27
59 4
35 16
77 7
45 47
77 62
5 77
68 77
51 78
14 69
2 68
43 34
31 1
47 19
15 19
50 12
37 22
6 47
25 66
76 59
43 14
74 56
10 48
15 31
41 68
70 36
54 65
54 24
59 73
75 43
59 25
57 15
53 14
20 57
29 9
36 23
68 34
43 79
51 56
54 67
56 14
20 43
17 6
0 4
50 66
30 68
21 70
33 54
56 75
3 9
48 14
74 28
55 60
63 64
51 59
71 0
4 37
59 57
62 41
45 31
79 28
18 52
58 20
77 14
46 68
9 44
13 52
18 15
63 35
72 73
17 57
41 59
55 54
75 26
56 59
27 18
65 52
31 18
55 58
37 61
79 23
46 10
22 70
38 22
59 40
56 48
3 19
71 39
55 28
68 73
32 24
1 12
45 23
48 62
67 70
40 26
57 77
23 3
65 28
23 15
58 34
49 51
27 22
17 68
29 24
43 19
74 68
39 71
70 74
49 59
1 57
68 9
77 78
73 23
28 22
18 12
26 57
3 47
68 64
4 7
53 42
36 45
71 78
63 71
8 10
20 11
47 16
74 22
73 55
37 7
75 8
6 70
69 48
21 74
1 7
73 27
38 70
29 57
78 52
62 33
37 28
26 4
50 19
65 53
45 6
79 5
27 75
40 76
38 21
68 17
68 33
27 68
4 33
53 54
40 48
36 5
9 43
55 10
33 36
52 71
39 61
54 47
59 7
43 32
27 4
63 74
45 32
48 73
57 51
19 54
44 77
35 53
34 62
30 21
71 62
71 22
28 49
10 42
13 67
70 30
8 73
9 77
37 3
54 6
53 74
67 43
7 71
61 33
25 44
15 10
24 72
30 57
46 60
17 26
43 18
73 74
74 47
66 44
29 24
75 73
18 62
64 60
11 23
47 46
35 20
9 58
23 41
2 15
17 75
56 66
55 53
55 12
61 66
45 31
73 20
7 12
79 9
17 40
36 8
59 55
34 41
29 27
31 22
73 59
14 30
59 34
8 46
9 33
50 77
57 19
29 4
78 24
40 9
23 8
77 13
20 42
21 46
27 54
37 33
10 55
53 27
61 75
44 43
34 70
74 46
63 48
55 16
66 15
22 49
59 57
20 17
6 67
65 53
75 22
0 18
73 39
8 34
64 18
46 68
19 72
25 61
46 5
3 12
39 74
62 71
51 33
61 17
13 3
0 27
53 76
56 12
17 30
40 22
19 57
9 16
43 31
21 71
10 23
28 35
71 46
24 59
25 39
35 65
27 75
16 9
21 14
71 33
22 63
26 40
39 43
29 77
21 51
54 29
43 79
44 59
48 4
61 38
23 37
76 61
11 0
55 49
52 78
16 61
45 43
53 35
37 57
9 42
16 25
29 35
8 53
5 21
60 55
36 76
30 70
13 40
54 20
73 4
62 2
24 67
37 9
67 75
38 65
67 24
67 35
63 68
79 26
22 9
41 31
76 6
48 14
74 67
69 13
74 1
8 73
45 9
78 10
47 10
27 9
50 49
71 70
11 36
15 44
66 61
66 42
56 76
36 12
28 43
30 75
64 79
71 36
38 59
70 71
34 33
36 60
59 21
55 37
42 29
75 57
31 30
5 30
5 50
73 64
12 44
42 13
52 42
61 55
69 44
36 72
71 44
77 34
14 55
45 14
20 10
7 9
54 69
27 75
67 56
61 49
69 50
3 44
77 2
62 75
2 30
62 75
45 15
70 54
7 70
59 75
62 12
29 66
63 39
58 51
50 70
55 76
64 67
37 77
14 71
18 5
0 18
25 13
70 60
70 19
11 3
22 13
33 14
5 75
6 59
22 70
1 33
38 57
37 17
61 21
74 59
55 63
56 65
76 5
69 37
57 14
77 49
11 42
44 53
50 17
45 15
59 57
38 54
11 58
56 8
72 42
37 36
5 40
6 12
10 75
66 15
42 72
64 12
7 56
46 71
17 31
25 19
47 64
42 17
4 48
23 1
7 42
23 0
78 24
12 15
25 38
5 70
51 56
61 78
10 3
23 17
45 71
34 51
63 53
5 61
79 71
14 78
77 44
39 36
64 56
34 21
76 5
1 14
0 55
50 37
77 61
7 27
69 5
29 74
51 73
17 54
38 28
38 49
74 60
50 10
71 38
75 59
36 47
33 52
70 19
12 21
70 0
35 44
4 28
46 31
70 5
6 13
67 66
70 13
13 31
75 0
23 24
22 65
39 8
51 53
70 68
12 17
44 42
42 16
43 61
1 59
53 73
66 1
71 51
0 37
8 73
63 70
43 2
47 66
47 78
40 77
60 41
33 76
18 35
44 29
40 18
65 77
60 2
35 29
2 27
49 43
0 77
46 62
79 32
58 24
43 55
69 18
51 50
56 67
55 12
56 9
58 51
42 61
24 11
20 64
26 15
53 37
33 50
29 65
32 43
39 77
58 26
15 9
69 13
51 71
0 70
42 66
10 9
13 54
24 29
18 73
28 47
26 18
40 0
58 74
24 78
67 26
66 59
73 61
38 1
43 50
30 31
13 16
65 55
6 30
26 57
49 75
12 69
7 69
70 6
32 47
60 24
73 33
71 33
54 5
7 26
4 2
21 6
73 43
12 27
42 1
77 21
75 15
48 52
47 54
25 14
55 41
62 39
51 44
8 12
0 49
15 8
53 55
51 15
44 32
31 15
70 73
10 75
71 31
65 43
46 60
31 10
73 51
22 27
32 11
56 59
44 58
13 37
1 19
12 24
23 42
24 43
20 58
42 10
22 24
41 45
37 40
61 52
1 29
50 47
72 6
66 43
64 46
20 77
40 76
21 62
5 62
14 4
60 55
49 73
27 34
47 50
27 75
29 72
76 8
62 55
56 41
32 37
26 50
7 51
22 73
22 6
32 23
58 55
22 28
23 45
55 3
3 53
29 44
72 27
59 49
13 8
27 68
2 21
46 2
61 29
73 25
76 7
35 5
66 75
1 22
7 6
63 57
79 28
29 54
5 18
49 50
30 2
64 19
2 44
68 55
72 50
75 10
63 20
52 55
45 76
48 77
21 0
62 31
68 76
21 55
19 51
14 38
25 60
12 10
55 42
5 13
74 23
15 47
51 39
74 20
78 42
26 56
38 59
58 6
21 28
61 7
7 45
29 68
77 69
35 7
1 31
63 36
37 18
56 23
73 63
56 48
16 33
70 3
74 9
71 42
6 12
37 48
9 49
4 78
27 41
41 45
59 44
53 51
67 22
67 33
5 68
4 79
42 30
63 68
44 1
31 70
10 66
14 56
53 11
60 24
24 19
54 73
49 72
0 24
44 51
27 74
55 7
7 26
69 55
6 5
30 50
35 32
64 5
40 77
36 68
62 47
58 34
1 14
24 16
77 47
30 39
55 25
4 48
10 21
33 76
53 2
54 50
50 76
21 45
37 62
78 26
60 49
72 18
15 59
29 10
15 42
11 10
12 37
28 16
11 32
72 2
20 48
3 63
79 22
54 10
0 66
2 65
70 3
24 14
56 77
33 58
64 62
12 63
59 55
64 19
9 21
54 41
43 49
9 30
25 62
51 18
14 17
74 14
27 53
72 2
78 34
69 12
67 14
49 72
37 21
29 8
24 12
58 69
23 17
13 67
0 76
37 60
77 58
12 75
20 0
47 21
8 76
48 71
54 1
3 10
48 76
38 0
1 6
0 72
10 44
40 29
45 4
37 41
71 19
52 64
20 73
66 65
32 43
72 16
19 78
3 36
7 60
16 59
54 37
60 59
62 52
20 41
9 53
55 16
26 30
74 14
67 49
74 34
25 0
71 53
66 17
11 47
16 11
64 46
49 41
64 58
22 40
13 67
26 11
13 3
24 68
48 72
31 40
6 15
15 75
35 71
76 77
75 48
52 71
70 34
14 8
14 40
48 57
21 23
27 48
0 33
19 79
18 33
64 42
59 45
50 38
57 55
68 47
63 26
55 22
11 43
46 10
72 40
79 24
38 54
41 3
66 67
45 35
51 18
40 79
17 58
12 51
72 67
73 25
1 38
23 36
28 57
68 43
23 30
6 63
45 15
49 64
55 10
39 72
48 12
12 62
38 1
35 11
64 35
11 26
3 13
56 30
57 6
4 24
75 20
47 9
34 30
57 37
43 49
19 54
67 30
56 43
24 75
33 25
72 18
56 68
43 36
18 72
9 12
47 26
46 57
53 61
11 48
21 61
12 4
12 41
33 47
39 22
35 32
12 16
34 13
46 70
32 40
37 69
68 22
73 50
18 12
45 50
79 59
79 64
18 45
23 64
17 66
61 56
41 25
37 14
27 68
54 65
4 59
57 23
27 48
77 73
4 33
70 39
68 19
37 23
33 24
20 4
47 56
11 72
30 54
33 41
9 66
18 32
12 59
57 40
41 38
69 66
6 13
41 8
56 14
57 46
9 69
25 20
21 48
49 0
2 30
22 0
43 75
14 8
20 62
61 75
8 16
22 30
62 29
27 47
1 63
75 46
56 23
79 45
23 17
76 43
8 34
5 27
40 42
30 64
71 0
8 58
59 48
73 48
10 36
72 50
57 75
60 47
58 12
67 38
11 33
79 32
6 1
43 34
22 43
44 59
71 22
24 36
49 79
27 41
55 76
71 46
70 63
62 42
34 24
5 55
15 45
49 48
75 64
48 72
38 4
51 40
52 58
4 21
66 41
12 4
50 16
50 31
72 66
37 46
63 0
16 39
10 29
14 67
75 72
25 16
32 1
53 39
63 60
39 13
6 40
19 27
66 69
48 66
44 22
28 54
58 69
47 31
54 36
17 43
19 78
25 50
34 69
64 13
47 28
21 62
17 5
66 14
0 57
1 45
44 22
31 25
76 77
43 30
15 44
51 45
74 23
33 28
58 19
66 9
18 72
61 67
65 7
38 39
58 26
0 64
8 17
5 40
56 22
27 22
36 25
66 43
26 17
32 64
58 79
18 61
19 22
0 36
10 58
15 37
52 57
64 24
24 10
58 61
61 16
37 31
16 34
19 8
46 54
37 28
13 42
42 46
68 71
4 47
13 60
14 69
2 53
65 51
8 43
0 35
0 25
79 1
29 3
17 34
57 43
50 25
52 65
17 19
34 47
6 50
29 23
64 52
21 1
11 9
11 2
28 24
7 60
55 72
49 54
34 40
26 35
55 17
34 27
70 27
27 34
18 8
10 44
38 30
43 15
1 48
59 57
62 73
37 78
3 70
48 68
72 55
46 1
3 5
36 27
8 7
46 15
52 58
66 27
41 11
45 27
36 39
23 39
48 35
47 5
70 72
30 66
23 7
29 55
71 1
0 63
38 43
64 47
44 17
69 55
33 28
62 15
79 26
67 2
21 5
73 24
25 3
71 27
35 79
57 25
79 21
7 17
4 51
64 28
53 23
74 29
52 76
79 65
18 6
20 53
40 35
34 48
52 15
6 44
47 74
51 25
4 33
64 17
62 2
77 28
52 23
60 52
5 19
1 34
63 24
15 36
20 57
40 7
35 4
25 54
30 71
51 65
15 53
45 13
75 14
20 79
73 77
31 43
63 66
14 27
71 14
45 63
48 3
5 19
39 71
15 79
27 24
63 17
46 48
62 47
47 30
35 47
23 11
58 2
63 79
72 5
70 69
18 8
12 79
55 16
62 58
77 7
72 3
55 0
56 64
34 40
21 68
32 46
68 46
31 44
13 53
19 5
79 12
67 25
22 65
2 74
52 5
3 39
7 26
34 71
14 54
50 66
30 76
45 17
57 65
21 29
14 68
37 60
45 12
15 35
36 59
10 72
55 33
17 67
28 51
0 73
35 67
75 3
28 71
13 78
39 64
6 18
36 33
74 25
28 40
0 13
58 50
12 39
27 1
21 54
39 77
10 54
33 46
15 30
28 57
59 70
2 9
75 34
5 57
38 40
43 42
72 8
34 17
40 43
1 17
7 18
6 9
21 74
68 25
63 76
11 3
11 66
47 21
17 5
25 64
29 65
52 38
68 46
53 22
16 67
78 6
78 32
70 78
72 52
43 21
79 61
26 3
31 60
50 68
27 12
55 51
1 36
47 6
37 11
45 62
67 62
51 26
46 26
9 27
6 4
5 65
63 18
46 54
64 46
64 15
8 32
28 44
64 75
34 8
49 68
24 2
25 13
74 65
14 28
33 6
55 26
17 10
26 73
58 23
46 55
20 2
11 54
38 33
63 46
70 46
60 65
15 44
30 17
22 37
0 65
25 72
24 12
49 58
8 20
26 47
74 48
49 59
45 40
54 51
55 41
8 30
21 62
38 43
35 3
21 37
45 24
48 18
0 31
79 30
53 4
70 48
16 20
42 32
6 25
71 28
53 45
8 52
15 35
72 30
76 37
6 45
59 38
27 38
76 53
60 26
42 69
77 8
62 14
37 73
56 69
20 8
14 72
25 0
64 17
66 19
52 55
10 37
9 67
63 48
20 22
30 57
77 24
59 73
56 18
56 27
48 46
73 56
60 36
27 73
37 7
16 46
16 27
66 13
76 23
8 2
61 39
16 40
8 71
64 0
13 44
50 38
52 32
25 39
41 54
49 62
38 67
2 46
31 21
31 39
1 39
78 69
15 10
7 63
21 69
27 13
26 12
66 33
59 71
69 53
62 56
45 17
63 59
66 56
24 16
30 3
7 15
52 77
0 4
62 16
32 78
17 32
75 47
36 7
42 72
54 49
66 36
66 53
25 29
34 22
28 73
35 54
38 12
52 1
49 10
17 31
33 77
54 4
27 35
66 12
24 55
27 25
18 57
78 16
59 55
30 14
19 1
29 76
20 69
33 67
50 47
75 2
69 36
11 62
40 70
65 2
49 66
16 6
21 16
72 16
48 17
29 18
63 74
69 67
31 71
9 49
46 7
19 32
38 0
45 17
74 72
31 47
43 19
62 43
16 61
40 3
23 20
18 68
1 26
28 55
40 28
47 61
43 59
60 50
45 31
75 55
2 29
50 77
63 41
24 68
73 72
71 57
11 43
70 47
79 69
68 72
34 17
23 36
36 8
59 11
69 25
76 61
11 0
21 59
63 5
57 75
29 51
62 20
59 19
54 20
64 31
48 3
37 13
15 63
53 4
30 11
16 14
14 28
8 21
9 75
9 50
10 4
29 61
7 71
26 79
42 34
9 67
8 55
16 63
65 62
74 69
4 3
25 49
57 79
47 61
43 62
64 31
1 15
62 0
2 23
40 26
44 48
66 8
66 68
42 6
27 40
33 73
60 33
48 31
4 59
7 30
50 18
15 11
7 17
19 34
45 64
53 20
20 34
11 4
55 25
22 18
59 41
2 64
14 74
35 23
35 36
72 48
72 2
20 65
17 38
21 66
36 60
20 27
11 68
43 49
74 66
18 41
4 13
11 30
68 59
16 38
36 53
20 13
33 20
24 76
50 14
29 3
57 30
21 72
55 35
56 3
66 21
62 8
56 46
63 41
42 29
41 28
8 5
12 4
16 35
20 77
27 64
2 21
66 71
49 15
21 47
40 62
1 79
0 22
56 39
42 8
42 0
36 10
7 19
21 33
65 56
37 69
10 45
79 47
12 1
3 63
76 62
6 12
65 19
79 54
56 53
20 76
48 74
26 65
31 78
44 25
77 4
34 63
5 79
13 40
22 66
1 60
1 16
28 53
33 54
44 46
72 28
39 56
34 69
34 23
54 34
67 63
39 5
55 51
76 71
75 37
47 59
58 38
48 45
64 59
28 37
19 43
65 7
53 54
24 0
8 34
3 59
64 35
4 58
60 32
9 49
16 21
47 45
37 70
16 17
22 32
61 64
20 63
75 47
35 24
26 0
70 55
56 78
59 69
70 27
54 71
43 52
71 3
51 25
47 3
19 75
24 39
16 33
8 17
75 70
46 8
79 65
63 6
45 61
5 44
53 57
70 21
47 72
62 33
8 45
66 64
60 8
69 72
33 11
12 5
66 65
46 51
54 32
18 13
62 10
46 1
70 62
59 45
30 75
14 26
40 44
43 63
41 47
79 41
14 50
60 62
62 76
3 29
33 42
73 21
16 14
59 66
16 55
39 34
49 9
74 5
39 38
71 37
10 17
16 60
2 69
49 6
2 68
40 23
34 16
41 51
33 70
26 7
16 20
48 55
14 70
51 30
34 6
59 55
7 5
43 56
69 20
11 26
78 47
13 20
42 55
17 45
55 30
21 49
23 0
77 25
79 31
14 74
67 45
68 46
71 25
32 56
75 15
57 9
61 75
15 46
34 2
64 63
14 41
13 42
52 62
42 54
11 4
55 13
4 62
53 26
24 60
1 53
78 8
7 24
37 22
14 3
31 66
29 26
17 67
34 43
74 75
63 20
52 67
7 31
73 30
63 77
53 0
44 39
40 77
47 17
35 36
14 74
64 23
32 43
48 38
73 9
17 28
76 14
58 34
56 30
76 57
10 25
14 70
52 7
60 41
31 25
53 33
33 70
6 30
45 10
5 25
25 58
66 48
67 53
10 36
75 26
38 24
24 45
63 23
4 64
46 24
68 79
1 76
44 51
17 59
52 23
11 65
50 35
52 33
22 38
63 59
57 26
24 36
53 63
52 4
70 66
27 9
77 65
51 61
35 31
36 2
69 48
36 65
42 9
5 66
59 66
52 28
39 27
71 27
64 40
65 62
75 27
68 66
66 26
19 22
4 6
42 28
79 9
79 25
52 32
53 7
53 2
53 50
31 35
15 59
21 43
10 57
40 31
44 60
4 13
57 47
51 5
0 6
30 43
32 72
39 52
72 2
17 49
43 24
47 18
30 21
6 18
23 14
24 42
56 68
61 23
32 18
37 48
21 37
38 45
50 55
7 46
38 25
32 79
71 67
42 26
2 68
28 74
26 33
25 32
61 21
60 42
5 56
13 50
49 2
32 55
79 22
68 52
56 1
36 24
76 8
40 42
9 51
16 67
61 78
56 72
66 77
3 33
18 51
20 72
37 55
59 71
14 63
74 58
67 19
22 31
39 76
54 43
72 45
39 20
7 74
5 38
67 63
0 27
34 17
3 18
5 67
45 29
30 11
17 34
70 1
70 29
46 65
38 21
8 58
22 42
10 3
67 0
11 69
4 49
17 62
49 9
57 59
29 10
37 42
26 58
6 5
74 46
58 11
10 69
8 53
44 15
67 59
56 72
31 14
64 47
67 8
50 31
17 12
54 19
62 49
40 62
79 47
43 29
69 11
35 46
7 42
12 28
68 19
33 60
30 37
1 14
55 9
43 13
49 69
52 4
50 21
60 24
10 26
3 13
57 19
56 43
73 48
60 8
51 65
71 29
65 41
58 23
27 7
29 5
26 17
16 23
46 63
2 47
71 58
25 30
49 60
30 60
50 46
66 6
6 69
60 33
1 70
20 73
61 68
29 61
18 44
53 20
72 6
69 29
25 9
34 60
78 53
26 31
49 59
73 47
49 53
47 66
34 58
16 67
59 73
0 19
61 58
78 45
46 43
32 37
54 45
29 38
48 44
38 42
44 55
61 78
16 17
32 23
7 12
5 18
79 12
59 51
60 37
57 7
0 49
48 8
63 19
42 77
51 12
19 20
54 68
77 14
76 26
16 40
53 20
33 79
16 60
22 61
57 52
57 60
49 75
33 43
16 67
37 61
41 4
34 14
73 15
49 71
12 77
10 30
70 39
25 40
74 52
55 1
16 4
12 54
58 61
71 34
64 49
27 46
4 61
34 72
22 20
55 71
1 45
36 24
49 34
31 1
28 56
16 66
64 71
2 61
79 57
2 72
58 34
34 69
25 79
33 40
49 73
39 30
22 39
62 55
12 36
72 38
28 68
2 26
18 58
53 47
10 16
31 58
26 62
4 11
18 24
78 10
76 71
46 31
58 10
22 53
28 48
60 27
11 44
48 51
32 66
0 42
35 32
67 11
58 46
73 54
2 48
0 24
52 77
30 78
24 20
78 10
36 58
28 43
27 47
53 77
41 10
38 7
7 17
45 29
27 16
43 59
72 2
37 35
16 4
59 53
1 15
34 5
70 28
52 73
5 43
61 37
6 55
59 4
76 48
56 48
32 18
59 70
47 44
2 49
62 64
12 22
45 48
41 44
35 50
73 62
24 8
28 44
21 11
58 13
1 67
46 28
31 52
20 53
7 5
0 73
36 69
4 1
38 20
28 15
31 27
38 19
74 20
28 36
44 45
68 60
48 47
41 77
5 73
32 46
51 26
21 12
66 25
67 33
37 41
67 15
52 62
20 61
17 28
59 14
33 71
64 70
37 22
51 4
78 60
69 6
50 63
39 13
32 63
30 57
18 4
45 26
57 73
43 8
5 70
31 27
65 34
53 64
13 46
38 30
15 4
55 66
75 60
59 43
17 73
57 5
18 59
29 46
12 9
19 21
56 78
60 12
72 10
76 75
46 14
47 30
19 52
18 74
50 24
8 62
52 18
40 43
8 40
39 13
43 32
51 42
78 42
23 40
19 79
32 1
15 27
58 49
79 51
68 62
67 8
66 42
13 30
76 18
24 50
57 35
43 34
67 26
42 36
70 61
78 25
76 19
58 71
76 72
60 33
14 62
14 36
32 37
20 12
46 28
34 28
66 18
7 49
27 68
30 46
43 61
54 57
64 22
78 21
42 57
7 25
67 74
60 35
62 27
68 60
39 53
58 62
50 78
73 57
16 75
8 26
38 72
68 43
65 53
53 15
23 47
60 31
48 67
42 8
29 43
9 53
28 44
12 9
63 13
75 42
14 26
2 41
54 53
13 79
32 11
22 53
14 28
70 42
52 29
51 24
38 76
3 11
65 38
10 66
47 70
42 35
10 24
48 50
15 54
5 79
60 40
27 34
68 32
38 78
25 48
34 67
46 5
37 15
66 27
17 8
33 31
25 8
29 46
45 51
68 4
16 30
39 49
37 56
61 49
25 8
22 23
8 60
3 22
27 66
71 56
17 56
23 35
46 52
20 59
29 42
28 55
40 53
31 78
54 43
79 76
67 53
24 58
4 3
13 12
69 35
78 49
51 13
74 35
13 52
32 43
12 50
41 13
15 38
3 23
52 1
25 66
11 47
48 23
30 77
9 4
39 26
23 22
7 60
77 29
4 34
32 33
28 52
72 43
4 43
62 12
32 48
19 58
55 1
0 18
18 21
41 29
50 42
14 45
19 77
50 27
38 59
66 52
65 25
77 19
65 41
26 27
35 10
28 13
63 12
25 18
10 8
24 25
77 43
54 29
8 44
32 77
18 16
77 51
38 43
25 13
7 54
49 46
59 37
22 38
46 12
51 63
23 38
71 73
74 41
42 50
51 7
45 70
14 55
47 50
19 72
66 40
46 9
57 42
67 48
2 23
13 76
35 40
69 5
53 5
16 67
43 51
79 63
7 45
54 0
49 67
53 4
47 21
24 25
25 9
79 32
12 26
42 60
62 38
52 21
20 75
42 23
17 9
39 34
3 17
33 25
66 28
35 34
41 20
40 36
0 29
6 46
36 46
77 55
74 56
32 57
4 28
55 17
73 47
66 16
62 48
11 29
15 2
5 52
53 67
75 27
24 13
75 20
17 69
19 43
19 27
69 47
39 75
37 74
62 72
54 11
17 15
18 29
10 55
46 78
60 27
5 68
71 1
46 15
11 66
24 23
34 54
77 40
68 59
3 54
37 34
2 43
50 64
77 36
9 66
57 1
72 71
43 26
26 24
6 31
57 59
48 2
55 65
29 8
9 69
23 71
31 59
49 17
63 59
28 0
39 36
77 50
2 38
13 43
52 31
56 12
6 72
0 22
18 35
25 23
1 42
62 7
49 70
6 41
14 25
21 68
42 18
4 27
48 6
17 12
27 49
12 28
7 31
5 14
67 23
14 24
24 11
60 71
14 26
54 62
69 61
30 13
2 17
50 75
49 51
61 64
0 56
18 11
47 59
22 68
1 19
58 53
16 10
22 69
69 79
26 17
57 22
65 22
11 47
30 26
60 52
48 20
2 23
4 7
31 55
40 6
19 60
54 14
9 27
63 79
55 44
4 5
14 40
28 72
18 72
31 7
53 71
18 26
78 58
56 18
48 74
5 75
75 4
64 33
66 46
3 31
4 63
56 45
12 32
7 32
54 5
33 1
13 52
40 61
56 45
67 31
53 74
6 76
63 38
17 12
7 28
62 34
26 61
56 8
72 13
15 26
77 70
55 32
23 44
41 58
5 50
67 26
32 61
25 63
14 77
4 51
43 11
11 77
26 39
42 29
30 70
60 46
64 57
55 26
43 76
40 65
66 24
7 51
14 75
69 56
74 51
52 16
13 74
45 78
9 35
53 49
58 27
67 40
44 55
4 79
13 5
72 11
16 65
30 14
78 17
30 12
2 52
25 32
27 29
64 43
77 19
60 56
1 32
0 53
66 64
21 71
51 21
3 45
60 61
74 61
48 74
68 24
44 8
56 5
42 56
28 40
23 44
70 63
35 78
3 9
49 37
0 59
35 6
63 31
37 57
42 79
29 76
39 37
3 33
27 56
4 1
60 52
69 66
37 32
9 39
17 26
13 63
28 63
35 25
20 33
36 75
52 72
9 2
37 74
58 5
54 16
57 16
45 42
42 47
28 44
58 73
12 57
57 39
59 48
72 61
30 18
39 15
52 8
48 9
30 4
53 36
49 18
58 3
5 28
57 40
22 17
24 16
14 63
63 2
49 66
70 43
53 10
73 63
25 21
11 45
65 60
15 53
68 49
34 40
48 11
63 58
23 71
39 0
2 10
55 23
25 1
45 4
76 60
16 18
32 64
52 65
33 79
63 44
17 69
14 55
61 68
25 67
48 51
57 39
5 56
56 44
72 65
25 42
29 11
35 46
66 47
35 60
65 26
45 75
2 34
5 31
6 24
15 76
60 18
65 27
23 14
7 24
72 44
48 2
15 5
15 32
12 68
22 70
25 56
60 11
14 29
51 13
27 33
32 43
40 52
66 11
37 61
74 26
31 20
27 28
8 0
73 17
52 64
76 16
37 42
20 62
15 53
71 25
65 34
68 77
71 41
79 67
10 69
5 47
18 20
33 64
8 50
47 74
34 48
65 68
59 3
67 28
69 11
61 57
25 28
26 5
18 29
67 24
74 50
41 34
41 77
64 79
59 57
66 9
52 72
25 79
72 33
48 13
77 69
68 52
17 77
5 18
17 32
71 34
29 30
8 61
75 19
61 66
54 13
61 20
54 18
29 42
32 52
73 36
24 61
24 4
33 8
65 58
48 52
72 16
28 10
21 37
6 75
49 44
42 17
65 55
24 26
27 70
7 30
15 63
50 38
64 69
44 14
0 55
72 16
7 12
31 0
15 56
27 7
77 21
54 48
67 65
76 77
77 32
5 34
11 43
5 79
36 16
4 37
36 21
56 78
28 67
56 3
45 16
74 22
50 73
38 73
67 64
47 4
35 29
21 60
37 51
65 56
16 17
7 57
22 13
48 50
49 14
5 40
70 44
63 50
30 56
13 33
4 52
69 52
8 35
36 21
35 1
17 46
61 65
17 19
60 10
25 47
50 10
11 54
36 77
35 55
58 16
6 13
74 68
73 34
5 69
35 77
46 38
17 4
31 1
33 11
56 51
7 71
79 75
58 54
28 73
48 55
47 9
41 39
18 68
31 38
14 46
78 53
38 15
27 50
72 5
67 47
63 47
42 66
51 33
29 4
63 20
31 61
59 31
79 54
47 49
6 38
56 37
21 43
33 79
45 8
25 71
45 5
12 19
46 74
6 59
68 13
29 27
51 64
23 44
54 53
77 52
59 13
11 36
35 14
76 62
0 79
10 23
79 41
26 13
13 51
32 65
26 70
37 70
34 63
22 65
29 79
35 31
22 77
47 57
40 54
38 70
36 7
57 43
77 36
4 5
34 18
46 64
36 17
30 68
17 5
47 71
56 70
26 44
77 74
0 4
26 72
30 66
51 79
64 13
16 37
64 62
12 52
12 67
11 32
23 9
9 11
24 14
11 37
8 9
0 42
44 32
3 27
5 39
27 61
42 14
40 36
58 46
60 34
66 45
78 73
68 53
79 74
49 15
40 34
64 15
32 58
60 33
26 62
64 38
78 28
19 42
19 45
16 63
23 45
78 9
7 40
22 27
11 32
69 5
34 44
52 23
9 22
17 41
29 23
67 61
78 56
66 49
10 23
72 6
36 27
66 67
32 8
56 66
39 33
36 66
56 73
51 56
57 32
2 18
38 70
51 41
34 74
53 2
40 79
41 24
33 70
39 66
21 34
11 38
37 63
22 76
49 3
40 62
39 63
23 10
15 45
23 30
63 18
78 32
17 29
77 62
23 45
6 31
16 75
56 25
40 47
24 33
40 53
59 30
65 45
68 58
34 21
72 2
78 57
29 21
25 3
38 58
57 2
4 29
79 0
58 71
44 57
69 49
16 2
51 37
0 7
11 70
14 63
4 75
43 65
32 70
25 41
62 65
37 28
9 75
13 38
54 50
70 29
2 1
76 36
26 64
45 59
51 16
31 71
28 8
8 46
77 47
20 50
17 20
70 59
71 23
0 66
49 15
5 78
43 32
66 78
55 22
35 46
42 1
67 64
47 66
50 8
6 9
29 60
63 6
10 64
35 16
43 35
29 46
68 38
19 30
3 24
71 73
24 42
22 64
5 71
52 72
69 75
16 24
30 24
35 59
52 71
58 60
52 23
42 67
79 20
27 45
36 28
60 18
15 39
57 10
15 14
69 9
38 60
17 70
78 32
11 24
53 65
5 47
71 67
75 2
54 5
54 14
66 16
8 9
6 25
33 57
0 7
61 24
49 71
9 12
39 23
77 41
74 33
13 25
8 46
41 30
53 69
17 18
5 46
3 50
68 55
38 54
34 10
9 69
3 77
17 19
78 19
15 67
72 39
61 79
70 2
21 66
42 61
60 53
19 6
50 33
47 51
5 56
57 47
67 51
0 26
59 20
40 47
65 70
44 42
69 48
56 28
33 59
40 75
36 48
5 36
68 10
56 73
78 49
17 73
53 72
72 63
42 12
34 66
23 27
44 58
72 29
31 66
30 42
54 28
37 66
65 28
19 27
15 59
6 47
16 26
62 15
65 47
26 17
64 66
72 76
27 71
8 59
40 72
50 12
49 53
52 22
58 76
26 28
25 42
74 34
76 61
36 53
63 23
19 11
23 9
26 60
50 45
16 34
71 7
8 59
63 33
32 5
26 79
31 57
3 67
8 35
18 52
18 66
4 18
76 67
44 78
20 6
46 35
50 33
18 6
33 39
52 24
40 34
40 65
43 1
44 75
61 21
35 36
57 64
49 8
20 72
48 49
78 39
17 25
50 65
59 42
62 38
76 62
60 56
63 47
10 24
30 16
39 13
11 26
52 77
45 4
29 40
25 57
72 69
73 66
72 14
1 18
70 8
8 34
60 25
30 32
56 17
54 23
22 15
50 62
10 39
26 9
55 49
11 44
20 0
70 9
4 48
2 71
60 32
49 6
58 6
60 57
76 60
44 30
2 16
14 19
79 11
5 79
61 41
9 32
3 73
76 47
4 45
43 2
13 6
44 40
76 11
51 54
19 32
59 72
54 69
4 19
25 78
14 30
78 24
62 74
70 35
52 45
60 30
72 46
26 2
30 22
12 56
77 39
72 41
43 8
26 36
13 19
18 67
68 19
42 22
67 62
24 64
66 29
11 67
63 3
71 50
18 66
56 30
45 35
18 63
54 43
67 79
28 29
27 70
78 10
51 26
11 14
8 59
65 62
51 68
79 77
16 24
37 55
43 34
10 13
19 4
51 58
51 8
66 61
31 44
19 22
1 31
69 70
35 62
53 55
73 28
54 9
32 41
48 28
44 25
59 53
31 79
35 69
67 21
57 59
15 19
73 29
19 25
69 24
18 10
10 24
56 18
76 3
55 50
42 76
45 46
68 76
29 44
10 14
26 0
26 34
68 21
39 35
69 72
15 79
2 67
38 44
60 74
8 13
59 63
27 33
49 47
19 37
7 8
31 33
51 77
10 55
31 25
0 64
46 37
45 33
32 73
44 66
1 7
16 60
10 50
19 58
25 2
18 6
73 18
22 7
35 41
78 40
14 10
68 25
49 27
30 28
59 3
18 6
0 60
11 56
33 25
10 53
24 37
71 56
18 3
9 5
70 2
47 61
16 6
44 31
45 58
18 15
20 1
55 23
16 37
54 46
75 11
56 25
21 73
14 10
17 12
70 39
53 19
66 23
45 46
11 7
53 12
77 4
51 65
41 27
40 62
1 73
59 37
72 22
41 56
77 6
12 65
63 5
8 34
57 32
54 3
51 48
56 33
79 61
79 68
4 26
78 58
24 28
75 26
34 79
67 59
75 9
13 42
73 46
74 55
17 45
40 45
9 15
49 17
19 78
55 31
23 16
35 72
68 52
37 28
57 38
34 44
73 35
53 65
24 9
46 31
41 48
33 11
17 3
25 65
15 43
17 62
9 79
45 13
13 30
68 8
79 70
61 44
4 44
24 50
51 42
42 25
2 79
41 33
31 61
1 70
2 9
2 50
68 0
60 23
62 10
1 13
28 79
62 2
23 2
71 17
21 66
35 79
70 76
10 2
56 17
45 28
46 31
78 15
19 41
9 71
69 20
61 67
41 54
37 4
20 33
11 25
