90
1 2 70
1 3 40
1 4 32
1 5 84
1 6 92
1 7 81
1 8 20
1 9 23
1 10 37
1 11 74
1 12 97
1 13 12
1 14 51
1 15 36
1 16 28
1 17 85
1 18 52
1 19 10
1 20 86
1 21 34
1 22 74
1 23 58
1 24 87
1 25 12
1 26 37
1 27 34
1 28 44
1 29 97
1 30 42
1 31 84
1 32 85
1 33 41
1 34 26
1 35 52
1 36 50
1 37 82
1 38 49
1 39 86
1 40 6
1 41 17
1 42 67
1 43 50
1 44 55
1 45 29
1 46 49
1 47 29
1 48 32
1 49 54
1 50 49
1 51 95
1 52 0
1 53 99
1 54 47
1 55 84
1 56 53
1 57 33
1 58 31
1 59 74
1 60 86
1 61 58
1 62 82
1 63 54
1 64 62
1 65 56
1 66 21
1 67 10
1 68 82
1 69 74
1 70 42
1 71 90
1 72 50
1 73 17
1 74 77
1 75 10
1 76 50
1 77 86
1 78 77
1 79 70
1 80 87
1 81 12
1 82 40
1 83 88
1 84 12
1 85 27
1 86 64
1 87 22
1 88 39
1 89 30
1 90 74
2 3 15
2 4 7
2 5 66
2 6 39
2 7 11
2 8 4
2 9 70
2 10 69
2 11 73
2 12 61
2 13 86
2 14 12
2 15 94
2 16 79
2 17 64
2 18 88
2 19 27
2 20 99
2 21 1
2 22 93
2 23 53
2 24 23
2 25 2
2 26 75
2 27 63
2 28 2
2 29 88
2 30 21
2 31 63
2 32 27
2 33 30
2 34 69
2 35 79
2 36 38
2 37 27
2 38 82
2 39 13
2 40 38
2 41 59
2 42 7
2 43 42
2 44 1
2 45 64
2 46 63
2 47 76
2 48 11
2 49 56
2 50 36
2 51 98
2 52 68
2 53 27
2 54 34
2 55 44
2 56 84
2 57 79
2 58 60
2 59 41
2 60 42
2 61 24
2 62 76
2 63 3
2 64 15
2 65 47
2 66 5
2 67 33
2 68 91
2 69 100
2 70 52
2 71 28
2 72 5
2 73 45
2 74 56
2 75 72
2 76 13
2 77 68
2 78 11
2 79 44
2 80 88
2 81 13
2 82 91
2 83 17
2 84 14
2 85 30
2 86 46
2 87 97
2 88 64
2 89 48
2 90 41
3 4 48
3 5 91
3 6 69
3 7 35
3 8 13
3 9 84
3 10 93
3 11 90
3 12 38
3 13 77
3 14 70
3 15 80
3 16 58
3 17 12
3 18 80
3 19 42
3 20 100
3 21 86
3 22 10
3 23 64
3 24 100
3 25 80
3 26 96
3 27 32
3 28 79
3 29 68
3 30 51
3 31 32
3 32 20
3 33 54
3 34 48
3 35 5
3 36 76
3 37 58
3 38 49
3 39 46
3 40 97
3 41 66
3 42 70
3 43 0
3 44 32
3 45 28
3 46 97
3 47 24
3 48 14
3 49 95
3 50 10
3 51 3
3 52 22
3 53 8
3 54 48
3 55 89
3 56 17
3 57 28
3 58 42
3 59 84
3 60 79
3 61 41
3 62 73
3 63 68
3 64 8
3 65 49
3 66 33
3 67 23
3 68 55
3 69 51
3 70 63
3 71 78
3 72 52
3 73 13
3 74 56
3 75 29
3 76 12
3 77 29
3 78 85
3 79 64
3 80 75
3 81 93
3 82 86
3 83 82
3 84 69
3 85 71
3 86 39
3 87 54
3 88 34
3 89 0
3 90 31
4 5 13
4 6 85
4 7 75
4 8 32
4 9 90
4 10 58
4 11 10
4 12 99
4 13 13
4 14 52
4 15 92
4 16 53
4 17 62
4 18 76
4 19 74
4 20 51
4 21 100
4 22 61
4 23 20
4 24 85
4 25 36
4 26 34
4 27 76
4 28 62
4 29 13
4 30 21
4 31 64
4 32 62
4 33 29
4 34 38
4 35 73
4 36 94
4 37 27
4 38 26
4 39 93
4 40 65
4 41 65
4 42 89
4 43 44
4 44 62
4 45 73
4 46 98
4 47 28
4 48 30
4 49 37
4 50 38
4 51 26
4 52 100
4 53 80
4 54 72
4 55 43
4 56 19
4 57 48
4 58 34
4 59 98
4 60 72
4 61 46
4 62 11
4 63 83
4 64 61
4 65 32
4 66 43
4 67 97
4 68 15
4 69 34
4 70 97
4 71 8
4 72 28
4 73 68
4 74 19
4 75 29
4 76 9
4 77 93
4 78 69
4 79 42
4 80 93
4 81 63
4 82 28
4 83 70
4 84 45
4 85 80
4 86 81
4 87 44
4 88 87
4 89 95
4 90 28
5 6 24
5 7 6
5 8 68
5 9 24
5 10 5
5 11 1
5 12 7
5 13 25
5 14 60
5 15 49
5 16 46
5 17 7
5 18 35
5 19 16
5 20 8
5 21 14
5 22 63
5 23 61
5 24 25
5 25 12
5 26 28
5 27 45
5 28 30
5 29 9
5 30 29
5 31 8
5 32 96
5 33 39
5 34 23
5 35 84
5 36 65
5 37 62
5 38 11
5 39 34
5 40 0
5 41 86
5 42 34
5 43 0
5 44 0
5 45 75
5 46 28
5 47 52
5 48 86
5 49 18
5 50 94
5 51 83
5 52 35
5 53 71
5 54 2
5 55 62
5 56 98
5 57 92
5 58 16
5 59 100
5 60 32
5 61 77
5 62 31
5 63 13
5 64 86
5 65 27
5 66 0
5 67 78
5 68 16
5 69 84
5 70 78
5 71 77
5 72 74
5 73 6
5 74 64
5 75 85
5 76 66
5 77 98
5 78 86
5 79 2
5 80 77
5 81 60
5 82 5
5 83 25
5 84 51
5 85 67
5 86 81
5 87 82
5 88 20
5 89 61
5 90 33
6 7 71
6 8 99
6 9 13
6 10 72
6 11 97
6 12 42
6 13 7
6 14 5
6 15 40
6 16 99
6 17 68
6 18 19
6 19 7
6 20 91
6 21 77
6 22 44
6 23 44
6 24 16
6 25 77
6 26 76
6 27 70
6 28 73
6 29 50
6 30 96
6 31 99
6 32 98
6 33 51
6 34 45
6 35 42
6 36 43
6 37 13
6 38 1
6 39 65
6 40 72
6 41 13
6 42 94
6 43 70
6 44 72
6 45 12
6 46 57
6 47 38
6 48 93
6 49 9
6 50 61
6 51 9
6 52 84
6 53 26
6 54 16
6 55 63
6 56 51
6 57 49
6 58 98
6 59 7
6 60 71
6 61 86
6 62 67
6 63 90
6 64 16
6 65 35
6 66 28
6 67 94
6 68 68
6 69 78
6 70 81
6 71 2
6 72 65
6 73 13
6 74 72
6 75 99
6 76 60
6 77 33
6 78 64
6 79 62
6 80 91
6 81 42
6 82 98
6 83 61
6 84 33
6 85 87
6 86 100
6 87 55
6 88 67
6 89 42
6 90 26
7 8 53
7 9 5
7 10 61
7 11 24
7 12 19
7 13 11
7 14 62
7 15 36
7 16 48
7 17 52
7 18 50
7 19 56
7 20 0
7 21 58
7 22 5
7 23 33
7 24 2
7 25 14
7 26 47
7 27 35
7 28 8
7 29 18
7 30 54
7 31 49
7 32 69
7 33 96
7 34 80
7 35 94
7 36 76
7 37 48
7 38 93
7 39 84
7 40 70
7 41 40
7 42 86
7 43 45
7 44 19
7 45 0
7 46 22
7 47 72
7 48 98
7 49 78
7 50 40
7 51 37
7 52 44
7 53 65
7 54 18
7 55 31
7 56 87
7 57 48
7 58 86
7 59 10
7 60 86
7 61 63
7 62 74
7 63 38
7 64 46
7 65 56
7 66 57
7 67 60
7 68 14
7 69 91
7 70 0
7 71 37
7 72 48
7 73 95
7 74 90
7 75 16
7 76 32
7 77 80
7 78 1
7 79 58
7 80 39
7 81 85
7 82 21
7 83 40
7 84 77
7 85 65
7 86 2
7 87 89
7 88 25
7 89 8
7 90 63
8 9 60
8 10 91
8 11 40
8 12 80
8 13 7
8 14 99
8 15 47
8 16 50
8 17 62
8 18 36
8 19 93
8 20 35
8 21 47
8 22 76
8 23 70
8 24 89
8 25 29
8 26 51
8 27 76
8 28 84
8 29 84
8 30 86
8 31 18
8 32 72
8 33 61
8 34 69
8 35 81
8 36 43
8 37 30
8 38 65
8 39 16
8 40 13
8 41 68
8 42 19
8 43 92
8 44 40
8 45 1
8 46 15
8 47 17
8 48 1
8 49 53
8 50 16
8 51 100
8 52 74
8 53 75
8 54 100
8 55 54
8 56 52
8 57 46
8 58 72
8 59 23
8 60 18
8 61 43
8 62 54
8 63 14
8 64 12
8 65 98
8 66 36
8 67 66
8 68 15
8 69 99
8 70 44
8 71 4
8 72 43
8 73 90
8 74 95
8 75 20
8 76 64
8 77 18
8 78 62
8 79 46
8 80 71
8 81 100
8 82 22
8 83 16
8 84 58
8 85 40
8 86 70
8 87 40
8 88 70
8 89 5
8 90 97
9 10 11
9 11 35
9 12 88
9 13 28
9 14 86
9 15 17
9 16 28
9 17 87
9 18 89
9 19 100
9 20 0
9 21 76
9 22 83
9 23 20
9 24 92
9 25 16
9 26 87
9 27 55
9 28 16
9 29 15
9 30 29
9 31 11
9 32 16
9 33 19
9 34 64
9 35 73
9 36 90
9 37 7
9 38 86
9 39 34
9 40 51
9 41 44
9 42 67
9 43 27
9 44 7
9 45 1
9 46 88
9 47 77
9 48 38
9 49 74
9 50 12
9 51 91
9 52 33
9 53 68
9 54 24
9 55 66
9 56 14
9 57 94
9 58 22
9 59 96
9 60 31
9 61 58
9 62 84
9 63 85
9 64 5
9 65 61
9 66 73
9 67 22
9 68 84
9 69 25
9 70 70
9 71 90
9 72 99
9 73 57
9 74 83
9 75 59
9 76 61
9 77 22
9 78 97
9 79 36
9 80 70
9 81 59
9 82 82
9 83 85
9 84 14
9 85 78
9 86 65
9 87 8
9 88 23
9 89 59
9 90 26
10 11 10
10 12 31
10 13 89
10 14 64
10 15 92
10 16 86
10 17 100
10 18 55
10 19 24
10 20 77
10 21 17
10 22 82
10 23 0
10 24 60
10 25 4
10 26 41
10 27 72
10 28 10
10 29 49
10 30 42
10 31 61
10 32 43
10 33 30
10 34 65
10 35 65
10 36 74
10 37 26
10 38 88
10 39 50
10 40 32
10 41 89
10 42 16
10 43 19
10 44 19
10 45 88
10 46 65
10 47 85
10 48 29
10 49 14
10 50 86
10 51 26
10 52 66
10 53 49
10 54 1
10 55 12
10 56 12
10 57 43
10 58 61
10 59 53
10 60 21
10 61 29
10 62 2
10 63 31
10 64 23
10 65 29
10 66 71
10 67 64
10 68 36
10 69 53
10 70 38
10 71 84
10 72 9
10 73 21
10 74 92
10 75 71
10 76 67
10 77 77
10 78 21
10 79 16
10 80 38
10 81 49
10 82 56
10 83 11
10 84 20
10 85 8
10 86 64
10 87 23
10 88 35
10 89 95
10 90 50
11 12 45
11 13 46
11 14 11
11 15 75
11 16 83
11 17 79
11 18 6
11 19 82
11 20 37
11 21 85
11 22 87
11 23 96
11 24 31
11 25 1
11 26 53
11 27 9
11 28 3
11 29 85
11 30 5
11 31 10
11 32 93
11 33 90
11 34 85
11 35 48
11 36 37
11 37 23
11 38 42
11 39 81
11 40 75
11 41 59
11 42 2
11 43 98
11 44 95
11 45 21
11 46 10
11 47 52
11 48 97
11 49 62
11 50 79
11 51 61
11 52 21
11 53 10
11 54 22
11 55 50
11 56 81
11 57 18
11 58 15
11 59 75
11 60 56
11 61 13
11 62 50
11 63 45
11 64 62
11 65 91
11 66 71
11 67 64
11 68 38
11 69 100
11 70 53
11 71 97
11 72 24
11 73 65
11 74 87
11 75 41
11 76 6
11 77 37
11 78 20
11 79 49
11 80 56
11 81 66
11 82 9
11 83 75
11 84 80
11 85 51
11 86 32
11 87 86
11 88 81
11 89 4
11 90 75
12 13 95
12 14 99
12 15 96
12 16 72
12 17 17
12 18 40
12 19 21
12 20 59
12 21 99
12 22 53
12 23 97
12 24 19
12 25 16
12 26 53
12 27 97
12 28 96
12 29 64
12 30 84
12 31 17
12 32 100
12 33 84
12 34 39
12 35 29
12 36 23
12 37 38
12 38 95
12 39 98
12 40 83
12 41 3
12 42 72
12 43 14
12 44 81
12 45 22
12 46 21
12 47 18
12 48 85
12 49 100
12 50 15
12 51 51
12 52 98
12 53 18
12 54 6
12 55 7
12 56 2
12 57 29
12 58 3
12 59 78
12 60 49
12 61 68
12 62 8
12 63 40
12 64 49
12 65 60
12 66 1
12 67 26
12 68 5
12 69 77
12 70 76
12 71 99
12 72 4
12 73 58
12 74 52
12 75 29
12 76 66
12 77 81
12 78 42
12 79 99
12 80 83
12 81 88
12 82 85
12 83 23
12 84 34
12 85 88
12 86 48
12 87 56
12 88 60
12 89 36
12 90 39
13 14 76
13 15 95
13 16 9
13 17 60
13 18 25
13 19 78
13 20 17
13 21 85
13 22 83
13 23 46
13 24 31
13 25 24
13 26 34
13 27 100
13 28 64
13 29 80
13 30 40
13 31 65
13 32 23
13 33 7
13 34 64
13 35 81
13 36 33
13 37 69
13 38 11
13 39 14
13 40 33
13 41 55
13 42 6
13 43 87
13 44 76
13 45 51
13 46 37
13 47 65
13 48 64
13 49 64
13 50 78
13 51 83
13 52 92
13 53 44
13 54 74
13 55 82
13 56 5
13 57 60
13 58 78
13 59 36
13 60 84
13 61 93
13 62 41
13 63 99
13 64 13
13 65 100
13 66 74
13 67 69
13 68 32
13 69 51
13 70 7
13 71 16
13 72 31
13 73 79
13 74 95
13 75 99
13 76 54
13 77 62
13 78 71
13 79 41
13 80 64
13 81 37
13 82 16
13 83 80
13 84 36
13 85 80
13 86 72
13 87 25
13 88 74
13 89 96
13 90 46
14 15 88
14 16 27
14 17 42
14 18 26
14 19 0
14 20 26
14 21 88
14 22 80
14 23 42
14 24 17
14 25 79
14 26 17
14 27 6
14 28 70
14 29 94
14 30 17
14 31 65
14 32 31
14 33 67
14 34 60
14 35 63
14 36 92
14 37 95
14 38 21
14 39 55
14 40 66
14 41 33
14 42 60
14 43 47
14 44 45
14 45 68
14 46 57
14 47 49
14 48 99
14 49 3
14 50 91
14 51 72
14 52 72
14 53 76
14 54 76
14 55 35
14 56 36
14 57 7
14 58 53
14 59 28
14 60 34
14 61 3
14 62 78
14 63 92
14 64 15
14 65 87
14 66 1
14 67 83
14 68 30
14 69 49
14 70 38
14 71 66
14 72 74
14 73 85
14 74 85
14 75 15
14 76 77
14 77 75
14 78 92
14 79 18
14 80 44
14 81 48
14 82 44
14 83 41
14 84 26
14 85 85
14 86 74
14 87 37
14 88 94
14 89 24
14 90 58
15 16 73
15 17 43
15 18 4
15 19 25
15 20 20
15 21 46
15 22 99
15 23 11
15 24 37
15 25 30
15 26 27
15 27 18
15 28 3
15 29 17
15 30 43
15 31 63
15 32 60
15 33 16
15 34 40
15 35 28
15 36 21
15 37 91
15 38 67
15 39 28
15 40 66
15 41 45
15 42 52
15 43 86
15 44 18
15 45 69
15 46 73
15 47 29
15 48 40
15 49 90
15 50 20
15 51 98
15 52 32
15 53 55
15 54 89
15 55 54
15 56 95
15 57 16
15 58 0
15 59 39
15 60 54
15 61 14
15 62 58
15 63 74
15 64 1
15 65 56
15 66 27
15 67 79
15 68 13
15 69 24
15 70 23
15 71 100
15 72 52
15 73 33
15 74 0
15 75 13
15 76 38
15 77 71
15 78 27
15 79 35
15 80 80
15 81 22
15 82 86
15 83 69
15 84 85
15 85 27
15 86 89
15 87 56
15 88 35
15 89 48
15 90 36
16 17 93
16 18 9
16 19 93
16 20 48
16 21 96
16 22 80
16 23 66
16 24 35
16 25 42
16 26 22
16 27 21
16 28 100
16 29 41
16 30 77
16 31 60
16 32 98
16 33 3
16 34 1
16 35 93
16 36 41
16 37 26
16 38 61
16 39 85
16 40 45
16 41 6
16 42 88
16 43 68
16 44 83
16 45 57
16 46 34
16 47 72
16 48 32
16 49 98
16 50 2
16 51 50
16 52 70
16 53 100
16 54 96
16 55 32
16 56 92
16 57 29
16 58 11
16 59 31
16 60 54
16 61 92
16 62 46
16 63 55
16 64 26
16 65 35
16 66 90
16 67 26
16 68 55
16 69 74
16 70 3
16 71 54
16 72 46
16 73 49
16 74 28
16 75 16
16 76 90
16 77 89
16 78 56
16 79 29
16 80 63
16 81 97
16 82 71
16 83 75
16 84 71
16 85 66
16 86 73
16 87 10
16 88 24
16 89 55
16 90 72
17 18 39
17 19 71
17 20 54
17 21 25
17 22 72
17 23 67
17 24 43
17 25 19
17 26 41
17 27 24
17 28 40
17 29 67
17 30 2
17 31 100
17 32 72
17 33 64
17 34 86
17 35 66
17 36 77
17 37 83
17 38 54
17 39 36
17 40 43
17 41 34
17 42 56
17 43 1
17 44 35
17 45 26
17 46 39
17 47 47
17 48 37
17 49 9
17 50 82
17 51 28
17 52 59
17 53 95
17 54 59
17 55 50
17 56 65
17 57 64
17 58 75
17 59 12
17 60 8
17 61 21
17 62 63
17 63 46
17 64 34
17 65 17
17 66 11
17 67 80
17 68 100
17 69 48
17 70 71
17 71 63
17 72 19
17 73 33
17 74 63
17 75 7
17 76 63
17 77 9
17 78 14
17 79 83
17 80 25
17 81 99
17 82 2
17 83 68
17 84 98
17 85 80
17 86 51
17 87 62
17 88 32
17 89 23
17 90 53
18 19 68
18 20 61
18 21 54
18 22 55
18 23 42
18 24 25
18 25 38
18 26 9
18 27 60
18 28 22
18 29 19
18 30 43
18 31 18
18 32 90
18 33 35
18 34 76
18 35 86
18 36 10
18 37 41
18 38 72
18 39 31
18 40 67
18 41 59
18 42 60
18 43 50
18 44 42
18 45 98
18 46 61
18 47 13
18 48 21
18 49 71
18 50 28
18 51 2
18 52 7
18 53 77
18 54 70
18 55 19
18 56 61
18 57 53
18 58 23
18 59 27
18 60 4
18 61 92
18 62 23
18 63 84
18 64 71
18 65 71
18 66 36
18 67 26
18 68 33
18 69 9
18 70 25
18 71 86
18 72 75
18 73 14
18 74 94
18 75 16
18 76 78
18 77 72
18 78 9
18 79 5
18 80 98
18 81 48
18 82 0
18 83 82
18 84 71
18 85 27
18 86 8
18 87 24
18 88 69
18 89 59
18 90 47
19 20 87
19 21 53
19 22 45
19 23 11
19 24 1
19 25 83
19 26 50
19 27 35
19 28 55
19 29 39
19 30 18
19 31 46
19 32 72
19 33 42
19 34 4
19 35 34
19 36 17
19 37 31
19 38 87
19 39 26
19 40 94
19 41 27
19 42 100
19 43 87
19 44 54
19 45 64
19 46 1
19 47 13
19 48 35
19 49 30
19 50 8
19 51 65
19 52 45
19 53 37
19 54 56
19 55 71
19 56 81
19 57 14
19 58 32
19 59 0
19 60 86
19 61 17
19 62 45
19 63 40
19 64 90
19 65 87
19 66 1
19 67 23
19 68 59
19 69 37
19 70 34
19 71 42
19 72 35
19 73 63
19 74 90
19 75 46
19 76 69
19 77 34
19 78 47
19 79 52
19 80 4
19 81 71
19 82 54
19 83 29
19 84 3
19 85 44
19 86 63
19 87 5
19 88 52
19 89 51
19 90 81
20 21 11
20 22 98
20 23 20
20 24 44
20 25 92
20 26 7
20 27 14
20 28 44
20 29 45
20 30 33
20 31 6
20 32 51
20 33 21
20 34 56
20 35 84
20 36 98
20 37 52
20 38 52
20 39 82
20 40 68
20 41 73
20 42 41
20 43 45
20 44 49
20 45 61
20 46 86
20 47 45
20 48 86
20 49 71
20 50 63
20 51 47
20 52 85
20 53 39
20 54 72
20 55 54
20 56 77
20 57 72
20 58 72
20 59 19
20 60 0
20 61 45
20 62 0
20 63 54
20 64 96
20 65 43
20 66 23
20 67 91
20 68 57
20 69 74
20 70 100
20 71 37
20 72 44
20 73 66
20 74 50
20 75 6
20 76 36
20 77 24
20 78 81
20 79 26
20 80 58
20 81 11
20 82 82
20 83 72
20 84 19
20 85 29
20 86 29
20 87 71
20 88 96
20 89 46
20 90 26
21 22 36
21 23 18
21 24 6
21 25 9
21 26 78
21 27 22
21 28 87
21 29 89
21 30 8
21 31 69
21 32 19
21 33 13
21 34 40
21 35 77
21 36 96
21 37 35
21 38 58
21 39 94
21 40 23
21 41 31
21 42 32
21 43 76
21 44 45
21 45 56
21 46 18
21 47 0
21 48 5
21 49 59
21 50 44
21 51 13
21 52 75
21 53 89
21 54 68
21 55 4
21 56 1
21 57 9
21 58 0
21 59 7
21 60 64
21 61 86
21 62 9
21 63 13
21 64 32
21 65 67
21 66 8
21 67 95
21 68 95
21 69 56
21 70 29
21 71 71
21 72 53
21 73 83
21 74 30
21 75 70
21 76 100
21 77 4
21 78 96
21 79 52
21 80 67
21 81 90
21 82 34
21 83 52
21 84 50
21 85 83
21 86 90
21 87 47
21 88 36
21 89 92
21 90 55
22 23 47
22 24 71
22 25 55
22 26 81
22 27 23
22 28 40
22 29 86
22 30 38
22 31 45
22 32 0
22 33 0
22 34 45
22 35 24
22 36 86
22 37 17
22 38 72
22 39 21
22 40 91
22 41 34
22 42 54
22 43 100
22 44 39
22 45 4
22 46 35
22 47 94
22 48 19
22 49 72
22 50 41
22 51 13
22 52 68
22 53 42
22 54 85
22 55 38
22 56 46
22 57 59
22 58 3
22 59 35
22 60 47
22 61 35
22 62 39
22 63 25
22 64 71
22 65 79
22 66 16
22 67 69
22 68 26
22 69 70
22 70 87
22 71 21
22 72 72
22 73 53
22 74 62
22 75 87
22 76 58
22 77 37
22 78 85
22 79 54
22 80 92
22 81 53
22 82 37
22 83 60
22 84 37
22 85 52
22 86 48
22 87 32
22 88 97
22 89 49
22 90 97
23 24 54
23 25 45
23 26 67
23 27 42
23 28 67
23 29 3
23 30 99
23 31 16
23 32 43
23 33 76
23 34 81
23 35 96
23 36 17
23 37 29
23 38 96
23 39 77
23 40 94
23 41 69
23 42 68
23 43 49
23 44 74
23 45 84
23 46 52
23 47 37
23 48 94
23 49 61
23 50 75
23 51 44
23 52 34
23 53 46
23 54 73
23 55 40
23 56 76
23 57 3
23 58 49
23 59 39
23 60 66
23 61 1
23 62 85
23 63 92
23 64 43
23 65 18
23 66 9
23 67 51
23 68 30
23 69 69
23 70 84
23 71 64
23 72 43
23 73 62
23 74 66
23 75 0
23 76 74
23 77 91
23 78 13
23 79 6
23 80 17
23 81 52
23 82 54
23 83 29
23 84 98
23 85 76
23 86 90
23 87 86
23 88 85
23 89 84
23 90 42
24 25 66
24 26 35
24 27 59
24 28 62
24 29 21
24 30 98
24 31 100
24 32 28
24 33 48
24 34 76
24 35 75
24 36 67
24 37 54
24 38 34
24 39 17
24 40 9
24 41 74
24 42 4
24 43 22
24 44 50
24 45 25
24 46 13
24 47 89
24 48 97
24 49 58
24 50 44
24 51 59
24 52 87
24 53 30
24 54 73
24 55 86
24 56 35
24 57 68
24 58 94
24 59 83
24 60 19
24 61 68
24 62 24
24 63 42
24 64 75
24 65 94
24 66 46
24 67 95
24 68 91
24 69 62
24 70 31
24 71 20
24 72 50
24 73 78
24 74 12
24 75 9
24 76 93
24 77 89
24 78 95
24 79 28
24 80 45
24 81 10
24 82 69
24 83 71
24 84 27
24 85 59
24 86 93
24 87 41
24 88 80
24 89 4
24 90 53
25 26 51
25 27 65
25 28 42
25 29 46
25 30 38
25 31 41
25 32 60
25 33 50
25 34 50
25 35 63
25 36 93
25 37 71
25 38 85
25 39 18
25 40 75
25 41 41
25 42 41
25 43 37
25 44 79
25 45 99
25 46 15
25 47 13
25 48 23
25 49 57
25 50 94
25 51 73
25 52 45
25 53 50
25 54 67
25 55 50
25 56 10
25 57 6
25 58 52
25 59 36
25 60 60
25 61 8
25 62 80
25 63 45
25 64 19
25 65 23
25 66 62
25 67 10
25 68 51
25 69 44
25 70 67
25 71 35
25 72 86
25 73 14
25 74 9
25 75 46
25 76 39
25 77 22
25 78 83
25 79 17
25 80 98
25 81 98
25 82 82
25 83 57
25 84 61
25 85 49
25 86 19
25 87 8
25 88 64
25 89 5
25 90 70
26 27 94
26 28 42
26 29 13
26 30 97
26 31 89
26 32 56
26 33 70
26 34 77
26 35 39
26 36 68
26 37 29
26 38 85
26 39 98
26 40 18
26 41 61
26 42 52
26 43 59
26 44 30
26 45 16
26 46 81
26 47 52
26 48 1
26 49 98
26 50 100
26 51 34
26 52 88
26 53 82
26 54 72
26 55 25
26 56 33
26 57 15
26 58 18
26 59 63
26 60 43
26 61 96
26 62 38
26 63 86
26 64 42
26 65 36
26 66 70
26 67 30
26 68 40
26 69 92
26 70 100
26 71 73
26 72 55
26 73 66
26 74 12
26 75 0
26 76 72
26 77 20
26 78 28
26 79 79
26 80 89
26 81 97
26 82 1
26 83 48
26 84 43
26 85 2
26 86 14
26 87 68
26 88 33
26 89 58
26 90 89
27 28 77
27 29 14
27 30 19
27 31 33
27 32 11
27 33 49
27 34 88
27 35 60
27 36 45
27 37 85
27 38 99
27 39 34
27 40 68
27 41 86
27 42 92
27 43 89
27 44 17
27 45 69
27 46 68
27 47 36
27 48 95
27 49 31
27 50 5
27 51 13
27 52 77
27 53 2
27 54 96
27 55 59
27 56 48
27 57 27
27 58 27
27 59 0
27 60 32
27 61 86
27 62 80
27 63 20
27 64 35
27 65 15
27 66 6
27 67 29
27 68 64
27 69 12
27 70 62
27 71 31
27 72 37
27 73 72
27 74 42
27 75 71
27 76 82
27 77 73
27 78 15
27 79 16
27 80 67
27 81 21
27 82 94
27 83 31
27 84 53
27 85 64
27 86 26
27 87 51
27 88 16
27 89 52
27 90 53
28 29 77
28 30 83
28 31 43
28 32 3
28 33 69
28 34 63
28 35 21
28 36 96
28 37 45
28 38 17
28 39 40
28 40 77
28 41 71
28 42 27
28 43 91
28 44 34
28 45 15
28 46 5
28 47 27
28 48 89
28 49 94
28 50 27
28 51 9
28 52 29
28 53 32
28 54 22
28 55 74
28 56 54
28 57 2
28 58 15
28 59 65
28 60 49
28 61 53
28 62 27
28 63 89
28 64 95
28 65 35
28 66 51
28 67 63
28 68 97
28 69 5
28 70 90
28 71 69
28 72 70
28 73 34
28 74 69
28 75 0
28 76 28
28 77 37
28 78 25
28 79 95
28 80 82
28 81 71
28 82 46
28 83 91
28 84 71
28 85 68
28 86 97
28 87 49
28 88 43
28 89 63
28 90 7
29 30 78
29 31 29
29 32 3
29 33 99
29 34 65
29 35 94
29 36 22
29 37 11
29 38 59
29 39 77
29 40 51
29 41 95
29 42 38
29 43 4
29 44 1
29 45 32
29 46 11
29 47 97
29 48 48
29 49 36
29 50 19
29 51 97
29 52 77
29 53 86
29 54 88
29 55 75
29 56 28
29 57 71
29 58 90
29 59 19
29 60 56
29 61 11
29 62 1
29 63 42
29 64 0
29 65 1
29 66 99
29 67 52
29 68 39
29 69 71
29 70 24
29 71 15
29 72 27
29 73 67
29 74 75
29 75 89
29 76 61
29 77 91
29 78 77
29 79 19
29 80 70
29 81 67
29 82 20
29 83 49
29 84 33
29 85 84
29 86 50
29 87 18
29 88 63
29 89 70
29 90 18
30 31 1
30 32 40
30 33 22
30 34 51
30 35 29
30 36 9
30 37 66
30 38 66
30 39 28
30 40 8
30 41 38
30 42 64
30 43 61
30 44 22
30 45 96
30 46 31
30 47 1
30 48 47
30 49 62
30 50 77
30 51 1
30 52 47
30 53 2
30 54 30
30 55 43
30 56 4
30 57 67
30 58 66
30 59 87
30 60 56
30 61 83
30 62 37
30 63 74
30 64 100
30 65 89
30 66 25
30 67 58
30 68 73
30 69 71
30 70 19
30 71 18
30 72 20
30 73 8
30 74 49
30 75 95
30 76 35
30 77 36
30 78 86
30 79 74
30 80 74
30 81 36
30 82 73
30 83 15
30 84 80
30 85 87
30 86 19
30 87 96
30 88 10
30 89 77
30 90 96
31 32 40
31 33 41
31 34 75
31 35 1
31 36 52
31 37 68
31 38 13
31 39 66
31 40 38
31 41 44
31 42 3
31 43 80
31 44 56
31 45 15
31 46 81
31 47 6
31 48 95
31 49 81
31 50 87
31 51 7
31 52 60
31 53 70
31 54 96
31 55 40
31 56 82
31 57 49
31 58 1
31 59 65
31 60 5
31 61 51
31 62 30
31 63 89
31 64 37
31 65 39
31 66 57
31 67 10
31 68 33
31 69 89
31 70 1
31 71 92
31 72 1
31 73 78
31 74 79
31 75 27
31 76 94
31 77 8
31 78 3
31 79 40
31 80 25
31 81 42
31 82 49
31 83 86
31 84 93
31 85 78
31 86 3
31 87 84
31 88 58
31 89 8
31 90 75
32 33 100
32 34 30
32 35 79
32 36 33
32 37 23
32 38 90
32 39 86
32 40 4
32 41 54
32 42 98
32 43 27
32 44 79
32 45 98
32 46 98
32 47 89
32 48 61
32 49 98
32 50 7
32 51 44
32 52 26
32 53 32
32 54 50
32 55 35
32 56 94
32 57 81
32 58 59
32 59 81
32 60 96
32 61 74
32 62 61
32 63 61
32 64 96
32 65 85
32 66 1
32 67 38
32 68 11
32 69 89
32 70 24
32 71 100
32 72 82
32 73 24
32 74 44
32 75 90
32 76 23
32 77 4
32 78 33
32 79 17
32 80 62
32 81 43
32 82 60
32 83 8
32 84 92
32 85 61
32 86 25
32 87 62
32 88 17
32 89 6
32 90 65
33 34 0
33 35 85
33 36 57
33 37 79
33 38 32
33 39 30
33 40 30
33 41 73
33 42 71
33 43 56
33 44 75
33 45 78
33 46 16
33 47 68
33 48 10
33 49 97
33 50 61
33 51 40
33 52 9
33 53 89
33 54 52
33 55 51
33 56 51
33 57 78
33 58 97
33 59 59
33 60 79
33 61 83
33 62 72
33 63 90
33 64 20
33 65 97
33 66 96
33 67 67
33 68 47
33 69 57
33 70 91
33 71 51
33 72 77
33 73 76
33 74 46
33 75 47
33 76 55
33 77 50
33 78 3
33 79 100
33 80 34
33 81 0
33 82 48
33 83 24
33 84 57
33 85 70
33 86 60
33 87 56
33 88 11
33 89 53
33 90 28
34 35 14
34 36 71
34 37 75
34 38 78
34 39 89
34 40 6
34 41 10
34 42 65
34 43 53
34 44 63
34 45 25
34 46 30
34 47 91
34 48 91
34 49 63
34 50 4
34 51 77
34 52 71
34 53 59
34 54 70
34 55 49
34 56 94
34 57 39
34 58 64
34 59 13
34 60 10
34 61 43
34 62 53
34 63 58
34 64 4
34 65 51
34 66 26
34 67 66
34 68 54
34 69 24
34 70 46
34 71 72
34 72 44
34 73 50
34 74 31
34 75 9
34 76 3
34 77 40
34 78 26
34 79 66
34 80 72
34 81 57
34 82 22
34 83 92
34 84 10
34 85 12
34 86 41
34 87 69
34 88 11
34 89 49
34 90 66
35 36 18
35 37 84
35 38 78
35 39 75
35 40 51
35 41 71
35 42 82
35 43 80
35 44 54
35 45 5
35 46 29
35 47 34
35 48 32
35 49 78
35 50 5
35 51 69
35 52 25
35 53 1
35 54 65
35 55 67
35 56 7
35 57 69
35 58 57
35 59 28
35 60 38
35 61 100
35 62 85
35 63 97
35 64 78
35 65 74
35 66 88
35 67 32
35 68 50
35 69 90
35 70 78
35 71 76
35 72 23
35 73 95
35 74 52
35 75 62
35 76 27
35 77 96
35 78 37
35 79 49
35 80 3
35 81 67
35 82 36
35 83 61
35 84 17
35 85 14
35 86 49
35 87 72
35 88 84
35 89 27
35 90 22
36 37 76
36 38 70
36 39 67
36 40 21
36 41 37
36 42 70
36 43 14
36 44 91
36 45 30
36 46 54
36 47 29
36 48 29
36 49 22
36 50 51
36 51 74
36 52 16
36 53 96
36 54 23
36 55 21
36 56 31
36 57 19
36 58 35
36 59 40
36 60 63
36 61 94
36 62 78
36 63 3
36 64 69
36 65 46
36 66 14
36 67 80
36 68 83
36 69 43
36 70 56
36 71 62
36 72 69
36 73 15
36 74 47
36 75 80
36 76 73
36 77 93
36 78 1
36 79 73
36 80 38
36 81 33
36 82 96
36 83 20
36 84 45
36 85 43
36 86 66
36 87 19
36 88 69
36 89 49
36 90 75
37 38 86
37 39 45
37 40 8
37 41 4
37 42 26
37 43 64
37 44 50
37 45 36
37 46 66
37 47 90
37 48 69
37 49 99
37 50 40
37 51 89
37 52 7
37 53 85
37 54 100
37 55 98
37 56 84
37 57 35
37 58 35
37 59 15
37 60 32
37 61 95
37 62 52
37 63 46
37 64 82
37 65 39
37 66 80
37 67 72
37 68 80
37 69 99
37 70 60
37 71 46
37 72 23
37 73 49
37 74 27
37 75 29
37 76 48
37 77 3
37 78 67
37 79 43
37 80 37
37 81 36
37 82 89
37 83 86
37 84 95
37 85 71
37 86 22
37 87 69
37 88 17
37 89 15
37 90 29
38 39 37
38 40 59
38 41 82
38 42 4
38 43 80
38 44 8
38 45 39
38 46 99
38 47 66
38 48 50
38 49 19
38 50 96
38 51 53
38 52 98
38 53 36
38 54 5
38 55 48
38 56 38
38 57 92
38 58 31
38 59 67
38 60 83
38 61 0
38 62 62
38 63 66
38 64 34
38 65 14
38 66 28
38 67 61
38 68 90
38 69 56
38 70 3
38 71 11
38 72 56
38 73 82
38 74 7
38 75 59
38 76 28
38 77 64
38 78 79
38 79 88
38 80 29
38 81 72
38 82 32
38 83 10
38 84 65
38 85 52
38 86 20
38 87 88
38 88 26
38 89 21
38 90 33
39 40 36
39 41 52
39 42 99
39 43 95
39 44 59
39 45 88
39 46 3
39 47 61
39 48 14
39 49 60
39 50 66
39 51 87
39 52 16
39 53 39
39 54 71
39 55 55
39 56 68
39 57 37
39 58 92
39 59 99
39 60 30
39 61 95
39 62 76
39 63 35
39 64 88
39 65 76
39 66 19
39 67 60
39 68 9
39 69 8
39 70 61
39 71 84
39 72 18
39 73 71
39 74 98
39 75 54
39 76 93
39 77 20
39 78 82
39 79 11
39 80 99
39 81 74
39 82 6
39 83 79
39 84 58
39 85 34
39 86 52
39 87 56
39 88 75
39 89 76
39 90 67
40 41 74
40 42 11
40 43 100
40 44 86
40 45 81
40 46 10
40 47 2
40 48 60
40 49 75
40 50 38
40 51 57
40 52 27
40 53 19
40 54 56
40 55 37
40 56 13
40 57 24
40 58 68
40 59 43
40 60 41
40 61 96
40 62 44
40 63 80
40 64 6
40 65 60
40 66 31
40 67 39
40 68 90
40 69 50
40 70 42
40 71 17
40 72 34
40 73 52
40 74 0
40 75 70
40 76 35
40 77 30
40 78 5
40 79 63
40 80 93
40 81 19
40 82 55
40 83 86
40 84 72
40 85 26
40 86 63
40 87 75
40 88 36
40 89 69
40 90 82
41 42 100
41 43 84
41 44 32
41 45 9
41 46 0
41 47 41
41 48 94
41 49 40
41 50 38
41 51 6
41 52 8
41 53 92
41 54 1
41 55 27
41 56 45
41 57 65
41 58 6
41 59 39
41 60 80
41 61 12
41 62 32
41 63 99
41 64 91
41 65 95
41 66 64
41 67 32
41 68 7
41 69 2
41 70 81
41 71 96
41 72 21
41 73 32
41 74 96
41 75 72
41 76 35
41 77 68
41 78 73
41 79 82
41 80 13
41 81 61
41 82 6
41 83 100
41 84 31
41 85 99
41 86 99
41 87 66
41 88 43
41 89 50
41 90 43
42 43 18
42 44 40
42 45 44
42 46 10
42 47 54
42 48 42
42 49 50
42 50 97
42 51 38
42 52 35
42 53 76
42 54 5
42 55 10
42 56 96
42 57 50
42 58 49
42 59 59
42 60 0
42 61 96
42 62 98
42 63 46
42 64 79
42 65 16
42 66 15
42 67 4
42 68 48
42 69 44
42 70 31
42 71 97
42 72 50
42 73 98
42 74 24
42 75 80
42 76 20
42 77 35
42 78 20
42 79 88
42 80 28
42 81 96
42 82 71
42 83 40
42 84 81
42 85 11
42 86 56
42 87 68
42 88 12
42 89 29
42 90 19
43 44 30
43 45 54
43 46 28
43 47 44
43 48 53
43 49 53
43 50 64
43 51 96
43 52 56
43 53 29
43 54 4
43 55 83
43 56 88
43 57 14
43 58 42
43 59 73
43 60 75
43 61 70
43 62 38
43 63 78
43 64 12
43 65 92
43 66 17
43 67 49
43 68 81
43 69 9
43 70 23
43 71 69
43 72 19
43 73 72
43 74 24
43 75 21
43 76 57
43 77 74
43 78 89
43 79 7
43 80 27
43 81 68
43 82 55
43 83 11
43 84 77
43 85 89
43 86 70
43 87 98
43 88 31
43 89 81
43 90 27
44 45 59
44 46 65
44 47 73
44 48 1
44 49 91
44 50 7
44 51 70
44 52 96
44 53 12
44 54 95
44 55 46
44 56 80
44 57 58
44 58 70
44 59 87
44 60 38
44 61 64
44 62 56
44 63 84
44 64 2
44 65 34
44 66 63
44 67 53
44 68 100
44 69 42
44 70 42
44 71 97
44 72 69
44 73 94
44 74 20
44 75 55
44 76 2
44 77 82
44 78 26
44 79 11
44 80 52
44 81 18
44 82 37
44 83 21
44 84 38
44 85 33
44 86 1
44 87 79
44 88 2
44 89 39
44 90 27
45 46 72
45 47 56
45 48 90
45 49 77
45 50 13
45 51 25
45 52 72
45 53 84
45 54 73
45 55 46
45 56 97
45 57 78
45 58 7
45 59 13
45 60 98
45 61 77
45 62 56
45 63 46
45 64 25
45 65 41
45 66 87
45 67 41
45 68 86
45 69 16
45 70 23
45 71 77
45 72 90
45 73 8
45 74 94
45 75 20
45 76 11
45 77 81
45 78 1
45 79 1
45 80 22
45 81 45
45 82 76
45 83 63
45 84 79
45 85 74
45 86 6
45 87 6
45 88 96
45 89 2
45 90 54
46 47 42
46 48 28
46 49 55
46 50 2
46 51 19
46 52 23
46 53 28
46 54 93
46 55 93
46 56 11
46 57 17
46 58 78
46 59 8
46 60 82
46 61 54
46 62 4
46 63 11
46 64 63
46 65 68
46 66 48
46 67 92
46 68 34
46 69 27
46 70 39
46 71 55
46 72 1
46 73 30
46 74 72
46 75 86
46 76 66
46 77 44
46 78 73
46 79 79
46 80 57
46 81 82
46 82 5
46 83 74
46 84 60
46 85 53
46 86 90
46 87 58
46 88 15
46 89 63
46 90 79
47 48 71
47 49 24
47 50 81
47 51 44
47 52 20
47 53 5
47 54 34
47 55 69
47 56 86
47 57 91
47 58 61
47 59 23
47 60 20
47 61 56
47 62 78
47 63 51
47 64 14
47 65 11
47 66 62
47 67 16
47 68 81
47 69 60
47 70 69
47 71 44
47 72 4
47 73 69
47 74 87
47 75 33
47 76 34
47 77 36
47 78 7
47 79 78
47 80 29
47 81 5
47 82 24
47 83 5
47 84 34
47 85 37
47 86 48
47 87 69
47 88 58
47 89 59
47 90 70
48 49 63
48 50 37
48 51 10
48 52 45
48 53 36
48 54 41
48 55 42
48 56 29
48 57 96
48 58 47
48 59 79
48 60 22
48 61 20
48 62 53
48 63 55
48 64 71
48 65 43
48 66 29
48 67 20
48 68 9
48 69 25
48 70 15
48 71 32
48 72 87
48 73 9
48 74 36
48 75 65
48 76 48
48 77 9
48 78 8
48 79 63
48 80 27
48 81 55
48 82 6
48 83 7
48 84 87
48 85 95
48 86 25
48 87 7
48 88 65
48 89 15
48 90 10
49 50 49
49 51 16
49 52 80
49 53 16
49 54 31
49 55 20
49 56 52
49 57 39
49 58 74
49 59 82
49 60 28
49 61 70
49 62 43
49 63 45
49 64 49
49 65 58
49 66 47
49 67 71
49 68 12
49 69 17
49 70 77
49 71 42
49 72 59
49 73 100
49 74 13
49 75 1
49 76 54
49 77 33
49 78 80
49 79 77
49 80 26
49 81 78
49 82 66
49 83 34
49 84 2
49 85 88
49 86 67
49 87 67
49 88 61
49 89 61
49 90 2
50 51 54
50 52 81
50 53 87
50 54 87
50 55 83
50 56 92
50 57 67
50 58 21
50 59 78
50 60 31
50 61 69
50 62 33
50 63 25
50 64 9
50 65 52
50 66 51
50 67 9
50 68 14
50 69 98
50 70 54
50 71 79
50 72 33
50 73 95
50 74 76
50 75 67
50 76 96
50 77 35
50 78 58
50 79 20
50 80 38
50 81 88
50 82 59
50 83 100
50 84 2
50 85 81
50 86 4
50 87 60
50 88 13
50 89 76
50 90 5
51 52 87
51 53 63
51 54 27
51 55 31
51 56 61
51 57 75
51 58 43
51 59 22
51 60 26
51 61 45
51 62 27
51 63 48
51 64 19
51 65 23
51 66 27
51 67 47
51 68 95
51 69 70
51 70 44
51 71 3
51 72 23
51 73 53
51 74 41
51 75 0
51 76 82
51 77 45
51 78 57
51 79 35
51 80 77
51 81 76
51 82 79
51 83 35
51 84 6
51 85 27
51 86 89
51 87 18
51 88 31
51 89 4
51 90 64
52 53 48
52 54 74
52 55 17
52 56 34
52 57 68
52 58 49
52 59 12
52 60 27
52 61 24
52 62 36
52 63 56
52 64 24
52 65 17
52 66 84
52 67 95
52 68 64
52 69 99
52 70 92
52 71 49
52 72 19
52 73 68
52 74 65
52 75 39
52 76 12
52 77 62
52 78 82
52 79 11
52 80 8
52 81 90
52 82 24
52 83 90
52 84 56
52 85 57
52 86 66
52 87 64
52 88 55
52 89 53
52 90 88
53 54 4
53 55 78
53 56 2
53 57 43
53 58 37
53 59 93
53 60 39
53 61 35
53 62 42
53 63 84
53 64 58
53 65 53
53 66 83
53 67 19
53 68 10
53 69 59
53 70 8
53 71 15
53 72 91
53 73 47
53 74 39
53 75 17
53 76 12
53 77 80
53 78 84
53 79 34
53 80 82
53 81 41
53 82 13
53 83 58
53 84 48
53 85 85
53 86 77
53 87 6
53 88 58
53 89 11
53 90 45
54 55 16
54 56 44
54 57 75
54 58 22
54 59 60
54 60 15
54 61 31
54 62 16
54 63 64
54 64 64
54 65 59
54 66 92
54 67 89
54 68 67
54 69 48
54 70 74
54 71 85
54 72 25
54 73 75
54 74 72
54 75 0
54 76 59
54 77 55
54 78 58
54 79 23
54 80 96
54 81 19
54 82 86
54 83 93
54 84 93
54 85 73
54 86 11
54 87 50
54 88 19
54 89 26
54 90 91
55 56 31
55 57 81
55 58 1
55 59 56
55 60 9
55 61 0
55 62 84
55 63 47
55 64 95
55 65 82
55 66 48
55 67 64
55 68 72
55 69 32
55 70 44
55 71 88
55 72 54
55 73 56
55 74 46
55 75 14
55 76 50
55 77 6
55 78 20
55 79 40
55 80 59
55 81 31
55 82 19
55 83 40
55 84 16
55 85 80
55 86 69
55 87 71
55 88 97
55 89 64
55 90 17
56 57 75
56 58 88
56 59 37
56 60 57
56 61 100
56 62 61
56 63 5
56 64 48
56 65 4
56 66 89
56 67 95
56 68 40
56 69 70
56 70 97
56 71 100
56 72 62
56 73 51
56 74 1
56 75 54
56 76 43
56 77 35
56 78 90
56 79 84
56 80 72
56 81 87
56 82 40
56 83 69
56 84 39
56 85 9
56 86 81
56 87 100
56 88 21
56 89 43
56 90 95
57 58 2
57 59 100
57 60 42
57 61 65
57 62 34
57 63 95
57 64 8
57 65 69
57 66 9
57 67 3
57 68 92
57 69 85
57 70 93
57 71 84
57 72 67
57 73 64
57 74 85
57 75 67
57 76 37
57 77 93
57 78 17
57 79 62
57 80 7
57 81 83
57 82 69
57 83 84
57 84 15
57 85 84
57 86 39
57 87 40
57 88 64
57 89 45
57 90 23
58 59 32
58 60 39
58 61 12
58 62 28
58 63 82
58 64 63
58 65 77
58 66 51
58 67 39
58 68 39
58 69 88
58 70 90
58 71 33
58 72 76
58 73 51
58 74 38
58 75 55
58 76 35
58 77 48
58 78 29
58 79 89
58 80 75
58 81 64
58 82 85
58 83 8
58 84 31
58 85 66
58 86 5
58 87 62
58 88 36
58 89 46
58 90 22
59 60 17
59 61 28
59 62 10
59 63 100
59 64 80
59 65 52
59 66 24
59 67 71
59 68 27
59 69 4
59 70 86
59 71 71
59 72 68
59 73 35
59 74 34
59 75 31
59 76 18
59 77 91
59 78 55
59 79 92
59 80 49
59 81 25
59 82 40
59 83 45
59 84 0
59 85 78
59 86 42
59 87 98
59 88 31
59 89 76
59 90 38
60 61 0
60 62 39
60 63 36
60 64 59
60 65 67
60 66 19
60 67 28
60 68 97
60 69 96
60 70 60
60 71 80
60 72 81
60 73 98
60 74 88
60 75 98
60 76 11
60 77 22
60 78 63
60 79 70
60 80 50
60 81 96
60 82 71
60 83 39
60 84 86
60 85 29
60 86 47
60 87 60
60 88 100
60 89 53
60 90 25
61 62 40
61 63 73
61 64 92
61 65 44
61 66 86
61 67 89
61 68 23
61 69 27
61 70 22
61 71 9
61 72 89
61 73 68
61 74 5
61 75 95
61 76 18
61 77 74
61 78 29
61 79 92
61 80 29
61 81 5
61 82 34
61 83 61
61 84 12
61 85 2
61 86 22
61 87 29
61 88 23
61 89 90
61 90 66
62 63 57
62 64 55
62 65 83
62 66 45
62 67 36
62 68 69
62 69 82
62 70 19
62 71 6
62 72 6
62 73 85
62 74 88
62 75 39
62 76 30
62 77 30
62 78 50
62 79 92
62 80 64
62 81 93
62 82 74
62 83 7
62 84 24
62 85 10
62 86 43
62 87 31
62 88 27
62 89 72
62 90 60
63 64 35
63 65 2
63 66 83
63 67 7
63 68 40
63 69 90
63 70 32
63 71 41
63 72 50
63 73 0
63 74 68
63 75 47
63 76 14
63 77 10
63 78 92
63 79 22
63 80 31
63 81 85
63 82 43
63 83 82
63 84 22
63 85 8
63 86 15
63 87 89
63 88 2
63 89 48
63 90 81
64 65 82
64 66 69
64 67 77
64 68 36
64 69 98
64 70 49
64 71 69
64 72 99
64 73 99
64 74 29
64 75 95
64 76 2
64 77 66
64 78 86
64 79 43
64 80 43
64 81 42
64 82 43
64 83 0
64 84 66
64 85 2
64 86 17
64 87 18
64 88 23
64 89 13
64 90 18
65 66 37
65 67 60
65 68 1
65 69 30
65 70 64
65 71 27
65 72 14
65 73 22
65 74 5
65 75 58
65 76 91
65 77 65
65 78 65
65 79 67
65 80 13
65 81 90
65 82 91
65 83 92
65 84 89
65 85 65
65 86 64
65 87 63
65 88 31
65 89 88
65 90 53
66 67 38
66 68 72
66 69 60
66 70 76
66 71 53
66 72 59
66 73 28
66 74 67
66 75 47
66 76 96
66 77 70
66 78 23
66 79 69
66 80 91
66 81 97
66 82 32
66 83 86
66 84 26
66 85 48
66 86 8
66 87 61
66 88 43
66 89 99
66 90 2
67 68 65
67 69 29
67 70 51
67 71 84
67 72 10
67 73 39
67 74 100
67 75 63
67 76 45
67 77 16
67 78 66
67 79 42
67 80 98
67 81 18
67 82 56
67 83 76
67 84 62
67 85 72
67 86 50
67 87 23
67 88 73
67 89 43
67 90 16
68 69 11
68 70 34
68 71 43
68 72 21
68 73 64
68 74 40
68 75 45
68 76 96
68 77 51
68 78 33
68 79 56
68 80 77
68 81 97
68 82 49
68 83 16
68 84 33
68 85 35
68 86 59
68 87 87
68 88 70
68 89 26
68 90 82
69 70 13
69 71 52
69 72 43
69 73 36
69 74 33
69 75 93
69 76 73
69 77 85
69 78 55
69 79 4
69 80 27
69 81 52
69 82 59
69 83 57
69 84 24
69 85 67
69 86 48
69 87 76
69 88 8
69 89 30
69 90 3
70 71 58
70 72 74
70 73 34
70 74 47
70 75 79
70 76 99
70 77 26
70 78 44
70 79 45
70 80 30
70 81 35
70 82 43
70 83 9
70 84 26
70 85 53
70 86 84
70 87 52
70 88 64
70 89 98
70 90 100
71 72 96
71 73 93
71 74 27
71 75 48
71 76 9
71 77 0
71 78 12
71 79 63
71 80 87
71 81 96
71 82 73
71 83 42
71 84 45
71 85 20
71 86 67
71 87 17
71 88 78
71 89 62
71 90 33
72 73 81
72 74 11
72 75 20
72 76 37
72 77 32
72 78 65
72 79 0
72 80 74
72 81 99
72 82 88
72 83 23
72 84 32
72 85 92
72 86 37
72 87 98
72 88 10
72 89 51
72 90 12
73 74 12
73 75 74
73 76 100
73 77 99
73 78 60
73 79 38
73 80 79
73 81 77
73 82 22
73 83 77
73 84 39
73 85 15
73 86 77
73 87 20
73 88 30
73 89 44
73 90 44
74 75 37
74 76 61
74 77 99
74 78 7
74 79 46
74 80 96
74 81 72
74 82 45
74 83 72
74 84 57
74 85 17
74 86 83
74 87 84
74 88 62
74 89 41
74 90 80
75 76 43
75 77 83
75 78 62
75 79 40
75 80 67
75 81 13
75 82 21
75 83 80
75 84 23
75 85 20
75 86 50
75 87 2
75 88 38
75 89 72
75 90 36
76 77 83
76 78 22
76 79 52
76 80 55
76 81 11
76 82 54
76 83 3
76 84 2
76 85 99
76 86 52
76 87 65
76 88 78
76 89 89
76 90 27
77 78 75
77 79 60
77 80 65
77 81 5
77 82 55
77 83 82
77 84 36
77 85 93
77 86 4
77 87 65
77 88 35
77 89 6
77 90 40
78 79 57
78 80 49
78 81 45
78 82 74
78 83 92
78 84 96
78 85 57
78 86 35
78 87 69
78 88 84
78 89 60
78 90 90
79 80 69
79 81 50
79 82 85
79 83 76
79 84 34
79 85 93
79 86 4
79 87 54
79 88 81
79 89 35
79 90 78
80 81 48
80 82 4
80 83 40
80 84 98
80 85 14
80 86 8
80 87 30
80 88 37
80 89 29
80 90 89
81 82 98
81 83 43
81 84 33
81 85 57
81 86 18
81 87 20
81 88 14
81 89 70
81 90 56
82 83 5
82 84 17
82 85 100
82 86 95
82 87 78
82 88 71
82 89 74
82 90 29
83 84 56
83 85 13
83 86 48
83 87 15
83 88 15
83 89 94
83 90 48
84 85 87
84 86 16
84 87 31
84 88 77
84 89 27
84 90 39
85 86 19
85 87 53
85 88 98
85 89 38
85 90 56
86 87 51
86 88 28
86 89 96
86 90 84
87 88 15
87 89 32
87 90 80
88 89 24
88 90 73
89 90 94
