9000
9000
2728 4924
7431 5447
468 1893
6311 1804
7538 621
3232 2005
4625 141
352 8815
944 560
5002 6515
7162 1688
269 2374
3589 6224
426 5288
8042 2270
8616 1574
79 7342
6498 8348
7990 6154
5043 5072
7762 2989
335 5626
3960 1861
4865 2061
3955 2859
3103 3456
4909 7055
2280 8605
7291 6134
7688 6538
8134 6155
7865 224
3007 7613
8389 73
1318 3915
3835 2732
5656 8770
4453 7879
5104 3449
4463 5241
3990 5828
7897 7803
3631 1362
5768 4793
5136 2726
3727 5775
1100 6848
1339 8919
4912 3800
3576 8905
8085 7697
4410 4194
3645 8686
7300 3447
2865 5396
1553 6735
2056 1197
1731 3149
2879 897
7662 5961
6158 3632
3419 2832
3444 8041
1457 6108
2336 4074
7148 3089
7605 1033
49 2409
4765 7147
6396 4846
4891 3476
6127 5525
7722 5304
7261 159
5101 2573
662 4004
5760 1167
7452 6234
4388 4750
1366 1229
12 7701
8127 5995
6885 3777
6253 1785
153 2175
951 5866
6008 723
5593 3851
8808 4831
3972 1886
1668 5159
4435 3418
8117 3987
3943 3178
6203 5537
5920 6226
706 132
7582 857
8079 6441
785 8654
3080 6065
1785 2205
7981 7513
5948 884
2123 1639
8916 2688
3757 1533
4191 386
5221 766
1011 4198
7245 1032
8236 4017
3085 3087
5834 4400
1497 7795
474 58
6599 7777
6926 5829
7545 5161
7042 1228
4462 1104
2166 8416
1465 1376
6226 2598
7551 473
7235 2477
6403 6453
1490 3818
2321 7900
69 396
7603 5984
7539 386
4186 4900
107 7093
6277 4202
2302 8869
5206 7674
4311 5488
7107 73
669 75
1922 2874
4572 3619
8065 7818
1338 1982
4175 6716
1534 7971
1135 7758
491 3678
1870 3934
7760 5201
5225 6743
917 1002
1803 6193
310 8549
146 6657
5997 1954
7222 3734
8643 297
7663 2322
6358 3007
6739 2197
5344 3325
3307 8707
1893 501
4447 853
7684 6084
3633 2593
855 2575
7260 5890
3592 5070
8220 5230
1054 5965
4114 2510
2326 5423
5007 1692
7146 2942
8664 2061
4946 187
5922 6792
2097 6183
2299 713
4344 2943
8576 6389
5531 6895
5938 413
1094 6124
8732 582
3905 6470
1887 3036
6209 5912
1001 6138
1808 7548
7683 5647
7107 301
4557 4855
4064 4505
6601 2049
705 4289
6776 2230
7025 6269
6925 911
950 5129
2826 409
4653 8365
5181 6344
7727 3027
796 2463
2141 2047
1138 6131
1924 3774
7853 7622
4770 6237
1060 8427
2203 371
2068 7087
6783 5264
8386 7189
7714 3955
1037 1973
5797 86
4557 8322
6798 4502
5455 468
2341 569
1042 6401
5258 5484
1969 3590
7460 7398
7804 7463
180 94
2695 6546
2672 7993
3045 8331
4477 1333
6111 4048
8230 3826
439 8722
8749 3118
1448 4559
2332 8108
1323 3905
890 2243
3836 6112
4855 7807
8868 8104
7866 7050
2541 6206
2541 2022
5684 7548
3708 5500
3272 6902
4213 391
7837 4770
6156 4127
6142 2592
5084 5058
3702 4533
864 8819
126 1310
391 7541
1289 2502
6558 6819
5436 7277
4389 5209
5581 1569
4700 2798
6075 4194
5292 1879
2565 6877
3199 1919
8493 3736
4635 4517
1052 2426
2658 4996
7365 3354
5873 7958
8414 5681
2275 5646
7678 2902
7520 739
922 6811
4420 482
7104 4647
2377 6060
2687 5196
2020 4125
861 5160
6510 8506
3500 4741
1621 7146
2749 8064
6316 1320
2013 3674
2813 3919
3219 4620
7418 7340
1702 1678
4965 2170
4687 2357
5859 5224
7770 7578
7301 2319
3886 4060
4994 8577
1078 8681
3956 1391
1739 1386
1236 2347
3290 6619
4026 5445
6157 1042
1835 4053
2012 2230
1750 2903
6083 2566
1582 1054
386 7648
2901 4035
3233 2371
4921 690
6778 4305
1828 2622
172 7049
3391 5965
5653 3715
2402 318
3501 4130
7162 7256
1990 2615
4565 8044
6705 8919
6443 1038
5983 8095
7448 2207
4112 7183
3297 5570
2179 4577
1705 1304
5656 3893
105 556
8482 5600
3667 4006
3987 2513
121 8019
8402 8058
3974 5151
8368 7402
3283 8617
4381 1333
3592 7150
6724 5006
7792 1199
8597 1278
7693 7885
1031 4077
6445 1353
6507 8667
4439 2202
5126 6059
7295 4117
88 2826
8837 868
219 958
4332 2408
7467 434
857 4056
4584 2642
396 5846
3629 6569
1414 6410
8477 3551
2068 4351
7291 8605
69 7444
3520 3210
1834 649
6940 800
486 3098
8733 7365
2079 6800
3545 1699
8984 283
5956 4429
6110 5899
3197 7298
4885 6830
381 2125
291 1193
2887 8772
1942 8023
4428 7148
4364 4394
7410 8318
3228 6425
6389 4188
1064 809
2882 8958
7674 8971
329 1208
6237 536
2449 5128
2450 305
4455 8238
3222 8429
817 1319
3652 6239
5393 6339
7474 4344
8671 7157
1859 278
1360 6105
3965 4874
6555 2024
2101 4691
4917 8719
8841 6450
7044 7804
1918 2168
849 2937
4950 5924
8610 3903
8980 7921
243 2267
3738 456
1193 3391
5681 8087
3023 2248
4022 6630
3630 4780
5886 6268
2859 7350
8205 5145
3876 1205
2641 6632
5763 7982
328 1044
1067 6843
7605 3685
8084 1432
4464 8005
3564 5464
6841 4886
5003 234
6861 7624
8838 191
4568 2909
256 4456
1800 4516
3926 4002
871 2431
6042 7729
8333 1849
6286 140
6300 7614
838 7965
6362 4788
7676 2229
4538 6944
608 964
8859 5453
6339 1648
8727 1032
8278 8268
8449 1629
2068 919
2351 4753
3588 2707
8065 5952
8061 8315
2021 737
6419 6679
3314 1291
7294 4687
3664 6112
1340 4115
7712 8714
5447 591
6457 3489
1691 4113
3301 4783
7880 1780
6667 8763
5133 3520
1772 4701
1527 3819
4642 5145
5731 8215
4531 6632
4956 3492
2501 6097
3355 6819
8069 691
5991 3696
3621 2413
2481 6613
6461 184
1056 1004
990 182
937 2881
7263 911
3110 6123
5251 1570
7508 5407
8338 7661
1784 7224
2817 802
4547 546
1927 7227
6656 7173
4110 7349
7495 5091
2308 5246
6043 2395
3413 2870
2551 112
3466 4327
4181 3227
4427 2212
5152 3030
1200 2713
1154 8824
7878 6318
5056 8562
4054 948
2030 8799
4369 3488
4040 628
8975 6780
1001 1674
6619 4046
6933 4880
8835 5368
4744 4104
778 6658
2821 8647
3728 1249
8873 2847
107 2122
8611 8002
6142 8757
1613 6854
5423 6455
5740 1905
3506 8404
1259 3330
6610 5679
1498 6707
6039 5219
6625 2755
4952 3620
4802 1805
8116 3065
8038 4907
4647 1603
6044 4931
8555 5518
7483 7519
7958 5336
7134 4287
4409 2820
8446 6383
2659 3651
166 8793
2213 6848
6551 4247
2675 3525
4438 7708
1502 4356
7934 1618
7647 1171
6023 1412
1503 1882
4506 171
2405 3481
8094 3144
474 8370
5291 685
7439 2164
7123 1746
4346 5660
5758 8894
1484 6170
3189 4757
4812 2355
1617 2018
4258 5169
590 5005
6062 7256
3856 7735
5787 3590
7454 223
7696 7967
2967 5518
8883 3376
2462 8295
5285 2156
78 1477
8831 4232
2908 2289
1565 6015
8419 2408
2386 218
2006 1125
421 5637
7820 2961
372 3872
4039 8901
5344 1955
1163 8672
8165 7504
5251 3243
5193 2358
1531 5065
92 7536
1108 8714
6273 3218
2603 1813
1715 5884
1815 8376
3492 5303
5616 7335
7125 417
8900 8777
413 8487
6947 6670
8495 4844
4120 5413
4459 7485
5676 7214
1620 4734
3317 4314
4862 6564
6932 2706
1410 2789
5911 7532
7099 6715
7254 8727
4445 4452
3540 1501
2831 6089
6847 2025
6036 2475
6659 5698
6691 2973
7483 2244
1261 2530
3839 4244
1112 1361
4279 2923
5004 4407
6146 7571
6217 364
4517 2933
6954 6828
2034 7228
8114 5781
4143 4026
1349 5300
2849 1356
2821 2836
7512 5548
1731 2880
3820 5461
7256 6492
8953 556
6461 4417
7138 3465
2927 5091
5736 8379
3848 5195
2778 8392
8119 5443
2557 6640
2781 8394
4715 2591
7176 7946
197 1870
6067 1001
6856 5327
5970 3923
7937 8437
8090 5488
8328 1683
5405 8330
5422 6137
8167 5996
2684 6137
362 8460
8241 7354
1487 1375
139 3158
5012 7373
6666 6265
369 8614
2557 5418
828 4161
8940 8183
6065 5452
5883 5085
7025 3843
5075 6103
2403 4805
1843 4724
7727 980
4051 6077
7629 1496
3547 3841
548 2999
5998 5710
7186 2675
7698 6633
6008 8184
8651 589
6157 2018
8467 6433
5362 5235
5822 2764
2849 7305
941 3057
6778 2163
741 2840
3978 3339
8229 766
3624 4807
1980 4827
7764 7239
2899 4112
1974 8688
1775 4447
8361 5951
1857 7359
6932 1863
5013 3800
3120 8206
8055 2301
1085 2508
6890 5600
499 130
4158 3404
909 1235
6007 2266
5832 5774
8930 558
3622 1050
2043 2642
4181 7538
5366 8750
3034 65
5658 3244
7598 1099
4561 6881
2769 5583
3638 2838
6165 536
709 1423
454 1489
8638 1614
1948 7797
8994 6615
209 5750
6170 5848
5416 3036
8355 3224
6169 3882
6768 7997
7010 4914
3794 5511
3343 6502
6944 2112
977 7154
118 7140
3507 911
439 8694
2852 5213
2627 5007
1739 2707
3419 8259
6373 217
2353 583
1659 6265
3874 1337
8302 4614
5291 5469
1102 4923
6763 6744
8805 3806
4721 880
2891 2938
5215 3511
7148 5916
5408 5303
1354 1316
6868 7598
7857 1133
544 7980
3800 192
7355 879
2953 4529
5924 7573
6485 3915
8752 3548
3285 7645
1114 240
668 6495
8468 3206
7375 1820
4068 5490
1827 246
4802 8224
8925 8660
4459 4044
3995 2009
148 4137
5705 5522
8524 165
1022 3469
3044 4518
5090 4054
1628 8352
5449 8154
5722 1163
2484 4581
7926 1242
3722 7242
5732 7469
1500 6294
3449 1596
288 3304
7152 3735
8048 416
3321 5412
4899 6345
8529 586
8234 319
2202 1413
3891 8838
8814 1393
4083 1546
126 8284
289 675
395 1354
2832 6016
6727 6770
1326 3051
3024 7112
162 8480
2498 3084
148 2912
5471 1054
5068 4519
7969 6705
5423 539
8743 6826
6989 2663
681 7160
6251 5746
2283 1030
5275 7762
3413 6855
5372 7058
1461 7171
4181 5805
8589 4206
1817 7067
1349 5116
1584 5561
8658 2135
5462 4648
8126 1124
3723 617
5026 2568
1022 6484
802 2127
1868 6660
3368 1760
6289 8419
1635 2908
2392 7277
8564 1018
6160 3249
2629 228
8064 7409
4854 5769
3219 2849
6374 589
439 5481
2942 3120
4013 2625
7333 3747
311 6924
3452 856
985 6910
7192 5601
747 3742
4893 1940
4082 7484
4825 176
4931 8452
4113 5183
1774 8290
6283 7969
8 7450
2915 3245
5131 6405
579 4928
6192 8469
268 4273
3298 2298
1445 7681
174 3748
3429 622
2598 2755
8930 8290
4114 6729
3254 5577
4011 3229
7569 4
8572 5326
6059 5673
1187 7423
901 2075
6806 5515
6417 2246
890 750
6016 3703
6359 2
296 2779
7264 755
3610 5634
4804 5246
3636 968
751 7477
6386 8198
1502 2232
4661 1754
951 5459
8422 6598
8948 6258
534 5338
2729 5035
8380 6612
3911 8008
7225 2883
7323 7686
5735 6331
2467 7841
8485 6434
6882 6544
6984 2733
5379 845
3776 6871
7953 6746
6303 5639
6957 2480
6205 336
226 4995
1010 6229
2715 160
7763 2078
7486 3102
5391 5117
8638 4873
3786 3929
6107 2735
8157 2240
1234 3310
6211 1937
8469 6373
7411 3654
6359 7823
7228 7906
6962 296
3129 1179
3080 1269
8856 8714
3163 5549
8895 1821
3603 1911
6760 6761
5957 4563
1206 7715
4784 1311
784 1785
8646 1529
2283 4757
2599 2571
4654 2106
5197 7160
6454 7698
7970 7995
6177 3938
1773 7109
1154 8264
1123 3056
640 8385
8402 7238
505 2960
5558 5247
5475 6636
183 6067
3329 651
5116 3257
4955 8106
613 6239
400 5927
898 7800
781 6932
721 1837
5537 8957
5247 2452
3097 3375
8011 1172
8170 2112
4483 2419
5517 8990
7558 2128
1692 8138
8569 1463
6133 6383
2707 7305
5791 3516
3347 7718
6758 4160
3252 1469
2949 2558
4274 7098
4253 6494
6218 3438
344 7416
7627 7610
5625 3508
5101 1571
304 7331
4716 2417
1903 516
662 8206
1589 1437
6258 6885
4900 3227
4116 1954
1034 550
975 5231
8330 2437
6457 6454
3882 2884
4911 37
2719 1739
3607 31
7404 4240
8515 150
167 3677
537 7138
1380 8865
5999 2592
6651 6355
7675 5190
5138 1978
6725 972
2439 3808
7049 4602
851 3103
7528 8518
2208 3932
1087 7404
8804 1903
4063 156
8378 3602
7836 7679
1290 4092
7374 2807
1515 7241
4183 3985
6874 74
6169 7890
247 2701
350 4715
3790 4145
5638 6584
5430 7847
5638 7692
2717 2678
6015 6199
7074 1652
6310 3919
1778 8781
424 2440
3179 4350
7854 3216
6141 1693
7130 8729
1881 8460
5641 5707
7575 1180
533 2346
7041 8753
2020 2091
3433 331
2575 179
678 1891
1338 7749
7351 2520
5342 2538
7263 7255
6395 5332
5248 7671
8213 6606
4416 1180
8698 5618
4829 4311
632 3343
2090 6575
579 4264
1333 7986
4161 1215
8532 7544
7046 4766
5524 8686
7239 6082
3210 4189
4946 1646
105 5979
7317 3048
4842 8976
2006 7257
8253 4870
4610 1291
6954 2600
3194 8685
2631 3821
6597 783
181 945
8839 6214
6332 3668
8561 1472
4257 66
6827 6926
4189 6212
8436 8790
1672 7387
878 8901
2716 3600
1019 161
4402 8531
1516 1378
8057 1364
581 2830
2328 7857
4537 3799
4490 4370
7297 8874
7630 6557
5046 4537
5380 5496
4560 8496
2925 1395
7002 5105
170 3746
2292 624
7344 7121
4068 552
4409 7254
6045 8275
1051 8308
6910 8265
7278 5950
1825 302
6961 6592
3730 7693
7538 5123
1624 7956
3974 275
7500 353
2809 1864
1054 7974
7787 8398
2185 3678
720 2116
8309 5897
7437 4591
1337 7998
7797 3437
8994 3637
3704 7519
5198 2773
8657 4764
5783 2026
3145 5567
4067 3049
8896 6119
5719 1193
3305 5191
7196 6950
1931 2564
1641 4955
6200 4195
5071 1902
255 7371
2499 2737
8756 1778
8189 8915
5975 1737
2612 812
5361 4381
7742 2537
2115 4304
3119 8577
8657 6160
8030 5092
3628 4868
236 4489
4609 113
5941 4024
6743 452
1728 6397
546 4499
2442 7825
7702 3980
6177 7966
8638 8794
7927 8161
8141 2851
8737 4284
6588 2953
3098 1202
3055 2988
3163 1833
5219 4723
5718 3115
1114 1080
8982 242
4055 5
3761 2637
4499 5926
8183 886
2201 3990
7276 4251
6319 5848
3761 2146
2472 7956
5290 7373
6714 4234
5986 2062
5704 432
1940 2138
2995 2797
5821 1449
5402 2994
7539 960
7914 4958
7340 4665
6416 60
776 7143
6170 282
324 1339
7401 3708
4224 6044
2080 8496
4482 6277
3683 1490
641 6637
1490 2708
4992 388
4565 2480
7205 536
466 4046
2098 3492
6229 453
5170 3857
3127 8041
8589 7448
8208 3792
5213 5527
7851 3095
8394 3138
8322 3969
3926 1169
3553 7244
604 1404
7152 6648
1019 2410
3922 8402
479 300
773 1418
1355 6778
4915 6361
7625 1191
361 4178
3662 1751
4125 8530
7289 6990
2777 5127
7718 2532
7414 8179
5709 7023
7715 840
7891 5320
2307 4533
6159 8268
5703 4570
4585 6890
3974 2929
7734 6764
6733 4487
7158 1717
757 711
8642 2864
3612 1924
1007 8681
3371 4127
4811 5005
4269 6863
6873 227
1739 387
2111 8074
4151 7663
1547 950
6674 4649
3224 6320
2424 752
8021 349
3856 4487
4384 2599
8578 6043
5093 1000
6199 6446
4939 4761
8244 1184
5819 4680
4147 6736
5411 6728
5921 1677
1582 7189
5453 1388
5982 7414
267 7374
2180 462
5609 8677
6628 5819
959 7979
4010 695
7359 6113
6632 6292
6764 5229
597 5084
3043 195
1809 7267
8488 490
3814 3609
3848 2034
2767 1207
3058 930
2520 6804
4465 4445
4383 6005
669 296
3456 414
7309 4002
4156 6766
2816 7804
7309 6431
5461 5317
8686 3621
1734 7687
914 1416
1704 2227
6069 4675
7273 8947
1036 2840
7912 2372
2024 8132
7918 5541
1997 8201
4554 2768
8668 207
975 4197
1644 1702
2887 5874
4251 323
2920 1031
5386 5689
6599 7734
2538 2032
3268 5717
2373 25
484 8207
5468 4755
3755 3457
2476 6031
6821 1889
6484 5696
2478 8027
5756 5469
7008 8295
6786 3413
8732 6736
4580 4402
5841 8523
2657 7129
7289 6501
6868 494
537 8110
5897 6977
2399 7065
2313 6314
7522 8035
6438 7575
8866 1371
4565 1373
2778 3612
4558 3145
4508 2699
7254 7469
1693 8980
5743 7746
4292 6675
3178 1746
5942 1754
7778 1721
1312 2805
5083 5890
7932 2853
5731 8364
686 6699
892 8360
8062 805
133 8481
1351 3832
7722 6106
1243 5648
4066 5249
5915 1476
72 8496
1560 6670
5454 1601
3392 864
2810 6662
6205 6403
2410 6702
4149 5754
7198 6201
4419 3360
7919 808
7599 6140
5990 2156
2811 3933
2489 5062
1727 7164
2458 3902
6847 6097
3892 6934
141 1760
1443 3859
3075 7066
183 5224
2757 7509
3545 6731
4619 7754
1505 8957
4293 6541
492 7809
2378 8390
3081 3333
1995 3214
5252 1951
3711 6356
3786 2181
5855 4740
4792 6952
7076 8743
638 1322
1280 5931
7571 8823
3262 6200
912 8741
4238 7452
3159 645
7161 8262
8610 858
4049 1441
5681 5761
6036 3554
5042 4270
1456 226
8317 646
5557 7309
54 50
3064 3984
7245 7531
8439 2070
4132 1081
6329 4402
2696 8107
5154 4354
713 8940
7717 5697
7366 3703
8168 7673
7176 8380
3615 5024
8084 6380
6637 2696
7460 877
247 3726
7008 8919
3020 6519
5762 344
6135 1688
4967 2398
7029 4613
3377 1333
483 3544
2239 2709
1927 66
4906 4962
7887 7505
4997 4537
1475 8942
4155 847
7418 5742
3211 169
567 2237
7341 7541
4792 3734
2380 6259
3892 1571
1037 2401
1934 3819
8227 3178
2054 1983
6928 1044
6049 1799
8856 1932
1194 6172
6061 3297
619 8892
92 396
3890 6778
39 5459
2274 6677
179 3544
2923 2831
5470 566
4317 449
955 6992
3943 1934
6215 1591
7384 8588
5782 7565
2429 3569
3906 1117
4916 6811
1771 7585
1517 4182
5674 3452
8968 8536
6439 8911
3795 2252
6664 8024
4408 2107
5625 979
443 7059
5916 136
7420 3841
3052 8291
4296 5608
5675 995
2946 3015
8649 1236
4713 286
5883 8346
3129 7317
6493 7579
2450 342
6532 4223
3163 334
2851 3334
7511 1911
8836 8198
5615 4890
7917 1321
8686 2408
3237 6249
3922 3907
8547 1313
4205 6960
6871 453
8438 5283
3920 1540
5004 1636
2797 3844
2569 6382
352 4081
4238 5410
622 7029
372 1301
5947 1306
8478 1566
1266 5565
4213 5703
2571 8763
8831 3544
5146 8701
7454 5479
2615 8916
6636 3985
7049 2447
6026 2998
7710 7428
5917 6404
3888 4772
5255 5451
6582 1546
7078 6801
6561 5243
5341 2393
808 6538
6908 4428
2080 7703
2817 6150
1145 4871
7010 6775
1339 3226
8438 8333
8361 2415
4331 5900
4119 7732
3904 5390
8441 7640
5599 1395
132 1808
8073 6878
6191 5090
4532 3301
8095 148
5035 1997
5360 8695
7077 2510
2895 1903
1677 243
8367 3766
6757 4583
5175 777
2340 5144
7048 3336
5384 3788
8598 4911
989 257
6035 494
8599 1149
3607 8005
203 3937
2097 1035
363 4669
3884 1896
5870 4474
4787 8033
8950 1854
7842 143
4552 3873
7850 2319
5903 5538
4870 2658
775 7968
5619 6429
4941 893
5741 5152
6380 7935
1730 6538
6952 2931
2912 6444
5797 3965
4384 4088
357 5802
8653 1389
8226 554
1473 8472
7595 5547
3884 4889
4965 299
5123 6894
2236 4032
7267 6877
4515 1018
1655 7410
7293 8622
7924 3379
1073 531
2137 5125
5122 5245
3501 8247
1418 2258
6134 1105
983 3811
6091 4361
6969 3863
7217 7884
7225 2357
19 4187
7965 310
7564 6366
143 2701
201 7700
8505 7953
2843 5059
6190 6722
1746 6240
3051 7889
5574 332
5264 6529
6765 2072
5169 8247
3125 2138
2204 6490
7792 3050
3933 6622
3681 5780
8955 5738
3590 2150
1208 3024
4314 5541
8086 5273
7713 3320
4744 8011
2972 3181
4921 933
5539 6385
5181 2873
2233 2504
1479 4546
8044 4483
686 8269
4978 8311
3639 6117
4366 6702
8982 2506
5867 5395
7870 7744
4628 7811
6223 2662
6083 4050
8239 6816
7309 4689
4361 7261
2338 4657
1539 1388
5098 7971
4412 6888
3491 467
7944 4356
4349 1865
266 2973
3189 5573
7457 7467
2989 3692
7365 6688
7835 8131
1663 6767
77 1521
596 6244
822 8834
6439 7767
6582 1514
3618 4581
520 3179
6573 4520
6979 6382
3577 8674
1968 2658
1993 4800
2356 3819
3808 5092
467 5852
2959 3982
3110 7987
4555 7365
2310 8962
5448 307
6456 6275
10 5930
4795 8331
5020 993
1867 311
1657 5089
5223 190
6649 1262
958 2753
1697 2816
4739 5807
4210 8636
5216 3937
5903 2347
8447 1770
6787 637
1759 568
6488 7741
3758 851
2346 2192
6596 8729
6587 2801
7769 5441
6712 5702
5787 7393
4432 5600
1336 4902
4618 8952
3457 3389
2854 5271
2928 5439
3851 6723
3915 6765
4152 8316
3261 818
5026 2457
1156 7427
2018 6465
2769 8795
5233 1650
1233 680
6049 1575
6493 8355
2562 6313
7473 6881
2617 3439
1804 4906
7876 8626
3832 4170
7595 5389
3602 2839
8617 318
4045 1201
8181 8328
5908 5772
3291 4140
8444 7339
4155 3123
5357 3170
7792 5390
3194 5447
4429 3752
5656 791
210 8187
317 4044
1354 5480
7500 5902
7861 2136
4045 1287
4781 6145
61 3133
4595 4611
3176 3732
2704 8101
2483 946
3645 3101
4378 193
5706 495
8135 2989
3191 8029
4223 7081
7975 444
8119 1178
4203 2173
1195 8124
1777 6906
7047 6662
3742 3615
2880 4104
4859 4354
8037 6269
6311 1723
7456 5087
5265 1534
2304 5884
7700 2182
2244 780
2163 531
7627 2275
4763 2689
1824 3893
137 1623
2603 1634
222 2563
3424 353
8899 453
2996 4011
5513 2014
2311 4528
8143 3087
7869 1427
2874 2503
7858 8924
3373 5220
1433 408
2302 1175
5782 855
6976 8769
2944 7701
4192 1736
6444 2009
1012 3025
5816 4346
6124 2550
7079 5295
5268 3535
7892 3206
7142 4576
5021 538
3185 7930
8069 7236
1364 6947
1324 2402
317 6570
4343 4046
4773 5976
4223 7273
143 8344
1764 67
2905 49
2697 917
3507 5463
7419 2331
1449 5152
1375 6837
4994 4234
8806 5421
2626 1133
6059 4918
8698 1197
4466 4044
3002 3632
4658 6682
7811 6782
1150 4199
4168 4493
7740 5275
6897 4322
4619 3634
8226 3065
2056 4811
7826 1241
6503 4555
6536 4507
7691 3982
5438 5971
2796 2827
4708 1685
3663 7547
5774 6004
2549 584
1942 6294
8477 7282
5272 6614
5046 4128
7359 5271
290 2631
8400 6929
4008 2488
714 1596
102 8793
4339 7003
5117 7462
5831 4510
2537 6562
4103 4185
4275 3581
7545 7206
683 8198
3706 8839
7383 793
398 4996
8924 2797
6414 7306
7475 5194
2170 378
1892 2669
1680 2292
5043 1558
4993 6332
6619 8591
731 2536
3596 1635
8019 6070
5077 1642
6699 2860
3747 1277
7525 6137
2493 2324
1775 6891
5245 1185
2424 5710
6855 5498
5737 4778
39 5170
8634 8285
4343 2021
3801 3419
761 2544
7526 2860
563 2679
242 7254
4445 8467
6535 7699
609 1354
8961 7823
848 4730
4211 1794
3211 2566
4853 6958
5536 3142
2977 4468
8614 5285
8088 3576
2106 20
509 3122
5626 8721
3941 398
791 4379
2171 5911
514 7509
6246 8986
5947 112
6102 1789
6141 2668
3845 61
3678 4291
6560 4029
6978 5287
8642 2111
3355 2304
7026 1924
3302 3613
7702 7819
228 2915
5989 7100
4281 5516
2147 8286
4317 7733
5379 143
8323 443
7647 1617
2825 8244
6275 6131
3111 306
7651 5692
891 6456
2038 5998
3998 6361
1023 1307
7869 4511
4352 6485
4594 8522
6960 487
5193 4333
3578 2187
678 1615
5559 994
5467 6878
6897 5881
365 4631
704 28
6699 7251
2357 4616
5304 1653
861 2893
5690 5084
6549 341
7453 7505
300 2031
7263 1762
3319 5234
3088 2065
6571 802
7860 155
6882 8707
8864 2683
1906 4559
7961 8326
8849 3475
1256 7913
2916 917
7664 4836
3123 8385
8571 3120
5417 7751
8660 5668
6234 2087
4318 1366
5950 4466
5588 8546
4191 2059
8345 7354
7458 844
2505 2183
2499 1592
1999 4059
3344 5226
5053 7609
6357 4947
4967 5053
7833 2375
2107 6027
3850 3911
1854 6121
2828 5012
376 4892
4016 8810
5493 5835
2600 1509
4225 8764
5389 6455
5826 753
5795 3269
4395 7477
4964 2580
1162 7903
8353 8952
4868 8522
2337 2748
8596 920
8411 2433
1566 6901
5741 1472
1681 6768
1604 1453
583 3149
3452 4983
1377 1577
6547 2486
1830 354
3084 6408
2732 1682
3299 7462
8944 6172
7996 3265
7100 6603
3212 268
1857 3396
2704 1420
8690 8660
4187 1251
8591 3487
1035 2420
4691 1649
1334 5186
3852 6148
3827 7773
2474 1750
8419 6097
1286 1408
7048 6479
7014 7918
3828 3862
2929 8250
562 8767
5362 6423
6098 305
1221 8632
5627 5373
6471 5383
6218 4560
8329 2882
4475 7719
5769 2297
8438 7062
2706 138
5844 1749
8681 3738
5075 4046
2130 3459
2025 7890
879 2124
1017 3407
3775 79
4971 4875
7936 2035
8513 5669
7989 5995
6968 7738
3149 6205
4952 6928
2352 2038
2608 2447
3296 1049
7036 4960
8064 4250
180 6011
7212 1845
8131 4808
1049 1440
306 4945
2957 4629
4555 3761
788 4146
2096 6605
6379 8009
1792 4370
5191 2003
1797 1608
313 2302
7485 536
7645 1279
8875 503
8050 6352
2751 5392
1878 6436
1206 1833
708 6422
8259 455
1236 3580
3403 456
3161 431
843 1802
2852 8483
7344 917
49 3177
3382 2126
1448 4867
5796 741
8670 4082
3914 2277
8652 5544
7432 106
5964 6335
5615 531
5570 8326
5517 161
4605 2944
6643 8854
8195 7314
6715 4532
7327 4103
4102 8185
3629 5539
8781 4356
1295 2857
3301 1940
1131 6634
7076 1569
3505 6951
837 6812
6159 7214
7233 1559
8733 282
5956 3976
8812 2485
1449 4352
4869 3001
6233 4033
5533 2536
1343 3829
5071 8605
5248 4168
3398 3015
6610 3575
1599 2417
6055 2575
6379 1627
3203 2478
4052 4140
8023 7561
5468 50
6148 6444
6985 6107
6923 803
6840 6406
6078 136
7150 4979
8965 6269
7183 3355
5573 3838
3284 602
3491 7933
4873 3035
8327 2693
7911 6209
8028 4704
3868 4455
7644 2001
3504 6135
7699 2412
1854 3953
7400 3927
2654 1998
8738 960
7392 5269
6191 1639
4412 282
391 2728
5045 4343
2412 6889
8073 7326
3199 8611
3431 7874
5576 3484
8989 6486
7403 6928
1538 6326
5966 7649
5133 5512
8204 3531
7122 7061
6586 6107
7496 2492
7849 4629
2509 1520
2450 754
3509 4388
3765 8443
4828 6343
1120 603
5718 7684
5844 4238
6335 903
7416 1997
8788 6946
4372 8141
8825 3797
3547 4282
8814 2038
5469 4249
4247 1508
880 2197
4739 1297
6883 1846
8328 1722
2525 7827
4465 2112
6025 2863
8172 3446
8107 1755
3036 6654
5718 8192
7349 7315
1578 831
242 6899
7177 1926
3872 5761
8745 3922
278 4088
2236 3301
8793 1894
3765 7057
5263 6672
7338 1340
1443 2261
3825 3671
7522 5630
6897 6988
8000 1508
2287 1499
3362 6214
8374 5409
3495 870
1737 12
1610 3320
97 5662
5204 7938
2066 4422
7508 490
8375 2924
3000 5866
3734 6374
4557 826
5714 6826
6206 1835
3653 5135
2714 29
7871 4322
1447 3626
4682 7654
4122 7245
2761 3940
2228 1094
1578 7866
7392 3843
8781 3779
1832 2415
1083 40
4307 6406
5250 2121
4595 7474
8041 468
6803 6790
5433 4250
1319 3538
210 8951
882 7081
1520 3130
8331 5674
2800 5172
5271 1581
6291 829
2204 97
1383 5289
6731 1893
6686 362
5553 4357
5367 1126
5009 4693
1478 1415
8892 6357
7305 4833
3273 6500
4167 4458
282 8596
1268 4999
7835 8489
3192 6926
4315 8202
7341 7641
7640 6081
612 2484
4409 3062
6622 6985
6065 3753
1194 6871
217 3465
2883 3852
7318 7604
1777 8570
8607 3926
5464 7967
7746 4806
5368 4095
4388 5929
1014 5067
6849 1300
2106 2788
7602 2271
265 2046
7522 7962
517 3487
5919 7957
1175 4850
4943 134
5386 365
4729 580
3460 8784
3717 7483
2826 3498
874 1122
3953 542
2016 7579
3997 4533
5434 851
5831 1087
5700 2158
1478 5802
4281 2306
5491 6525
4921 6306
4512 5395
1181 7904
8336 3395
1063 3065
2720 5680
5892 8380
6354 4396
6369 5909
6517 1255
4865 366
2571 543
112 5310
4107 6896
4997 3800
3492 1722
3150 6386
251 7935
4656 7099
7005 634
7049 5827
4940 936
4358 4396
5490 1807
3201 1944
5317 1002
8734 2327
1300 6466
1172 59
3803 7498
866 474
1256 6050
8803 7563
8662 1584
2804 8094
4152 4138
265 1530
5688 7492
3634 1224
5242 844
6389 7864
8455 7977
3904 3194
7116 6545
5014 7914
2108 5977
8948 5972
3015 1505
2848 5400
3687 1317
5318 7444
4227 5080
7945 1382
112 1446
1013 498
6121 8799
2391 8766
3217 2313
2256 4142
8394 7379
4833 114
3312 5600
3727 3658
2865 6380
6481 8765
7803 7918
197 6036
2808 1287
2300 6360
5852 6882
807 4813
5803 3449
4046 6823
372 1811
4395 6769
899 25
1121 2953
7341 1410
6045 3317
3386 1110
8696 4273
8091 2578
8221 4430
5097 2405
1624 5458
2948 5080
7405 5677
2123 8579
1948 3592
4987 7107
4874 2104
7881 6048
2369 3208
5245 1190
7900 3064
8634 6125
5757 7586
8920 8267
4957 2115
3018 3991
3344 1539
1673 4426
6356 3468
1486 5808
3213 3550
8948 8037
3304 4506
7147 4581
8762 8113
5328 4968
7027 2024
8411 327
5864 5273
2679 6415
4161 3681
630 923
4658 5231
5818 4230
7175 1994
8130 2917
3342 2828
260 7513
1517 8444
1414 2818
2760 8333
1082 2460
2064 7443
4717 7184
7064 2111
1272 5249
2539 8362
1004 4546
1591 3301
2596 502
1471 3409
6881 94
7863 5663
904 1191
615 7117
7383 7408
8178 6658
3813 6240
6193 5167
5219 8763
6254 7104
733 2251
8189 2990
8799 4211
6014 5211
5645 7924
5921 6486
1662 3590
2777 8399
7016 2311
1073 388
6499 2379
6325 3123
734 8181
8679 6495
6129 1222
7175 6113
8033 144
4989 6204
1130 2571
8068 844
7503 3861
2462 81
7220 5342
6524 8318
199 761
8523 6314
3472 29
7387 1896
6615 3772
6914 4784
3769 3265
287 2575
1744 7172
8986 1225
5639 6783
5368 5523
5668 132
976 8433
5025 6075
6659 6517
5623 5133
7145 3277
5148 7815
4471 7088
4018 3739
7189 5736
4360 8288
8566 4615
265 7513
8616 4524
8094 5041
3553 8208
1997 7035
2774 7810
4676 6272
6432 2088
6970 1949
7919 1631
6442 5619
6490 722
1026 3625
3182 7170
8968 2372
5201 3119
4700 6038
5747 1811
1478 8346
5150 6669
4013 4452
2098 2077
8544 4878
4845 3417
6891 4150
7236 8614
5218 1294
5338 8180
3007 5021
3865 1856
3312 5988
4443 1000
7381 8282
7587 1875
3280 200
4883 557
61 6875
4085 1318
7579 1461
4214 279
7139 6479
3949 8934
4345 4390
3616 7501
3347 2612
7742 5094
6585 5244
4901 7385
8479 6711
6126 1350
1692 5637
2748 5041
8934 1747
5943 2491
4774 2409
2183 2620
5978 1409
5875 5963
8053 2765
2193 6562
3738 3027
7141 4671
1284 8705
8215 5696
6431 1158
5701 883
7266 7770
2438 1671
5951 6586
8243 8637
4607 4651
2473 6292
7807 6098
3957 7692
7759 5915
5833 727
1475 514
8105 1657
7646 733
1664 7433
5443 1668
5468 893
7774 107
546 834
416 2281
7371 3537
3196 5372
3129 1106
5577 8706
5844 5504
2742 8204
1257 5421
2289 4776
4670 760
334 6474
5002 7976
2074 7986
3369 3158
2045 6545
1132 7863
774 8026
5832 932
3494 5701
4 7841
6442 6167
3184 1699
333 5072
5272 7549
6323 2161
4854 7449
5847 3310
4740 3773
834 5925
3970 2329
6454 744
6927 7310
7857 6049
7905 4701
3230 2582
6032 1201
4568 5647
2371 8938
3682 5428
8036 244
6253 5298
6796 2597
4318 4410
14 2208
4623 3705
6684 1476
5918 5982
2345 149
4465 3504
4783 1491
5419 4366
2137 7127
494 1405
1894 1962
5966 7097
8317 4923
3161 2773
8313 1760
2009 2006
4311 8835
7476 3852
740 7869
3551 1118
6699 678
1082 3535
5981 856
7233 2463
3377 7508
7774 522
660 6217
6083 3100
2743 913
5553 8949
1854 1856
7159 2133
8367 7331
4642 3291
5273 3604
6231 3472
1893 6916
1221 5888
4442 5435
453 7303
1853 108
4593 2779
3548 6269
7380 4368
4750 1225
1819 8576
3483 6651
5346 3604
2712 3455
8500 4079
6498 3583
3089 8191
4948 5687
4528 8376
7134 5326
8580 8912
1260 2144
5913 1747
608 6726
3619 4328
3689 6569
841 7418
6799 1563
3370 6115
4331 5524
897 2033
3547 3991
7379 8441
5497 1485
8774 3929
4102 6663
1983 8122
1503 1107
3153 6672
6502 7182
6702 7221
5068 5762
6666 8039
8348 3633
4362 2821
4275 3987
90 887
1730 3223
6678 5623
2217 4455
4232 8053
7094 393
8213 3600
4555 1055
1912 5077
1492 7569
4885 8441
1170 7888
1199 6385
5069 7228
3476 8099
2882 5790
8736 32
1443 6072
3782 4532
7318 3870
7664 7804
5571 1727
5799 3412
8747 6794
4106 824
6113 3043
8239 7949
5468 5942
997 6750
3377 3166
6714 3749
3368 1070
6761 2278
8586 5731
842 3655
8261 265
6468 4325
7374 3372
3613 581
8223 4946
2795 5035
234 7114
6044 152
2288 8678
3914 2100
2227 8139
142 1256
3855 7698
4521 797
8531 7137
4110 4391
2567 5062
2691 3517
333 402
883 6925
8496 8595
732 4096
4009 819
7082 8301
2989 986
6349 2680
3742 1622
7494 6614
3329 3964
636 4198
7262 1601
6165 7825
8864 4495
8698 4893
2787 596
8028 3666
1797 2732
5657 3816
5985 8129
4509 3662
3816 8185
7532 5191
7868 1945
7723 4947
1530 3219
8820 7590
8123 6109
5665 4589
4098 5863
4530 753
1261 8483
120 1052
4247 3205
4675 2566
5988 1660
6980 23
7675 8105
6740 7544
8753 212
4784 3988
1536 8743
4622 4036
8595 2945
4276 540
5358 5155
6062 8836
2457 2876
2157 2366
8672 8599
278 3661
4495 205
3705 3795
4474 1399
328 2093
6494 4857
2209 857
8356 5220
3960 2895
8500 5119
5591 8063
8737 5995
6724 1148
269 5738
6774 5765
6600 5875
3571 1790
7228 1600
2379 5216
3021 980
8424 6314
1411 314
4851 4282
6755 3155
3282 4697
2610 2078
4187 6302
1619 1522
3172 2097
4886 6075
7284 1522
7936 6997
2424 3995
5190 428
1863 3573
8019 100
3565 1691
7427 2864
293 2416
7637 7640
2063 3444
7589 8808
1413 5060
4129 7618
3360 4102
483 2463
8396 379
5959 6969
4539 3483
6472 3485
8032 8943
8941 3578
147 2497
3377 8065
775 5272
6057 5986
6602 3790
1742 7279
7949 1671
2083 8850
8908 1651
6796 3672
839 6091
6909 4870
1540 5473
4472 212
1500 5079
1520 5132
3280 8435
2671 2502
670 5422
3152 4160
1345 1464
4471 8428
5938 5873
3579 3246
1336 7837
4626 4794
8864 2780
781 6837
82 6568
4148 2702
5150 2201
8037 6214
5676 2777
3789 1035
2365 1575
8713 5670
442 4848
3369 8214
7411 5620
8340 1098
8612 2668
8331 220
7547 8515
4409 2858
7277 106
2189 7400
6728 8907
5571 4414
1679 3745
2251 19
2016 2007
3662 5221
655 6808
4236 762
8952 6423
7343 1228
3423 5086
6161 5055
4675 3981
7806 5123
6567 6916
1484 4371
2788 8337
1034 8924
8474 6134
222 956
2706 6802
7265 2853
2328 3712
1012 3822
1102 7684
2446 7752
7782 61
5636 7
1233 737
421 6197
5096 3258
7792 7335
3469 6570
1935 6041
1209 2598
753 5969
2780 7673
5850 2393
6963 8349
2632 7135
4038 529
829 4747
3159 5055
7719 2777
5081 3083
6707 6928
7593 6922
4433 5840
2938 7720
2969 4914
7677 4238
1522 5552
2882 1113
4755 627
5702 6362
2606 6987
3696 4249
8604 3663
5177 5921
4726 3151
6416 5329
7479 6917
4521 7147
4319 3103
7451 3482
136 3745
1353 60
6466 4247
1295 1303
4128 5811
7551 8573
2451 8044
3250 1836
2292 3102
7663 2508
3039 1532
2354 7260
5051 3648
8091 4899
8007 8429
7619 501
2419 1305
6246 8116
6673 1999
6523 2286
6344 8067
1417 7932
4820 5989
8413 5157
6186 952
4102 6999
6987 637
5993 6153
5403 920
8017 6078
8236 7858
2024 2843
2644 5544
4840 3491
4574 8068
4885 2031
7522 7253
393 3175
7485 5931
3612 4446
8847 6559
2342 7175
714 1945
6908 5073
1025 6477
4202 1847
3155 6803
7379 3327
3026 1882
3400 2439
6762 7009
400 8489
5645 3359
5183 3877
1492 133
4938 8425
3786 1499
3455 3418
1088 8133
2833 8943
6757 4586
7446 5208
5450 9
7307 2236
7791 3899
7711 752
5828 3760
3255 6300
5359 7236
3305 4146
1655 8777
3565 8289
1007 1788
2395 4012
739 4194
6580 4482
3379 4270
619 3394
1280 2684
3587 1021
6934 7685
888 6378
1045 1053
2081 4597
8730 7514
8485 3305
407 6161
3531 3881
6793 4237
3976 6297
279 2041
7435 4480
3982 1900
6756 6589
6607 7290
8377 575
1723 6698
1300 2060
5766 7557
5146 280
7088 484
6933 5869
2722 3265
4495 7383
5847 4372
4854 7701
2720 7681
3501 4466
1070 348
7807 5494
8673 6588
5317 8798
3562 8395
7740 7961
6620 1837
8571 4627
3643 373
1558 5803
112 8373
8123 6588
5006 6158
5114 2217
6252 5686
6067 6113
511 2222
1323 8538
4785 7181
2830 5129
8252 4388
6594 2776
1402 5154
8671 2238
1302 6708
3729 6844
1646 6569
7904 4701
8454 6690
6688 4400
3461 6254
955 3186
7196 2726
6792 15
2464 3369
9 6712
6395 4665
1368 2783
8280 4219
2444 7812
5528 4716
1719 8366
5906 87
8805 8205
7634 8510
8057 5515
1735 8914
2721 4100
2331 8450
5659 6051
3096 3913
8378 7566
7113 3953
5755 5542
761 6274
1656 5744
5088 7741
2202 5307
4276 5804
4235 4555
4444 5865
4947 4558
4197 7291
313 4509
835 3513
6496 2054
3865 7213
5343 8482
7620 3065
1683 3880
4959 8481
8142 203
2520 4615
4892 26
7636 5114
1330 1524
4503 7493
7604 7503
1841 2498
8383 3762
5926 4997
6647 7284
9 6864
2503 5670
5583 1594
1261 4088
48 2446
3436 6146
6244 6847
1520 231
1644 1984
4197 7316
2808 8480
833 8177
1875 4379
1777 8056
5899 8344
7055 6154
8250 2114
5500 6268
4593 7113
6481 8547
3936 3829
8143 1079
521 2325
3436 556
171 6283
6873 2866
1075 3883
4361 898
1574 8304
2793 6784
7302 3001
6280 6719
1328 1685
8970 7907
5567 6867
3903 3140
8692 8991
5027 7093
3084 8534
5712 5592
4591 7016
8599 1407
4858 4956
1862 8998
8457 6130
5268 3014
2750 8950
8130 1642
2450 8535
4604 1458
744 6536
4614 753
2818 7615
7691 555
5004 8286
5008 6852
992 1950
5336 5463
3411 15
808 4522
217 4712
5840 6931
6220 3738
1857 1292
1271 710
3804 2992
5342 6677
1955 2916
532 6250
102 1817
3437 1075
8221 5241
1586 4603
6556 3078
411 4159
7895 514
4590 4188
5242 3372
8674 954
3890 6214
8577 6775
4489 6282
8773 3340
5857 7502
4111 7772
7421 7923
6353 1946
2474 5522
4148 3525
2203 608
8974 5849
2155 335
7122 6081
8956 8098
5787 8748
1369 6192
5735 5092
3892 4356
4789 4747
5018 1060
8996 33
432 5836
895 5711
7675 2608
3138 1944
6191 1758
4478 3094
5987 1347
5063 4072
6966 6630
7001 1143
3375 10
7994 7996
5884 580
5498 3418
4502 1487
8387 7445
6477 6268
5798 610
595 7081
5241 165
3732 2276
2723 6833
3143 4624
5484 6578
2242 3135
3661 2704
7824 1113
2591 7456
2989 1233
1008 3747
7190 2787
375 3905
4416 2258
5382 901
727 6670
456 7494
6864 2603
5529 3583
3300 4450
5134 1743
2165 8165
7332 766
2898 5328
7582 1820
6561 1362
5823 688
7460 7698
8356 8270
3273 5811
6681 4977
8316 3164
5235 3472
3105 3801
6388 8074
5044 6485
2409 7145
2330 2851
5776 3195
3652 1924
7887 8483
6096 4051
8022 2244
3039 7990
7146 1807
2516 7982
6855 8160
1046 8558
5150 3776
2999 7845
2162 8439
3707 5990
8666 929
8053 1195
850 3151
360 1296
4521 1187
6867 4468
2998 6130
4887 5996
4661 1560
6857 3608
7403 8903
5444 274
2219 5500
236 1447
1173 5927
623 5390
4937 7671
2966 8188
8772 7686
8766 1460
1585 5763
1915 2674
3971 7333
5591 3722
8290 4884
456 1228
6593 6912
4569 6112
2869 5960
1514 3755
1784 7060
973 3719
7042 3726
5287 5385
4018 150
7662 5277
925 7006
4269 4829
6185 5637
8657 5008
4612 8585
564 4856
6715 7930
786 2553
1833 7699
3966 5593
1155 4397
3455 2544
4660 7009
6404 2898
8113 155
1087 5436
5828 947
3153 4776
1936 4310
1233 4980
7299 5476
8703 2816
5406 5794
297 5474
1041 1188
2538 5929
1207 4691
5563 7685
5175 4505
1543 8476
8862 6632
7911 8471
5815 3178
1845 4347
2127 2011
7336 8775
358 2680
5818 7551
5476 1345
8869 6997
7993 1398
1450 5069
7928 7933
1583 504
3577 7618
2262 5025
8026 1072
5527 4657
182 8556
8898 3801
4891 985
4873 8478
8934 4896
3594 8020
3602 5432
2098 5825
8402 7500
5333 8875
7593 989
4666 5908
246 8354
4181 4199
8611 8416
6109 3917
4531 6792
8132 5812
3238 3040
3038 1634
6181 4549
408 2406
2571 5573
8097 8437
3811 1030
8070 7877
3178 7952
8972 8910
4531 5102
415 3351
8766 64
8448 8316
5730 7764
3056 8956
7615 8166
632 8960
3769 2646
5995 3220
4173 8174
8399 6915
3941 4690
7186 7247
4783 3943
8775 5748
4187 5437
700 6654
1098 5415
6443 7358
335 2900
7376 3899
1737 3079
7041 1858
590 6105
6140 6139
819 3724
8223 2212
7768 4293
3194 7338
6338 7752
8047 5876
3298 5881
3959 7627
769 1332
7517 7766
8689 2331
5410 165
5254 2840
8147 4087
1838 6034
100 2203
8266 7227
2586 5547
433 6788
5901 2697
1113 6982
6859 3375
6216 282
1153 6737
5062 5259
4718 8816
2911 6081
3641 8270
8334 894
1191 7308
7354 6631
4116 2719
4818 7325
134 2185
5912 1622
5749 291
410 2620
8724 4670
5460 4781
4933 1191
6030 1786
8565 829
1644 4344
40 6115
3456 3732
5968 7413
355 7136
7720 3363
940 6264
3125 5060
5390 4100
5676 915
323 562
4976 5120
2130 7320
3716 5466
184 4062
7107 2764
5668 8815
8141 8415
5400 4257
7586 8779
4977 4591
3151 1843
2087 6763
6947 32
1490 2271
4847 5365
8826 3719
8656 1718
3573 4362
1530 3127
5144 5061
8271 3244
530 668
1569 8326
697 1776
6491 727
7743 3408
5994 5469
2102 6500
1665 2655
657 3078
3450 7875
8345 2052
3717 1321
4495 2274
2947 6654
4589 924
3913 8792
3454 832
621 5787
1940 1413
8041 2162
971 6743
8868 2359
8651 7531
2633 4889
5082 3118
5763 3797
1276 1023
2337 1938
272 806
8660 97
3289 4863
4363 6925
3512 7815
3124 461
4721 6319
6919 2262
1823 5367
6378 7486
2050 1563
2824 4747
8311 5300
2258 3629
59 915
1340 8501
8063 3289
2553 5550
6026 1430
5341 8718
6786 7312
7462 4060
7896 2790
4400 2386
4377 8745
4233 67
710 3066
5974 3250
2183 2454
4155 8276
2398 5894
5536 8442
3833 202
3779 8686
6100 2529
2985 5066
3987 1841
1723 8520
7081 2849
5345 17
191 2429
4858 3878
3568 7838
4409 5664
3207 6402
8999 6614
4870 1175
3482 1994
4529 4016
1604 5772
5464 1274
4256 5106
5421 1146
3769 1105
775 7698
6586 1633
322 7690
3139 6272
476 5478
5793 8791
659 7522
933 6699
6437 1668
8709 77
476 7120
8482 2040
8512 7264
5363 8474
7603 7654
5744 2821
3602 3436
5739 8127
7769 106
6776 6170
732 3274
8906 5485
8717 2601
5666 4279
3925 2056
5420 3251
2357 5393
24 6419
3400 6854
1633 3371
8600 8182
7762 8623
3354 6855
1643 2971
5774 6042
7812 1726
6861 7670
3908 571
1057 3364
1900 2148
2358 1940
7328 8085
6683 5763
6652 8281
6001 7468
6064 4079
1786 7340
7223 2829
1406 4685
2094 3201
70 5288
8027 138
8548 5710
3136 8792
7317 1442
2044 4717
2377 7925
1168 6541
6261 62
8281 410
2166 3827
3145 6802
5500 7004
2032 4911
5928 3139
5574 79
7609 6191
2857 6143
3980 556
7227 1662
3124 8372
3243 3673
6570 2393
918 3284
7443 4615
7471 1870
8870 8460
3846 745
7662 6955
8687 8219
8092 4340
2541 7854
7310 449
925 416
8566 1654
8876 1955
5631 4304
170 2930
1952 8623
2012 3059
1199 5986
7784 5269
1148 8044
7766 3465
1129 2610
2567 7241
987 7400
552 7340
5239 2032
7809 5926
2559 1839
2260 1294
1876 35
7421 1958
5853 988
8309 8679
8743 2961
2911 5842
6636 484
3117 4001
2958 7535
6164 2619
8444 5768
2072 3412
6476 8357
2894 999
5828 229
5681 3822
6548 2338
5059 8676
3652 3039
6282 1451
8294 3622
4650 6323
1218 1321
8504 7706
4763 5504
674 1064
5855 7930
4448 5693
882 2052
908 5731
1181 3080
1977 8731
5566 8354
656 1755
1622 531
3097 7176
7460 5892
3973 1065
3533 2307
7266 7471
1914 2076
7036 3874
238 548
964 1821
8552 5052
3296 8565
3252 2716
3113 2450
6413 2868
7403 8403
1216 7089
4119 7822
1361 8166
7998 8760
3094 6526
7428 1399
2581 6214
3276 7222
8558 4355
7201 6255
6733 3479
6206 6233
7681 3802
350 5572
7581 1442
2017 67
1208 5437
8858 246
1363 7965
7996 8000
388 7504
3342 695
3417 2031
3056 390
7987 3131
5673 7514
6603 8736
3845 5284
1314 2175
450 8788
4339 5583
760 5503
8172 7047
6254 6428
3639 8047
3386 5223
844 8689
3140 5088
4182 6017
3814 2783
104 219
6078 5101
7118 5197
2682 6573
7121 942
7918 2964
5643 2088
8453 2828
8663 6855
6919 3205
5127 4551
5201 599
6746 6165
1505 870
1969 4087
4923 2190
5378 6645
3830 8582
4797 554
1754 8829
2572 545
1609 3875
1384 8085
2332 2763
4271 6058
5996 6437
670 7748
1152 558
2001 6653
873 8282
8448 1037
7432 5239
8444 4175
3346 5482
3272 1123
180 4563
7260 5570
6285 5903
6102 1878
4901 5925
7190 4298
3058 3737
7380 2061
5811 8391
1453 8938
896 7678
2515 7644
5847 1683
6618 5310
5143 1031
3211 8395
5331 7705
8955 2270
4997 175
7067 8700
5553 5194
8603 7912
6330 4315
6126 4709
3703 5947
4286 6414
1083 949
2418 4031
4835 7598
8648 6960
4221 1922
5294 1247
6728 6377
2934 1544
2966 8232
1808 5278
8328 5289
5505 1881
7826 1121
2655 1919
2612 3117
8365 5432
8886 8162
4143 2687
672 3159
7887 5781
7995 6324
863 6413
8082 8672
1733 869
5313 988
7533 8939
1219 1918
3918 4288
7042 2256
8330 4494
7805 5204
1734 8948
8497 6731
7154 172
3332 4459
216 4290
6495 3880
755 1131
1928 883
3782 8377
5445 7757
6647 3099
4520 4857
1492 6957
1750 8692
4893 802
1849 5378
1111 7940
6937 2141
8364 2413
5649 1676
8669 5316
3497 6574
3204 4222
6484 4768
881 3274
2979 4118
3161 8528
3962 6133
1027 3741
5740 744
4418 1717
2297 8055
5687 751
281 4401
2821 187
2747 6046
1477 2658
7518 3516
5512 7504
3225 3756
2631 7621
6782 2440
958 5022
2182 4123
286 1332
3509 8117
6816 2831
4424 2959
7104 5529
6957 5034
3004 2578
5892 8448
4698 4606
8584 8527
6830 3787
4273 5877
6763 6454
8918 5473
218 6630
3662 3216
5051 2574
4875 3879
1037 8066
3306 7853
1015 3942
3875 3776
2933 8732
2027 4808
5945 845
3730 4179
7504 7724
5205 1282
5289 6237
992 7296
4124 8471
3154 5522
8480 5612
6086 2575
8526 1424
4192 2857
717 6397
4914 6846
7217 5147
6277 5177
5389 3569
1133 572
4918 3529
4520 1322
327 4147
8254 4175
7685 5376
2534 354
1125 684
2409 2358
3634 287
155 3480
2208 3833
7314 4165
8190 7793
5026 1846
5929 6482
5632 769
3975 1825
8953 8217
3586 5580
5651 564
5061 2415
5755 7067
7581 1896
1449 724
6033 2938
7903 5244
5339 1551
8742 4261
8675 8349
4886 4122
2095 4590
4200 1329
2042 3938
2742 488
8286 1579
1679 1244
7403 2505
5388 3680
518 8721
7529 1242
5062 834
3482 6315
5829 2049
8977 8228
4110 5514
4046 8118
7666 2029
5269 5883
1776 456
8423 2403
7174 380
8652 1538
5375 968
1124 2655
2659 1364
8990 5138
2122 4983
3378 678
1221 8795
6073 6082
1345 2308
902 8231
8041 6232
699 3582
2730 3717
2487 1548
7913 259
702 5414
4262 6193
7664 2958
8096 6101
1084 6863
7212 8384
1971 8226
4168 7362
6005 6286
5980 71
6257 8060
1824 8798
7296 1883
1822 2287
4929 5023
8098 8507
5684 6319
7415 5443
5764 7296
5565 7142
1614 2813
4857 6258
6039 5742
1522 2980
154 2808
8081 6967
4976 7628
7855 4296
5716 1059
4934 1066
3204 4666
5677 8961
1767 8352
509 4924
7988 2792
2671 1781
2751 6765
1932 4580
916 6704
3593 6726
7188 8219
7577 6633
6597 7948
902 3442
982 214
2394 5017
5707 8696
3406 477
1155 4825
1733 1427
7723 7610
5140 6258
5431 3739
7659 447
2687 874
5400 7880
1461 8085
4959 4143
509 3448
7006 1425
1641 4574
5636 2139
8120 4281
8802 299
6050 7587
4945 5643
4429 952
8825 3956
3272 6999
3915 292
262 4614
4138 3101
4488 253
8011 8598
1488 1810
2710 6053
7438 88
5503 1634
8879 447
5989 4288
8511 8732
5021 1645
3113 4373
4465 4033
4178 8128
6755 3851
1449 2913
1435 6678
4871 8693
7352 7105
7192 5048
2164 2227
360 7715
8802 1977
4158 609
604 5980
5274 7707
3055 5853
1831 4424
3519 6805
6789 7037
2082 726
8584 4334
2262 2410
4674 4953
2520 7094
3698 8419
1842 7281
6613 5335
7284 1115
1810 2725
4601 3955
1508 7787
6597 1814
8402 6808
1011 387
6665 1432
8379 397
5066 695
145 4915
7844 5639
2025 4718
3111 5390
705 5211
688 5707
6800 6555
820 6378
4309 8246
4620 1947
2012 1999
2948 4873
4284 8373
661 8050
297 6353
3243 8030
8791 1511
3577 6295
6470 1739
832 7858
6794 1339
7585 5689
8950 2908
2039 8257
1527 4459
6125 2307
4487 4965
1709 8650
1683 686
1532 2637
7543 4493
4554 8945
8370 1395
5418 5603
368 3886
8297 7269
3595 697
7627 2540
4667 7184
7903 2645
6674 840
5718 6172
3388 8849
6851 6538
1295 4483
2886 5266
2485 4159
4289 1742
8065 4204
825 5098
5712 704
1232 7430
2152 2850
2538 1149
6983 6127
7964 2416
5412 5371
184 5768
2387 5982
4384 1942
1709 480
5544 8667
3539 5923
8531 3609
2014 3107
3082 1470
959 6555
2175 5243
3082 8944
8325 7880
6943 680
4367 2254
8544 8034
6820 3446
3439 908
1243 4971
3777 7070
3031 6417
4260 6449
1287 1966
399 8500
5199 3438
6718 7113
7037 2836
2987 4265
408 2131
6650 587
3172 5160
5319 3710
4285 4743
7125 1431
4722 6170
2241 790
8197 7088
14 633
4855 4571
1619 4536
5870 3514
1782 313
3096 4823
7088 8606
5344 6668
732 4567
2172 2466
7013 7807
8555 531
5423 5749
3448 3423
318 5381
4973 2164
3154 5904
3864 8746
741 2609
5670 3329
3263 5846
4486 1310
3311 5385
4532 4018
7914 6103
7939 572
7871 2209
1105 4439
7482 1645
7935 7040
6159 2301
1811 2430
6736 8014
1239 6346
4921 1558
282 2831
2414 6890
5949 3887
1296 3235
4717 3896
8964 6057
2322 6321
7378 1324
7817 3899
8275 7215
4305 6148
6525 4494
1673 2007
5866 7843
3816 6367
5913 6860
1439 5341
3552 1690
459 2690
5137 5582
6159 4346
732 697
8757 4195
3356 1261
1793 4306
4631 7561
3363 2779
7884 2647
1526 3390
940 3530
4358 3958
185 4635
5366 6215
625 2871
2590 1257
5328 2435
5767 6861
3771 5487
6731 1080
1587 3888
7401 969
8244 1097
7419 5097
6889 6360
1441 3097
1049 6746
373 8858
5788 7693
7475 608
1197 767
3007 6026
145 8923
1267 6119
5062 1089
7412 272
3189 1404
1523 2986
1236 4290
6684 5523
6120 6589
7143 8028
8872 2010
6341 8876
1520 3378
8756 7431
6206 5676
2288 7594
1921 609
5859 4935
22 4887
1005 6984
6279 8656
5432 3001
3352 4292
7911 2135
7422 4162
6856 3581
7622 5116
925 8346
6995 6351
3178 1516
2776 1453
2549 2710
3226 5323
6620 5074
6347 8538
4168 3748
6407 1510
2388 7563
3158 527
2243 390
1276 6779
7108 4810
6529 152
1321 1999
8414 295
3189 6581
213 2370
7996 8274
3368 1866
7411 2640
4100 3031
7611 7068
6801 4754
2988 3701
727 4969
3933 2417
4886 7336
8085 8494
4238 643
5659 4312
5228 1409
3240 277
2137 6084
1059 1656
7403 2372
6319 4100
718 5006
2868 4793
3406 4594
1481 4609
1312 4141
8912 4185
4878 400
7275 8799
8819 1545
7150 2381
4141 4082
5829 817
5011 5094
2822 2247
2606 304
7489 7071
4434 2244
1502 2792
3331 3971
5686 7727
1095 1417
2284 905
6054 1549
4545 4638
2954 612
4490 6670
2984 3583
389 1558
6287 595
8379 8349
5203 5641
1671 5483
6941 1440
1554 8634
6729 8087
7862 4305
8286 2233
266 5921
6868 3981
4243 6136
2928 6004
8651 8946
5161 1059
2721 6983
4760 3830
6755 5997
5264 4366
4809 1549
3846 411
469 6196
6504 1944
4267 3117
2313 4653
1976 4217
5026 4291
5075 8218
2784 4769
139 1408
5676 2295
2076 6991
3901 1424
6082 7980
793 7145
996 5499
5334 6197
3512 4769
7905 6519
8167 509
3163 1403
2360 6896
5500 2982
6311 5399
831 1174
1156 3782
375 4209
4215 1003
8414 7152
8199 6639
6661 2362
825 3489
8151 5825
1497 1244
5822 740
8290 8527
3388 8905
7789 7688
6025 6750
7631 7490
7770 5262
7027 4278
7412 2217
2508 5370
6871 1006
8140 6091
8590 3998
5584 5711
559 8978
158 6362
5138 6412
6700 5563
1040 3243
5094 7557
7103 1269
3389 7555
4325 2691
3954 6945
5236 5429
4244 7770
5864 6959
3139 1099
5761 8000
7419 2382
5337 5567
8036 6701
3184 1558
3101 2995
8633 2937
4313 7589
7315 5596
6798 3494
2638 4740
4071 2393
1418 4381
6192 273
6873 5216
8719 7516
4401 1277
7113 310
5582 4839
4381 2364
274 6312
8842 4597
2891 3045
7860 7788
2873 5237
962 2064
4218 6847
2664 8925
2567 5736
4129 2369
2139 4211
1897 3628
5821 2241
1610 2596
4738 8912
5088 3215
4982 3268
760 3450
2486 6055
3275 7265
1077 1924
4107 4088
8031 6375
3496 1275
4000 8676
8972 2384
3620 6370
8091 1732
1791 5348
3215 5081
2314 284
7843 3584
5882 195
7812 5454
2936 4402
2277 5772
891 453
6917 3757
1382 664
5326 1010
6233 863
3436 3806
1865 8086
4840 8280
5293 7707
826 7149
1721 5967
3752 5177
2214 1792
5964 5064
7348 6687
8249 7571
8744 7215
7233 2014
1556 8167
1169 1234
947 4948
3653 7963
6671 6441
7076 3362
3393 2694
8194 4099
3828 1348
994 1180
7027 7126
2244 5211
1607 3928
4749 57
6389 2945
8031 5836
777 4228
7789 1789
5616 6762
4360 1880
8851 3458
1096 4493
8861 996
1741 5294
1847 4093
5722 702
8465 7165
1972 2036
8224 6058
6105 3544
4409 4740
5613 8008
8117 5958
8319 8024
3437 2615
6964 828
5463 2436
1544 6559
7246 7571
3843 348
7443 4738
5859 3906
6937 1326
5397 928
7252 753
5395 4998
5215 3406
5339 7332
8338 8188
3936 7027
3833 6124
7670 1280
2264 695
7358 1487
6496 3481
7760 8545
327 6304
8707 2468
1247 6159
5599 7387
6351 3877
3789 7015
4876 1953
6182 7768
7267 2867
8441 6610
2384 5206
1742 4798
7497 4170
2301 6677
4288 7089
6126 7287
7143 7417
3592 5241
5477 5687
3154 1975
6172 3345
3673 2489
1002 433
6089 7293
1292 3151
6746 1723
601 8230
2412 8712
4034 5436
7526 2772
2031 1582
8449 320
3526 4618
5977 8717
6133 6396
2739 2927
3430 4090
1065 6802
8624 6886
7892 7398
4741 4502
3395 3775
4992 8412
696 1397
7120 7278
6101 7163
6796 2731
7546 4027
8930 7446
5157 6342
583 6111
5384 1123
1765 6138
6019 365
4400 8335
1425 6325
4667 2628
2599 3197
716 5523
6585 5458
3174 3243
3297 5355
4970 4967
4361 5486
7944 1742
4665 5862
5651 582
372 4477
1878 6364
2384 8329
3677 5174
7245 1227
6135 72
4359 2162
2016 5449
2030 2856
1625 8494
1579 8293
7968 6702
5576 1594
2660 4889
7710 201
853 830
6774 3407
7377 1133
5921 3301
7876 4475
410 1666
2029 6139
7374 3651
2088 8797
8788 8442
571 949
6565 8915
2243 4290
8251 1994
1575 5543
5028 3176
8567 1107
1325 7908
1547 1830
1547 2722
8351 1092
4512 5385
5699 3874
123 1499
5325 6239
6277 6086
7476 2296
4927 4628
7043 4884
3675 3579
8290 8613
3122 1537
6881 4345
3164 1227
5367 3338
3326 8469
3651 399
603 6886
2814 5554
6828 3337
8007 7564
1747 5748
5439 4873
4437 4926
957 2755
2604 3570
6681 4077
3514 5231
1481 3734
1441 8672
2802 1593
478 3938
5368 7814
4271 674
4869 6541
6745 6297
1294 249
2046 1751
2948 3264
7754 6460
1385 4553
7040 3906
2072 6474
1201 8003
5270 502
5647 3975
778 2040
1518 697
463 4018
3473 3610
7211 1346
4099 760
8332 7072
58 7756
7101 4029
8130 6909
5553 4313
7006 5559
6425 773
1457 8071
5376 3165
3486 796
7727 3210
5015 7209
4633 6254
8849 1770
4556 1793
6287 4363
7068 270
3203 3225
5645 8956
1469 2531
8083 4493
994 2956
102 6148
3491 3654
4404 2148
8897 8871
1977 6664
7592 6004
1540 4900
1092 4750
5713 7487
6484 271
6184 5317
8064 6235
328 1142
8258 8652
8252 3552
6200 5602
4908 3875
2576 8131
2639 6438
5853 8748
2031 986
4643 4583
8588 3189
506 2903
8814 1459
7005 7461
3103 5363
1916 1988
4291 6126
4921 2001
2658 3830
7055 3893
7273 8012
8170 1222
1964 8439
8056 7484
3727 4576
5274 8227
4186 4509
8070 2693
392 3216
4075 1656
7615 7500
1078 5600
8879 3848
353 644
8920 5100
8471 3901
6603 8268
8912 4100
3323 4392
3628 1742
8364 5693
4162 2286
4318 1920
2015 6880
7198 6303
3566 7407
4550 78
6352 3467
2969 496
1944 7011
8411 5907
3397 3191
1409 4705
6294 627
7436 7045
7631 6068
7043 1829
361 8668
4805 6988
3698 5583
4403 8057
5075 1062
2934 4724
4580 164
3969 2804
4456 2212
7043 8919
2197 525
6241 7349
8006 3902
5951 472
7450 4381
1926 7948
7780 7558
1315 5606
3600 2528
1985 7838
4941 7934
508 5150
3247 7756
1562 7298
6567 5666
1487 4067
5647 5824
3998 5270
6645 6834
5653 1842
2043 2064
2705 8652
8264 226
616 4054
8543 7506
6109 2608
4845 7781
4480 2967
5258 8461
3731 1413
3490 3412
7530 5974
5267 2389
8160 5698
1988 1084
1400 1028
648 3134
1639 2024
736 1463
3358 275
5492 6496
6129 7078
582 2319
1536 4759
6122 4448
8262 8635
2247 8446
8893 8645
7359 5519
446 5725
5167 5622
8561 4353
1705 7170
4420 998
2266 7427
4816 5128
1782 8870
117 6460
4587 1145
2000 6349
1752 241
6193 5527
4203 1517
7490 4679
7875 5415
8373 852
904 7314
1588 7393
436 6237
6708 6682
4485 4300
4205 19
3746 2950
831 7881
6023 8980
904 6318
8326 1915
3730 1064
4574 6793
2618 2516
1497 1796
4727 4846
4737 4906
3267 2279
3162 1726
5849 7574
3530 3107
2153 6056
1158 8134
6995 4426
8538 4900
7533 2549
643 3244
2820 7531
1951 5204
118 7912
2053 8380
4511 6309
6624 8350
5841 6975
2435 6026
6980 6201
4179 8278
8569 3343
1433 4261
2872 2079
5325 1911
3932 3520
2873 2372
8766 5763
2018 5798
7432 1513
7924 642
3707 1371
2955 5089
3859 1836
8442 6615
6517 7719
3321 8746
3448 695
6139 6920
7287 5669
442 1531
2715 5666
8825 8470
1317 3528
3789 4556
5830 2360
3548 8551
1431 8723
4954 8287
604 3267
3820 8842
3000 7078
3567 7969
3919 1392
7267 2524
8790 6256
7656 8371
7677 8254
4827 1824
2446 1811
5641 3267
4387 8222
6380 8125
2037 2611
6102 6893
6421 1120
929 669
7670 3478
3948 1021
1318 5257
1539 3909
1384 8447
3790 2676
4139 2050
2424 5145
1751 7271
5260 807
5862 3655
8587 8075
6940 7096
5453 615
790 6597
6654 6549
4757 2243
8353 4186
5821 7021
2633 2329
1061 2790
6768 2020
8816 4525
7206 5614
7851 2736
1176 8632
8701 320
3474 6003
4969 8564
5765 2245
1807 8726
5132 2019
3036 21
7572 875
5081 8372
5015 6866
3128 6024
1731 2465
4826 8753
5063 3767
3420 1545
3785 285
7274 6196
6952 8407
8744 2512
1421 2744
4271 6123
7462 5541
5943 2017
3566 4052
159 7294
601 7753
694 6266
5841 1073
550 3661
8007 6067
987 3491
5638 2022
4508 8851
5954 5770
8264 2145
7188 7603
5746 8414
6921 3956
7136 6589
5350 502
364 120
4702 5598
6344 252
1035 683
6461 5336
5211 5770
6461 1604
8225 2074
2522 4033
6581 7502
6893 1769
1306 1729
8521 1449
7790 4384
7575 7284
3205 2932
2005 4922
2603 1605
5487 8594
7099 6656
1433 8003
6685 5151
3460 3314
6593 5143
5078 8126
7672 1562
6012 7542
2476 7706
5931 1741
8379 2419
6115 553
5740 4531
6825 8639
625 7213
3864 4491
405 6032
5503 3703
4971 7015
5262 2334
954 6393
6526 4974
2625 3722
6221 4306
8541 3278
3947 7133
6708 8718
3814 5435
7483 5725
2620 8588
6037 7906
4701 819
3344 3370
1834 6758
8516 2425
3767 2524
3345 292
2727 475
2842 5139
7497 978
7754 7672
799 5128
3888 7507
4771 4995
8336 1888
1233 5702
4183 6355
4270 2215
335 5968
3254 1545
7318 1509
943 1449
7515 1534
586 5170
5888 8235
246 1410
4014 8179
4477 8474
1277 5747
4322 3500
232 6295
3911 3798
3309 735
7061 4437
4348 3667
3513 3581
5311 1653
7746 8217
6088 5055
3072 3693
8507 4784
1937 7930
4649 1678
7264 4537
714 3858
5435 8997
8517 262
132 8840
2777 1524
8193 3768
6570 2979
6011 3850
1157 8693
1791 1415
954 2234
4249 6328
1441 4341
5971 663
5470 8287
3979 6203
8889 4394
4165 6305
7093 841
2238 8784
7777 1456
616 3492
3940 8844
6662 4607
2566 6993
962 4545
3146 6182
406 2363
5761 574
7577 8460
3025 5786
5516 6637
1446 1076
2354 3598
4484 5690
2928 8199
846 86
533 4815
4959 8176
7321 995
4772 3394
6065 1896
3664 6924
6227 325
843 4897
2853 4764
1382 4543
2430 4453
4624 2033
2629 4463
7735 6584
8781 740
5426 7801
7384 723
4757 3265
2144 4461
4936 5323
3205 5226
7446 8483
152 977
382 262
238 6517
638 5177
7528 4459
2001 1023
5196 7499
6803 172
8408 5111
6627 4998
1597 5007
1755 2483
92 8662
8552 2623
5575 3195
3078 2361
6923 6012
541 5322
1779 820
1224 1724
6555 6242
7438 5866
7979 2642
1335 1416
5062 2000
10 3925
3749 3648
6540 4973
1695 6241
6999 3378
4872 8580
5461 4318
4905 4742
8861 6116
7778 4276
4749 1902
3248 6008
4425 3352
3934 8629
5127 6071
2539 4664
5692 7634
8879 868
5944 8565
7607 3249
5048 421
4015 6511
7930 4194
2950 4505
4974 6050
5794 2548
441 4234
3189 6518
4599 8653
7739 2082
989 910
1649 6560
5748 1547
7483 5837
3370 2007
535 6845
6925 2403
5814 3349
3076 1373
6881 2551
2118 6401
6193 5562
4610 807
6160 6083
3465 1144
7920 8995
5090 2247
8125 4511
3993 7704
1249 7481
4155 4908
1015 3622
615 2548
967 8211
6165 5848
5852 1999
5013 8848
817 3142
5580 719
8858 6571
4233 580
2995 2791
5224 1087
8893 5389
891 4116
6580 843
699 3937
6864 5640
7733 1028
3456 8655
4226 7234
8238 8718
2279 4356
8005 1807
2588 5172
6934 6454
5571 6641
8558 7947
5254 2555
6817 3090
8157 8147
5757 2368
4819 3826
3770 5644
5227 480
8794 1718
4691 3856
1253 404
2927 2241
3048 2667
4246 3571
6273 3810
5396 7150
5091 6477
7806 981
3829 6025
2849 2047
5087 5328
3760 3990
2071 3052
5911 1927
7942 8805
8062 8000
453 868
2276 8728
8384 226
2783 6829
2941 4341
319 4652
6188 3178
8511 1053
5982 2865
3735 8394
8124 7533
4902 5919
4469 6274
6103 4612
4697 6595
3448 3547
7710 2383
5297 2432
4090 4531
3669 1630
4347 7007
1848 5917
262 6526
4153 585
4287 3380
7428 6054
2919 7623
6045 6287
3692 5315
4685 3083
365 7077
7500 6489
2314 5267
7780 6163
550 5748
3202 7643
5531 7675
6562 845
8067 8491
8869 173
8606 3838
991 4214
1481 3041
7745 1276
7989 1470
7134 3728
207 5375
909 817
6515 2944
3151 328
4052 1375
7012 4320
6650 153
5441 2338
7380 5342
4577 7159
7507 102
6009 5162
2522 8892
8610 6112
7198 8880
6763 747
6006 6859
8075 5518
5956 2333
870 6419
1225 1221
1766 7567
3605 7344
5091 4537
6527 5759
1808 445
1428 3475
925 7334
6210 3554
6413 3730
4425 4353
7701 4453
5098 8852
174 6988
1063 6876
2757 7102
2199 2449
5887 4231
1184 8501
6199 6782
1671 5094
7325 3837
3491 2813
6492 5944
5913 6856
4882 784
8924 4191
4909 7462
3190 2997
7796 626
8384 5133
1300 6357
5233 6811
7607 1890
2919 5863
7588 4066
3819 5574
1382 2846
2724 5198
3092 4793
4038 5304
3435 5871
2888 650
1496 3229
6548 3681
87 1142
5361 3302
5353 4133
4480 70
7143 3022
1773 3447
1700 975
8457 7730
3294 6290
7006 6263
7406 1607
8908 183
8423 4457
1873 8398
3897 5967
5305 1986
8975 2106
8747 7067
7391 5975
5149 6321
5021 8835
4744 3665
6199 797
2274 3357
7410 8373
3673 5536
672 8908
1362 5050
1934 1124
8744 8472
7938 8448
4025 3553
4502 5696
2236 8062
7627 1100
6717 5190
5011 3353
3782 4648
160 7080
1373 8281
6084 1328
7658 1780
1271 8176
605 122
2767 8352
3650 586
8431 386
3570 7204
3800 2121
6557 3155
6618 3236
5793 7066
4947 4305
7094 5817
8569 5912
5387 8849
2940 1212
2581 7867
373 6546
4026 7048
2840 7802
5016 8198
6459 2847
1066 5046
7645 3104
8989 7843
3497 6234
5978 2882
1160 6460
8494 6752
5324 222
2226 2703
486 2415
3096 4179
8952 1444
6842 5549
2446 7206
3988 1007
3454 2013
8425 7097
5820 6983
5546 3705
5792 5883
8769 2067
6166 4958
1216 3073
6485 6976
2929 2607
2915 7738
8059 902
2962 2619
1142 2900
865 8877
2417 1811
6217 330
7723 7681
6570 4260
4306 7516
422 6071
8381 4411
6347 1047
5313 6009
1692 7873
5670 1516
3011 6677
2910 7189
502 3204
899 8014
1740 1329
3591 1310
2220 480
1891 5347
4033 7822
3896 217
2749 7926
3263 8715
5988 4733
7481 947
4815 8921
1886 1854
4699 6290
8524 2382
7117 2457
6199 1033
2303 1675
2502 8166
5417 3062
270 6258
7027 3698
2089 1652
5673 2364
3151 6556
2201 5519
1297 5731
1315 4467
4782 5614
3123 4208
4527 4343
680 904
7884 6199
8787 2869
7252 453
6872 3306
117 2270
8540 8464
1756 5218
2732 8254
1548 8180
7961 6034
2453 4940
3200 2191
7938 6617
7029 2297
4625 684
1868 2894
2219 575
8606 2372
252 8227
4556 2376
55 446
471 6046
5659 6847
1983 8834
4742 6760
6901 3961
6536 3140
4907 5232
934 466
4991 1553
7369 8430
7408 5151
4420 5317
601 1121
4811 1791
214 6564
8112 8898
8456 7247
8510 6370
6559 5560
2498 5417
5172 7987
1023 6192
6323 2535
6615 4873
8178 5146
619 4505
1761 6820
2612 4733
1713 7997
4623 8465
7684 4495
5445 1814
8277 2422
793 6271
7312 8575
1685 550
940 597
104 3176
4391 2823
78 5505
207 877
6144 3631
5961 3509
818 2885
2610 3584
1348 5282
5612 1113
6368 8528
4092 3311
7975 7970
8305 2117
133 6066
2856 7438
8243 6671
5736 8933
6714 4033
2076 8134
4774 3604
6518 6109
847 7608
8648 4993
5452 3205
5344 6724
6778 5565
5328 6815
6019 8790
6430 4660
2220 6230
1162 2578
8107 6778
7581 1574
691 6318
4719 2974
4240 7353
3783 8128
5008 5605
4763 7764
8388 8629
4166 5605
4298 4052
8357 2125
3159 7812
5805 5949
6683 3569
1412 7411
6247 8254
2188 6814
1659 6980
8118 476
3553 2428
1225 839
4482 7108
4289 4630
6152 5768
7170 8267
7036 3282
7723 6943
8177 6858
6719 8648
2346 4589
6408 6524
5428 6921
445 8973
4438 515
495 8574
5329 6888
998 6279
5186 6220
4685 327
439 173
3838 8821
5381 2677
8535 1414
5234 6447
5434 3347
6754 2959
4419 834
1350 7116
5316 3518
6909 244
2458 3172
5400 5890
5823 8830
801 1648
4649 7914
5505 3458
591 3080
7898 8850
5623 8477
6029 8558
582 4847
6306 833
1174 5779
2853 595
241 754
5198 5297
1784 1514
651 6662
6858 8649
8671 1894
823 7860
7868 6720
3811 2344
7993 2526
1145 5014
6352 1080
4739 3524
907 6532
6794 6391
6331 477
1020 1410
6495 2866
3750 7988
5282 3841
5604 5238
8449 7471
7834 5438
572 5386
6781 2749
6322 2878
4579 8093
5120 7239
5990 1761
4249 6987
2360 3935
4204 1906
1322 5551
3536 2393
6106 848
4659 5879
4496 2617
4067 4659
6976 1635
8404 1346
4395 358
4340 354
1086 4508
6758 6194
5657 5238
3458 388
1263 5517
546 301
697 5933
6572 7213
733 5466
1083 5147
3197 2317
2313 546
7391 7388
7462 8144
5432 6627
647 6311
8263 8350
2314 4682
4726 7403
997 475
1121 5765
7935 4364
8192 1404
6281 4951
6533 1770
6420 62
8320 6364
7326 4946
230 3322
8846 2978
6554 3203
7522 6959
1502 131
6527 5019
6274 2289
8453 3703
7215 4795
2891 6655
2991 3511
5245 8574
1181 8303
8646 6262
4732 5159
5715 692
4257 6547
6343 1406
7796 3266
7852 3006
2282 2525
7283 7980
5371 7234
231 4250
8493 2287
1201 2511
1244 4433
1770 4789
6533 2291
35 7301
3682 2101
3458 4121
1650 7275
8360 381
5549 5342
1691 8489
6617 4929
8696 2581
2210 2857
287 3281
6394 3516
4433 6652
5819 796
7675 979
8839 471
7077 2202
4725 5761
5279 4194
6310 8728
5783 3508
7397 5188
1846 7228
7488 7104
4186 4756
7947 26
955 7708
5345 4290
7958 8309
4059 1114
5544 2594
1272 3393
2409 8813
3530 2130
7080 4172
8514 8964
1335 7107
1653 6581
961 3952
4970 8551
7798 6360
7407 6091
7157 905
5943 7981
6533 4125
5863 5021
7075 6567
8556 4345
6226 2447
7383 8592
7138 8493
777 2818
7012 7823
5511 8101
4463 8892
8375 63
8925 1702
5122 6811
380 1311
750 4357
127 5562
6591 1204
593 4368
2750 864
3010 7766
8554 3705
6927 7887
6567 3607
3002 6392
7389 7810
7906 8925
3200 6222
2475 6305
5337 2087
7188 13
2618 8
1074 1562
5983 6682
5667 8813
8334 5752
1215 2396
937 8325
6355 6097
2473 6306
1738 2631
7137 2792
4243 7822
1676 2382
7302 1479
4043 4587
1124 4858
2313 469
8459 7903
4325 7226
3896 2138
3390 5997
4454 6641
2920 7593
3503 7386
8122 1528
5853 7494
6397 7551
5827 4698
2873 2255
5119 3499
8261 5433
5387 60
1494 723
4376 2375
2959 213
6820 8771
1893 831
1424 6634
1430 8501
142 5033
6828 7100
3462 4861
4525 7848
270 2086
7165 6506
7723 8699
2797 7809
4401 7488
2860 7924
3011 8975
8037 1641
4199 6068
7369 6175
4618 5670
6420 4679
1806 33
7557 7896
561 6519
5355 4203
529 3382
3967 7604
383 771
6337 6384
2325 7947
5846 8765
1563 8733
1529 4990
6048 6852
2802 4356
5153 4879
5803 6129
6035 6664
254 4413
2531 827
8110 7984
7546 1111
7637 8361
6094 276
4457 8383
3451 7216
1147 2882
2021 1450
5656 5482
3575 753
5434 6368
3355 4929
7231 5955
3888 2493
1897 873
7447 906
8732 651
1742 3261
6775 4101
5450 1094
8842 5224
285 1956
8943 8024
8352 129
4574 7580
5603 2660
1415 1110
3114 1255
4526 1604
783 7366
7667 719
6730 7640
7495 3470
5711 3104
780 8090
2114 944
2088 2302
5705 8249
7902 7784
6095 1056
391 7200
8344 2656
3038 7733
1481 2291
191 4591
295 7653
8031 3366
3079 6862
4548 3665
5992 4082
5987 4657
2571 1527
1444 8890
7853 7580
6581 1793
4619 3771
1563 252
1935 1572
3881 4279
1646 4200
2505 362
2751 3527
3634 5058
811 2976
4647 3217
1745 5671
8214 2685
6346 8614
8144 7760
2379 8135
92 3861
6402 4930
3704 4436
8513 4120
3369 1787
4366 4350
4724 1523
1808 760
270 4098
1882 4941
7083 3857
6506 2536
3142 7196
6455 5418
823 8825
5744 1248
1014 3886
3568 6404
8415 643
3770 2554
3381 4487
8552 3379
5011 6023
3772 6923
1759 8295
893 5289
6159 3549
241 4270
3343 1584
3393 700
7176 7062
4310 6029
4426 3748
1434 5693
6046 1832
750 518
4768 6581
7870 8763
377 47
8303 5369
7389 689
3327 2572
32 7671
3700 8355
979 7475
1274 1010
701 5155
161 436
8069 6324
3684 1618
4333 3223
1492 4170
3316 4561
8345 11
2621 7274
4735 5495
6080 875
4076 6759
5362 92
3027 2554
1263 8724
7348 3997
4064 208
8213 6709
5 8891
1279 3853
6935 307
7831 1970
5180 2276
3402 2084
7046 4164
1916 4480
2564 3955
656 3710
674 8081
6425 8679
357 3780
2155 2339
5019 7439
6033 1015
7246 4642
3178 2161
4364 4837
3955 4466
4365 8886
875 3465
1552 8588
8879 6454
2431 7428
3015 7085
235 2528
7943 4916
8170 387
1389 1349
287 4616
1596 2007
2397 961
283 8812
8181 3826
6338 380
6069 7143
2660 5554
7332 7431
5320 414
7006 783
7813 300
7906 6894
3740 7828
4363 5427
7792 3893
8812 6862
4336 4895
2725 7455
8886 5985
2772 2749
771 1301
2260 5042
4878 8044
8756 2688
8051 1370
1768 8497
2247 2819
2324 4042
8061 7545
5509 2375
5973 6951
4918 4028
838 2436
3287 3916
157 111
6349 2633
4020 6449
7434 335
5981 1734
3263 5961
2693 6795
2793 981
6086 6463
2906 5048
1827 1049
4396 5392
3470 950
3349 1423
4973 2091
4912 1877
104 4557
4904 7510
172 414
92 5762
6921 2422
5062 5383
5680 8288
1680 4032
1419 6768
3226 6155
5044 4833
3703 4432
7936 5856
5666 6146
7944 8293
3389 5679
6995 5166
6684 1388
7689 3775
8508 8996
766 2487
8565 2505
1684 5562
3780 3395
4446 1352
7114 3320
3781 3895
6912 3554
7898 862
8813 889
1641 6523
4211 2875
3195 2047
2544 877
8403 8634
8911 8527
1375 3807
4003 8731
3523 3991
31 7170
3968 8531
2402 573
3975 1291
283 7526
3232 4578
4014 7623
3597 8664
1827 104
6128 6108
786 8665
2764 2088
8336 5091
5292 4650
3627 6604
5371 2664
2394 2426
4905 8344
5599 8740
2147 4321
4979 6704
6652 6241
3391 3427
1339 8562
2432 119
2163 409
204 8747
6036 4171
8075 1160
5041 5694
4949 1441
8604 8821
6836 915
6356 5296
5052 2972
2246 7726
4553 1344
2322 7285
5802 162
6256 6508
7309 1587
90 6283
1907 3593
7741 2019
1521 8364
5051 5009
6556 1468
1325 7097
3663 3836
3668 1997
4926 8841
3917 7124
8280 6098
7399 5618
7017 4058
1630 1759
5542 1070
5331 5570
7117 5756
5704 8429
8681 5948
6238 1256
1341 4529
7564 8088
6295 8950
4681 8446
5094 99
4245 6525
938 3814
5986 3313
6802 6402
1609 4567
3851 6445
8253 2930
5795 3377
909 2516
8874 8727
7399 5276
2736 2267
8965 4729
4711 5574
5790 1088
4083 7353
820 2559
7118 1906
435 5410
3593 8772
6513 8110
8746 814
4190 2602
4114 3976
2575 1034
2158 5078
8293 5747
8531 8592
7610 3680
2123 8690
1502 5116
3862 3071
3571 3981
5437 4901
7237 8231
7938 3178
1849 3825
2638 4866
257 898
6516 4153
1553 6419
8353 7978
6078 4051
7534 7516
6701 1469
1336 7856
6693 4546
4858 1146
2428 8023
6074 6922
8159 7589
8904 888
2338 1310
3315 4189
3479 4665
32 2504
5097 1651
5702 3981
3876 3253
7607 1754
1077 3713
6435 3715
4034 2543
5694 1945
2158 855
5233 3908
6449 5058
5257 1291
6588 2794
5507 1169
2035 318
8850 7563
2626 2633
6805 6341
2465 4676
8820 2661
6737 1562
3824 7752
6308 839
4499 4191
3743 2908
5257 6566
2821 606
2108 7359
3058 6865
6334 1736
8534 7070
3656 8986
4057 3908
631 5017
3366 1336
5322 4269
5767 409
647 5665
7505 206
1601 4909
6302 1176
7304 3756
1878 1556
2550 2844
6762 1983
8970 2868
6784 1641
5565 3982
7840 1068
3838 4689
3976 5532
6921 3357
3603 3737
5668 1998
7850 3518
4228 6074
1342 4814
3442 1968
8866 373
4595 8059
1383 6546
2178 8509
4292 8125
8106 3724
1395 6411
3552 8079
1401 7198
5422 152
2321 1545
172 7703
3387 2110
7836 475
4122 3944
1632 4855
4676 931
8820 8111
2909 6138
7793 2679
6218 3944
335 58
3611 4572
3214 1956
4560 8431
2787 7943
8909 6223
8379 819
6577 3010
587 7576
5546 8602
673 4389
7794 7972
4547 5413
1748 8549
6457 658
8193 4363
7322 2162
6697 2470
5380 77
4490 4931
6691 465
3457 3248
7910 3837
5474 1662
4367 2738
7385 6722
6609 534
7968 4926
7160 5499
389 6617
4364 4115
7875 4570
7539 5861
988 4697
8353 8600
4482 1845
2075 819
6328 3823
727 1037
3756 7924
2179 1307
6615 8631
1223 4553
3504 5050
6993 2423
2987 2176
4779 546
4566 8063
6413 1779
3481 830
7155 1729
2936 6455
3812 5764
730 2154
5893 1195
5497 3917
852 5068
7278 4649
8353 8031
8393 4382
90 4246
8241 8531
3541 1412
1896 231
4688 6864
5080 6631
7755 1557
5928 2245
703 4589
8301 5282
5995 2883
6333 3289
2408 5846
3331 151
4771 6365
3758 3735
679 7932
6463 5934
2654 4396
7560 1464
7752 3161
6549 6493
4438 6316
218 7782
769 1449
251 1312
880 8841
7444 5800
6818 5875
8236 7425
194 6845
1463 8247
8768 3864
6938 6775
3425 1463
4657 7000
5666 6707
5696 7228
4673 7081
5577 1973
3058 782
1239 8283
1934 6300
6992 4393
5496 8020
466 1710
6104 3793
3022 2542
8481 7903
1071 6729
3991 5216
1479 2088
8743 377
2981 8811
4603 5779
5404 566
2149 4325
4340 2178
1542 7714
2795 2641
2747 6529
7247 8812
3023 7367
6546 3801
312 5656
6111 1464
4253 6180
7771 3083
1050 1079
164 3151
8517 2409
6073 1707
2320 1378
7157 8089
5570 6631
5449 4243
3665 6987
4308 1764
1595 71
8817 8132
2351 2345
2677 1108
5253 641
7910 8879
3788 5947
558 8141
7575 5949
5185 6405
2340 5863
7456 1768
3341 589
4196 6248
1779 6307
6404 864
1811 4579
8743 805
2799 7417
8077 6988
1841 982
4399 6819
7134 278
6693 676
1441 6663
6549 8453
5781 6772
3576 2184
310 4885
3055 5756
5246 4823
2638 1705
5137 5300
8961 7290
7705 8184
4502 1039
770 228
8315 276
6663 1283
5740 4997
6913 8355
5976 410
8063 1909
4477 3258
4635 3246
1742 5425
3218 4683
4044 4728
5027 3535
4972 546
704 2356
5949 331
7722 4862
3323 3356
3583 60
7468 3280
8094 296
3480 5934
7269 4138
5655 1775
6639 5254
4277 155
881 5617
7661 2324
3859 484
4207 4918
5814 4438
7260 8118
8294 3344
4657 5129
2600 1806
97 4207
4064 3687
2389 1661
3975 8209
5990 8674
4741 4822
7870 2474
4289 466
8342 7348
3894 5700
6425 5292
7178 6401
6929 6518
6054 8093
2557 3471
90 3363
4969 8310
7466 2588
5215 2401
4643 4949
8398 5221
1636 3370
6766 848
1179 3209
8546 8351
5433 6393
8775 2927
680 819
7964 6171
1047 7785
5614 6018
5385 31
7496 4828
8821 8413
4101 4827
7289 7257
8719 5119
1778 5455
1070 8311
7410 7574
5310 1142
1277 537
6435 5917
2183 7300
8289 5149
6104 7537
5038 3606
281 5142
2639 510
662 2787
6623 5226
4583 2293
8917 2668
2620 323
1655 1477
6007 941
3013 7989
8351 2077
4092 4434
7362 5410
8179 4573
5088 3573
4335 2278
1978 8528
6030 6774
3144 568
4914 378
6038 4054
42 7055
1349 2808
6408 7827
6230 5098
323 8758
2805 2061
6419 407
6610 526
2252 6160
7102 4390
5234 6671
1603 6628
1374 6340
4345 7328
6216 4174
5754 713
3483 7075
5745 6111
1829 716
7709 4249
1729 291
6413 6662
3950 4664
6192 3815
3301 4120
5056 6476
3195 3154
6672 8986
7299 625
914 7852
3750 8048
2255 5341
1240 6057
4513 7304
7685 2163
7473 1319
3753 5844
6774 3155
1117 8290
8340 6483
7596 5943
668 645
8805 3541
3572 826
2910 8414
3235 8564
5286 2265
8319 3984
5884 1729
1797 2566
4186 2954
886 8926
5388 8219
7686 8009
3082 241
2195 4343
6902 7948
6440 8573
2492 4447
3945 6077
883 757
890 4622
7750 1520
4145 3623
3964 1079
2767 7652
3168 2873
8217 3970
6976 4444
2320 232
4996 1390
8544 3292
8758 8900
666 8623
1011 7297
1833 611
2587 7172
5902 762
7064 7161
344 4810
2504 2752
8292 47
4615 7751
1691 7486
956 7033
3830 1799
8314 6937
6794 6450
7145 7207
4693 2541
4060 1375
2789 1231
5093 3769
7549 3713
4064 7218
678 3363
6051 4681
3273 917
205 2923
3712 8190
7964 8950
3542 1181
2575 837
4632 7883
2931 2841
3118 8238
6397 8498
1484 155
8439 2154
1547 4634
4849 3946
756 7405
8765 234
3407 6038
8285 8983
7013 5542
3431 2541
70 717
1418 7850
8837 2521
4926 1790
4799 4109
6218 1054
1250 1080
3984 5652
587 1186
4491 4092
6432 7093
5137 2177
3956 6385
7329 5402
5751 3592
2149 2128
6320 8366
2758 3314
8337 1718
7414 4130
6019 7590
4548 7702
6374 6219
4005 2547
2501 6824
8723 3839
4054 4040
3152 7599
2397 7606
4731 8200
4818 3427
6768 2638
5210 224
7521 4657
8769 5301
4563 5694
1373 2307
3463 4415
2836 3901
7732 5660
7044 3238
6941 5088
2353 6813
6424 1936
2301 5451
3270 8671
1340 5123
8249 2715
2624 4596
6607 4215
7114 476
3382 5155
1434 5382
7096 6532
2133 8648
5533 301
3983 1148
8377 7014
2885 2874
439 5124
7586 2979
7141 7155
3484 6568
4842 7709
3043 2841
1495 7029
6565 5706
4453 6556
403 3349
1327 4666
5191 6484
4895 6663
1226 2298
929 8546
1418 3764
4293 5103
6850 2223
5173 5236
8026 6816
7564 4499
2461 1561
3414 3451
5054 2675
3749 2782
2164 4755
4044 8693
3891 1288
6102 3234
4209 5107
4244 6294
5053 4057
8663 8090
7085 2280
5782 3513
8465 4446
3287 5150
5677 834
6682 8766
6147 651
4912 7279
8736 6358
5887 7519
5321 3431
1593 6672
7481 8805
2647 8620
5735 8946
5647 8163
8697 3992
1994 6401
1880 7099
1710 1315
1271 5578
5439 6641
1658 2108
1013 5113
2617 7169
5478 5826
4246 8339
7330 2351
1712 3808
357 8255
7283 8029
7164 1629
6646 2667
2603 8632
407 8897
1467 971
713 4521
4610 7032
4740 4034
8657 3289
6828 869
1588 3446
2255 6132
7811 8305
8736 8292
4731 7131
7627 262
4773 1625
3960 3947
882 4505
2623 832
629 1241
1967 8528
1593 8830
2450 8151
675 3167
8283 873
2440 1560
4847 4275
4604 8126
8453 336
4096 2237
1080 6654
7733 4253
6926 6479
3446 2121
2266 7642
6361 5383
2537 1977
256 5433
3956 3291
1303 306
193 7222
879 7562
8301 8842
1548 4197
952 7253
4642 7200
2768 7068
3946 1145
5402 5000
7704 4711
880 150
1371 1620
540 8373
5482 5452
6575 6446
203 7684
3383 8539
5803 2444
8399 805
4302 1320
3971 2079
4211 5693
985 5746
8661 1312
7843 5248
7760 3891
3206 4589
5753 2409
953 7600
7055 6645
7802 1528
2266 3529
404 6732
5984 4174
1233 8
769 8129
1957 8564
6538 3861
8995 223
8138 102
6654 6752
7127 7262
8374 6559
5348 1507
6020 8042
3140 2119
1831 3819
7191 4005
3817 3215
6139 3351
8316 7376
292 565
2103 6117
1864 8021
7013 355
8704 100
541 2891
3639 8024
6968 2702
1224 3227
7647 1548
265 8068
3651 6159
6482 2414
6012 5536
6830 5476
3473 1678
8956 8048
7822 1219
29 3461
8173 5843
4580 6574
6194 921
1796 2660
8031 4794
1301 2394
1914 5479
7635 2350
3197 3808
6402 2658
3820 4359
179 1168
8444 4972
8749 4593
2128 6621
8588 827
6558 4446
2340 8380
1471 8630
6037 4127
5418 3180
6346 5469
1545 47
2858 6139
5413 2003
1165 4312
8202 6810
513 2864
4964 6234
8264 4570
1095 2163
8588 1847
6260 959
1149 7511
1891 102
6890 4758
4122 71
1279 8039
2998 6037
5971 6689
4227 6539
4229 5175
952 192
1623 1040
5249 124
1132 3088
6245 3528
2141 1322
2266 479
8820 6048
3358 2381
5135 5093
3546 830
2939 6693
4357 6448
5606 4068
2334 8504
5653 3352
7327 4922
2595 5293
2309 6747
7188 713
7961 8535
3056 757
4848 7779
821 4281
3751 2828
8846 8162
1745 7141
7408 8738
5938 4115
246 5920
5166 5799
8238 8689
1806 16
8484 5983
5631 1961
5686 1665
8600 8929
1480 848
7755 4761
4649 8090
495 3120
1961 8611
352 5128
3854 3745
5488 4491
2895 2135
8764 764
8919 1041
1523 3089
6418 7517
1893 8041
1429 3483
8997 2154
724 5519
7952 7242
2405 7076
4187 277
6516 6994
6129 6300
6920 5884
3960 707
1711 964
6210 3998
984 8956
5654 3817
3268 2736
2731 5488
4707 8098
590 6158
1244 7797
7296 6517
3207 473
3840 4640
7059 601
3640 7666
5647 6759
1175 7526
2853 331
3762 6636
7823 1306
6407 1212
1853 6328
8181 5947
5369 917
5169 7530
8239 1464
1190 2239
3800 5993
8492 6982
1154 1600
7132 4809
2238 1084
3697 7081
8291 4137
3831 6344
3922 8094
5820 5411
6974 8470
6274 2703
5385 2280
7057 6918
6576 3152
7634 776
267 6567
5236 8256
463 62
1988 3118
2004 2561
6824 2290
2313 2673
306 980
8514 2046
6171 639
5679 2887
6935 3765
831 3820
544 4437
4961 8519
6053 266
3937 6616
62 4341
2577 8708
8215 947
5847 7773
1668 4252
7943 5384
2836 5416
2709 3763
6845 8570
1771 3896
1698 4163
5860 3784
6249 6660
681 5785
620 319
8070 6297
236 2297
1104 8553
5462 4948
6962 3164
4522 8096
1904 5846
226 624
4055 3828
4483 2490
3753 6364
518 3347
3432 8650
8426 4037
7320 7087
6728 7357
5807 5255
1577 8073
4138 5640
7703 2762
5052 7683
8213 2400
291 1495
3161 2165
6101 2502
5460 1946
4848 7334
5706 11
854 8346
4621 905
176 77
2814 2126
5265 2816
2339 2488
6779 172
6111 1717
4566 6520
1586 3700
3572 3561
3697 5365
5483 3338
5051 4622
5280 474
4457 7814
2109 8265
8623 6845
1558 2990
8351 280
3771 4547
287 905
4452 3854
4280 3111
2397 5229
8574 4011
5825 4103
4081 7985
4958 4078
6262 386
8309 8725
56 2387
8353 3182
6063 1910
1150 2794
8010 2214
3491 4841
7187 8724
1024 3791
7949 3655
8425 8275
7163 8219
5431 31
8425 5809
240 7207
3334 7215
278 1688
4947 8334
6918 6662
1722 2271
3159 7921
8001 2115
4205 2751
52 777
2386 34
7286 6415
1300 8217
3489 1656
412 4832
3904 5989
921 3532
8399 2189
220 8739
1706 5719
7817 6864
4056 7668
6154 1915
8776 2979
4543 2065
6781 1349
8139 2190
4006 1842
2473 3927
2121 3614
4199 6695
6518 5368
207 3000
5408 6621
5445 5011
5778 1588
8124 3462
1425 2340
6466 39
6367 2671
4278 3607
2473 272
3142 831
3892 5524
8584 3317
382 1276
1792 3988
239 7090
8833 7333
7703 3863
5884 6053
4310 8644
2596 4290
3251 6437
3577 3154
8052 7736
5744 6494
4319 779
4620 3994
3307 7671
6151 3744
6014 3831
4990 4704
605 2812
1917 6811
490 6900
5513 1335
4039 5763
2497 5002
2075 8724
5491 2248
2179 3441
5838 6960
2802 6552
7496 5667
4699 3072
3615 8170
7581 2473
7291 818
2965 5525
6509 2210
190 3668
3417 3734
7382 1347
6496 4798
6237 5782
6457 2891
7320 8850
36 2842
8246 1978
5110 107
3141 300
1691 1435
8329 5754
934 1914
1884 435
760 7454
6293 810
2963 2977
4408 6560
6570 1141
3426 3193
7489 5795
1737 2826
3624 2097
5322 6667
2827 4197
1896 4515
616 8494
2587 5516
4218 1415
5215 6382
6841 1369
8107 3169
1824 7048
976 6887
3181 5426
4847 4138
6445 880
6583 4417
7009 2566
8186 1986
6795 7130
5221 2148
4437 7983
379 8108
1424 2408
950 6054
4382 7494
3592 8066
6016 3435
2639 5755
6364 5709
13 8671
5351 4694
7239 7690
6552 680
2691 7697
2244 4232
7844 3180
4633 2063
5272 6229
5858 5309
5337 7159
3419 954
4371 6706
7656 4851
6671 643
108 8860
7356 4482
784 6668
706 4991
3625 87
6550 262
5680 7492
1784 8203
6272 8788
2101 5389
6115 1009
899 2281
1521 8108
7361 6909
8711 1704
2683 1096
8978 1513
672 1919
4402 2786
997 5009
3967 8660
6579 3766
179 6262
272 8515
3128 1633
8157 5853
5352 5806
2515 1709
3050 3852
1323 499
2659 8183
3449 2380
5674 6968
6239 4671
3713 3117
3246 2195
4470 6872
306 1781
4 3251
7708 2917
4450 4846
762 8586
1165 1941
1455 4838
8990 5927
2013 3078
4203 6819
7706 469
7965 4589
6503 841
4147 2472
2956 5225
8160 6828
5749 8833
692 463
3575 1365
1203 3572
2135 4346
2441 2943
2937 8644
417 6627
5390 5782
7858 7273
596 470
7303 6154
4095 7953
5748 3291
4134 2863
1926 1960
5054 2710
863 5177
634 291
1781 6956
4829 6057
1817 6247
1895 8603
3086 6613
1334 454
1575 1924
1939 4430
6191 1453
6562 6719
5592 548
3700 3375
8903 2921
5198 4189
734 4244
565 7756
1071 5751
5600 1302
61 7
3704 4967
3292 4488
549 4526
5303 5856
5659 2133
2735 6718
1710 335
5066 4057
2061 8451
896 2584
5326 7379
5957 1142
4704 5598
3510 7593
4231 3795
4388 6179
7736 1005
3259 4198
3436 4194
3565 8351
3517 5166
8983 2868
4740 3995
2315 1940
7761 1333
7108 8111
4563 1520
7208 8712
7067 5608
1286 3730
2149 3441
1563 2821
4161 4676
7323 8961
8605 4423
6780 6851
7656 2461
5245 1536
6398 7043
8666 7169
2587 4912
4089 1014
987 6448
6489 2573
639 8912
2476 440
4232 1471
826 6238
2559 5316
3524 3373
92 5305
5666 7575
2449 4896
2773 2098
1849 8176
4681 3668
5932 6312
7434 8043
1801 8720
3763 6760
103 954
3703 3172
3854 8908
2955 3664
8690 1657
8447 5586
8342 5217
5509 2108
5504 3269
1882 4087
2669 8976
7832 357
8268 3762
5155 4448
1783 5442
2816 7818
3651 7352
2662 718
1620 4778
1933 5944
7896 6134
6817 645
6317 3252
411 5613
8886 5193
4759 2294
2708 2038
1640 6482
5326 1803
3427 2426
4207 6700
5381 1219
2076 3322
3155 497
2209 7108
6691 3315
7906 4025
1668 6507
7679 5919
8765 3765
4904 5606
5239 2370
5131 1983
1700 2125
3630 6683
6591 3980
5763 1530
5147 6193
4174 4204
8301 4959
766 4831
401 2215
4784 8727
4999 6142
4349 5029
2492 7392
8439 2238
78 523
333 7053
611 7053
4508 5394
2887 4650
6728 4042
1046 2487
6987 6836
5122 5379
6328 4314
6106 5007
2472 6019
8557 8891
1637 1890
6534 1349
87 332
8632 6971
6694 8811
4008 8633
798 5025
8308 6022
797 4045
8046 3059
6460 2598
113 8581
2531 4054
4681 2336
1055 7729
6187 3123
5008 3671
7921 3123
7960 177
7779 8072
7215 8908
1225 8731
3692 3712
3610 5576
6171 6682
4629 452
978 5074
1422 4517
1848 6045
6867 4575
5656 8466
8361 7891
825 8126
8672 7686
6766 607
4739 4795
2696 564
8591 6963
8471 448
8094 4115
1228 5255
2035 553
1426 4475
8134 1704
7604 2486
8552 5687
4804 5164
1219 8474
4404 1504
6637 2928
4635 6376
7468 547
1950 8100
1656 8203
3677 2898
7515 8503
7669 2838
6774 7318
6675 2395
7386 7646
8938 391
6497 8317
1093 7518
5714 6753
4309 2677
1899 7749
2335 8865
204 611
1941 7521
7328 1769
1697 4963
5384 7004
2869 5178
2608 4315
2652 5389
4188 1254
5336 38
7249 7806
7691 5423
8878 7442
8788 8065
1757 7100
8855 5326
4501 5565
4072 437
1080 98
4187 4255
3248 1096
52 1830
591 7572
4141 5108
1388 4286
2905 6724
4013 4705
2969 6370
5003 6673
210 7673
6421 2434
6272 2156
8113 1348
4280 5236
7995 5913
4024 277
6849 5219
695 5570
8731 8899
2862 8068
3214 1546
3580 1595
8855 2846
4958 7742
6933 325
4167 2371
2799 8653
7550 853
7481 6769
6791 1166
1266 3141
6479 1653
7183 5890
4865 1157
4152 890
2725 3513
2799 1452
6229 82
1789 5416
3098 1046
7383 4883
716 4870
471 566
2345 4796
3072 3140
5057 2114
5771 4155
8920 6243
8373 84
8882 4543
1594 1309
4916 5266
2333 6054
3218 2983
8089 8534
3089 4876
1702 4916
2359 8370
4779 5023
1804 6202
638 4671
2239 875
468 8620
2808 78
6658 5654
761 534
3403 3747
6926 1331
7229 1578
1076 2994
6650 5095
3810 2223
3123 6385
7645 6524
786 1390
1079 2998
1212 7598
6979 4559
750 6278
622 463
77 902
2504 1414
1171 4877
4957 5721
6027 7577
5858 2885
5747 1440
756 210
2830 3231
8809 2392
438 999
3563 6992
277 7516
6262 3520
6923 588
3769 6605
5782 2808
1220 1143
5580 7069
7304 45
4126 6898
5715 3151
206 245
7481 3055
6260 1672
2486 5731
7641 4732
5969 3807
6409 5141
2060 8977
1443 1044
5598 6537
1341 5138
436 1246
8225 2838
1575 356
5922 954
5844 3247
8148 2011
7755 3874
1327 7523
6225 6789
6401 2447
5266 1264
2696 164
975 1258
7465 4743
2043 2607
1288 2592
3743 8262
3162 2265
6786 95
2688 3388
105 3154
884 1099
8435 1412
8172 1214
2621 7567
1846 8127
3266 4778
5892 6576
2770 7259
2338 3058
6985 5102
5605 3257
7958 4707
3516 2684
8396 3967
4051 285
3637 7185
4966 2534
8804 4977
7131 2554
6299 6726
4761 2103
4687 3289
3980 4815
1838 1873
5245 1019
7028 6393
2531 8287
1190 4643
761 1595
1546 3430
879 1316
3486 2909
4020 8468
4504 2340
2124 4903
830 3125
1328 8615
1935 861
3936 3969
5271 783
8823 816
4483 2238
8666 1861
6142 3727
541 3114
750 8799
5451 6813
6557 5912
3656 838
6830 284
2978 1417
8684 7194
8769 2115
439 7438
3254 6429
6524 2540
203 3923
2748 1459
5825 876
3581 3550
3297 265
4947 3598
8414 6811
241 736
7556 775
4739 5875
2300 690
8346 478
2621 1426
157 1213
623 5547
1469 7705
2757 4117
4509 6127
5946 7996
1308 6671
7220 4224
3761 7971
7624 7106
7431 6909
4938 2787
6933 6314
198 3381
3715 3104
4166 6391
3629 770
6921 4290
3193 3237
283 8880
5037 5375
5086 2175
8560 4855
3466 4484
8707 2822
8413 5016
5375 3171
1935 7322
433 6898
7493 5167
2924 4437
1650 5400
7994 5704
248 1847
1195 2149
3292 741
7561 6190
7952 4441
19 3109
3431 6744
4769 4271
5239 4366
428 2920
5475 8374
3737 6384
7094 1768
8103 6931
4400 2800
3326 696
5600 2108
6864 6870
1048 5473
3785 2775
3747 2785
2989 5619
8150 7233
397 5324
4999 8532
1088 4652
8087 4064
52 6511
8487 2189
6341 2480
3991 4641
4731 8683
8126 1883
2504 1344
2148 5414
7770 2837
7340 1642
3750 3808
8320 2005
3598 401
2206 7801
7347 963
1947 7204
7604 4117
58 2153
1126 2303
6979 589
823 3923
3978 2106
3961 4487
1715 5398
8892 5102
8336 7581
6443 3492
4269 690
8795 855
4797 5604
951 6182
4376 4289
6045 3785
476 2097
8693 1891
3489 5022
2515 3198
4536 6899
8331 855
4806 1689
1195 3736
6947 4130
5102 4394
1439 1909
8231 3739
1742 4943
8871 4246
6995 3453
4674 5217
1588 2910
849 5103
7395 439
6727 6090
4602 6228
3020 434
3344 1380
551 4154
6982 4619
3805 8516
4587 8173
87 3414
1135 2840
7796 7994
7593 5456
919 4162
462 3243
7861 26
3279 5008
2465 3590
4351 3447
5139 2925
165 1623
8494 5042
3859 7991
1549 4787
732 5533
3796 5976
686 6281
1097 3878
7200 8923
5390 7798
2224 3249
5854 2995
5144 5133
8232 814
7715 6836
7313 5377
1328 2914
3257 6893
5993 3674
4250 8220
2751 6680
888 4150
6607 4115
3391 7470
2739 762
6732 370
8576 6517
1359 1234
3138 7142
8280 1584
5007 2305
2102 7671
2669 1781
2874 6721
5652 4111
956 3689
2909 1163
1292 1222
6882 6884
522 942
4074 2488
2962 1152
8434 2618
3417 6150
4160 7838
2147 4820
19 8054
2753 7375
2944 6076
8153 5127
1101 5770
2833 7398
40 8529
2835 7144
4812 1474
8226 1249
8390 8117
3427 747
3731 110
1174 2406
3070 5863
8410 87
3321 6983
6507 2781
4439 7486
3426 3063
1943 8041
5545 654
8368 6483
1837 5512
543 2073
8018 682
8765 2982
1476 375
7867 2801
4015 6099
7101 954
7547 8026
3757 5253
3476 2723
4260 5903
5602 4896
7086 120
327 2384
3469 2536
7711 4085
7148 8857
2910 2536
3774 1858
5626 7783
6422 869
2326 4860
3007 8866
3278 8048
5162 2722
4478 1525
2132 6231
5036 1885
2114 6290
5179 6560
7825 2247
1061 5949
5675 7268
8431 3043
1137 3945
1534 7311
6178 8602
6508 3700
3884 2593
6111 4224
3947 929
7753 4040
7595 2485
6871 3052
2087 6199
7775 8216
8346 2605
1506 457
7044 5870
143 301
1545 846
4666 3042
5330 4432
4029 8448
4310 6212
786 7209
4520 8829
5532 6853
3634 4564
5574 924
3421 2884
7467 2584
3431 6313
8260 5181
5608 2055
8899 5668
8873 1357
7982 7488
4368 2111
744 4475
5910 4771
1763 7863
4509 2039
8018 6468
4980 7046
1180 4674
2804 8181
2728 4235
354 823
5875 118
7177 5736
2322 561
5356 2985
8601 7984
2225 2712
5819 2362
54 6988
6631 3590
705 875
6541 1516
1695 1739
5617 7823
836 4883
0 799
8229 4796
7813 1470
1717 2179
5035 7548
650 5651
1737 8813
2224 8221
3115 5962
8063 1325
5128 870
1617 3164
5272 8262
6171 266
6510 984
1657 7620
4009 3702
8992 5586
5209 927
3947 7457
1722 537
682 5330
5638 3242
527 589
7519 2633
4875 1019
4533 1987
7706 7573
7324 1257
5172 5286
5549 7050
7133 3112
4629 5288
8208 1726
3909 2123
317 3772
4171 7965
8709 6663
6106 6780
4892 7706
3428 2417
509 7210
1135 5706
4858 3147
1465 8059
3861 4969
5242 8966
3691 8201
5147 4587
3420 4760
2681 8891
3221 3110
6712 3389
5453 8664
6999 2463
4182 2111
957 783
5561 2608
2028 3672
7123 3907
8517 698
3593 1388
6223 7129
8521 633
1592 5001
5504 4979
5635 4054
5729 1418
1491 5317
2850 8212
4357 25
114 8626
6048 259
6704 8667
7464 1608
1777 1667
2845 1448
433 7776
6379 7524
1769 7419
4408 7945
1001 2006
3775 3317
5552 8565
6511 8662
236 2923
8503 3203
1022 3200
1638 1526
5842 7171
3240 8880
1495 3312
870 6773
7406 2259
2246 2543
4081 8591
262 2002
5187 248
721 1120
7530 216
7840 8473
5743 7445
3775 8987
5834 8285
8319 5495
2723 470
1241 3601
5558 5705
4579 4245
5299 3986
2263 1703
7163 7498
4122 8550
4854 6867
5295 1420
7332 4945
5567 742
5244 1143
6647 5580
2506 2296
412 2245
7339 3992
3092 8265
8237 4838
3359 6704
4294 447
1143 58
742 7264
7265 3803
1789 159
4940 7145
8323 7562
4627 4390
7768 616
5487 7496
4710 6723
3044 8612
5925 1718
7171 897
5438 1598
8936 5992
8632 8665
911 2790
6202 6909
2644 2394
7358 4420
7733 2366
5457 4991
2999 5127
1523 879
6712 4379
1377 2819
1275 3659
7310 5078
6253 6115
2893 2239
7381 548
838 5725
42 3774
4988 2321
1733 3418
4232 7934
4888 4974
6765 1213
2390 915
3730 472
3938 3049
8837 4626
1826 8391
72 7428
6773 232
1678 2396
1528 477
8768 3401
2344 96
1509 7889
3765 7805
6746 3815
5682 6133
6409 7941
386 6824
5212 2097
2932 5302
7496 3981
3738 8712
8455 175
4538 996
320 1062
2797 7241
5673 2285
916 5757
3738 8223
4414 6790
3122 6795
6720 3557
3973 4147
1398 971
290 4161
8718 5512
4723 8880
4276 1997
2078 2107
4234 1516
2200 6549
1519 2404
8082 3794
2902 8829
357 3109
7253 5009
3243 3625
1909 8893
7487 4022
1729 6500
18 865
6999 3791
8381 8138
979 381
676 666
4590 6477
1145 5691
6080 1345
6628 8491
1032 6222
6931 2295
5015 3816
5320 3130
3151 4821
3177 189
1123 8665
2932 6059
6789 4386
638 4868
2861 832
3152 8564
5779 1390
6594 1675
6015 2097
4049 465
6964 5084
4609 6803
3621 4169
726 7555
6192 7384
1033 8491
5283 7370
527 2876
432 8628
5238 228
4805 3665
6524 7805
558 3299
1236 4933
2456 5775
2767 2695
2667 7512
5902 3636
244 7319
1750 2799
5559 3847
6147 7498
5213 5298
213 4441
4606 721
5855 7011
5426 4102
2700 7313
7258 7587
136 5190
6374 8959
2291 1519
380 503
5119 7551
6836 5776
6882 939
2708 8926
5951 633
4917 3743
4375 7599
682 8082
4734 1060
2788 2776
4581 8910
2003 8320
2206 3907
7586 1873
7949 4661
3088 8330
8314 3492
5637 567
4577 7795
4605 5467
2034 6723
871 7188
7047 3093
5057 8685
8643 2014
4522 6864
5479 6671
1056 4254
6650 3943
1906 7161
8888 2528
104 4641
4250 2275
230 8180
4448 4525
5342 2674
8858 3453
3735 7538
3061 1116
4882 279
4679 538
3919 4578
2203 382
3384 5910
6658 4378
1300 3331
8219 4286
1432 4711
5286 2542
7375 14
6719 6428
6542 3652
7079 7890
5608 155
3180 5350
2511 3538
421 8478
5758 3217
5887 4734
4736 5460
6631 7874
7457 2453
2367 3292
3911 3283
1542 1465
7359 975
241 2142
2678 8658
8924 6374
4078 5184
3056 1808
1329 7515
4328 7355
409 2761
7761 8104
1368 4899
1270 2138
7204 7822
5105 678
6482 8792
3441 8305
6713 5202
4010 2436
7221 8224
6198 1494
6060 978
8285 6868
4549 7411
8277 6007
2651 6816
7779 5095
1020 3882
1920 1170
3004 3247
3677 6612
7194 1852
1642 8670
5096 5963
2809 4602
1133 6422
8721 1113
2924 5640
2001 4639
6691 5911
8374 6257
6592 6034
748 6772
2872 3016
4658 4008
3058 5418
6995 7210
7342 3072
4539 7481
342 2287
6712 6342
3783 1652
264 7372
2321 7083
6969 1816
3915 4626
2788 4133
2018 5626
4491 1743
3554 2552
8289 2565
7605 1898
3058 6
1170 4618
5516 8005
4695 2752
8562 4076
6039 6997
2684 8953
4572 5741
6638 2258
7617 8979
5555 2942
4074 3950
4189 4274
2489 664
2135 1202
5353 8231
5961 8338
5065 7392
1064 8746
8965 7559
6758 6037
3560 6654
5439 8205
3366 8759
5669 8203
956 283
605 5368
336 1442
6362 8232
6153 2825
15 3663
4609 4129
1997 2100
558 2692
5953 6510
8769 5881
5604 5965
7028 4008
3427 7478
6256 6911
7079 1314
2404 8217
919 8745
2221 3353
6519 6815
6924 2820
8248 8068
2078 5775
8084 2940
8398 8650
7173 7237
5145 7221
156 1497
5807 4127
1396 8181
6132 8466
5297 5034
2924 8503
85 844
277 1013
5340 8937
3846 6952
6391 7964
4853 7613
2027 6253
1233 7964
1207 48
7494 8959
6821 8727
2346 4926
2984 6755
1320 8599
7023 2794
5567 4341
4229 7525
8073 5817
5080 4492
4659 2136
1867 6016
687 6029
4277 7768
4763 4317
2426 502
8143 4039
8615 2486
4107 6408
6859 5501
8523 3156
8051 3676
7886 1517
2735 4881
1329 3853
166 8660
1253 5015
2190 7048
5426 3814
376 88
3531 8227
5822 2302
