90
8100
55 63
89 62
25 32
89 59
75 76
48 84
36 89
48 33
39 47
13 19
18 52
68 17
82 11
32 29
3 84
45 41
65 3
68 78
50 64
13 60
21 43
29 84
56 51
18 86
18 26
74 49
75 0
62 74
4 47
85 12
21 87
30 42
0 49
65 75
37 52
62 40
60 88
19 50
14 52
57 20
41 84
57 54
35 25
19 12
5 22
50 29
1 10
61 70
78 61
5 8
66 76
33 76
28 50
8 7
11 65
14 61
82 49
42 89
74 66
78 49
31 14
68 54
53 4
32 28
2 16
59 52
72 7
5 51
65 3
7 45
49 60
59 50
42 66
20 4
43 55
84 65
12 53
49 61
11 20
61 21
18 26
60 3
7 46
89 0
81 61
2 89
0 89
20 2
75 62
72 7
8 48
67 49
37 89
36 49
64 60
77 51
5 88
39 82
83 25
79 85
80 18
1 65
45 32
1 66
31 49
32 84
46 76
80 45
19 44
85 28
69 83
62 6
33 12
24 54
15 64
40 45
29 8
21 78
88 7
84 48
3 29
54 42
39 71
20 77
87 83
5 89
14 8
47 12
9 88
52 10
55 80
53 4
35 69
12 63
86 14
9 19
33 69
35 79
59 16
55 65
22 74
58 53
34 50
58 22
48 53
68 73
10 87
50 56
79 82
53 22
47 86
78 70
78 25
81 71
58 39
69 12
14 7
65 18
70 17
10 77
77 66
81 34
74 37
31 47
50 64
33 20
44 55
17 61
33 24
46 18
55 8
62 50
79 70
56 58
89 5
80 4
0 12
78 26
33 73
29 2
58 70
32 45
30 63
40 39
13 67
79 18
89 43
45 42
43 89
39 46
10 78
68 43
39 69
47 62
36 56
87 4
9 42
55 18
62 3
61 5
59 70
49 55
28 88
26 36
18 31
15 46
39 7
65 40
15 66
23 45
80 73
56 29
33 27
81 47
33 60
19 8
10 85
80 67
32 48
28 59
17 12
43 23
36 81
30 82
34 33
75 57
41 15
40 76
65 32
45 22
77 59
0 10
83 12
0 58
35 34
8 86
40 42
12 13
79 35
18 69
85 22
23 28
70 66
62 49
13 63
79 10
58 2
30 74
65 52
77 78
38 40
24 55
49 12
89 45
81 44
26 66
83 85
72 7
39 88
68 0
22 66
17 7
24 43
69 8
38 50
7 57
33 31
60 17
84 24
55 27
71 76
46 75
55 40
45 86
73 44
35 63
58 63
64 50
44 29
14 58
34 26
43 7
69 54
47 17
28 54
55 41
23 36
53 29
81 7
14 77
17 77
20 62
1 5
78 61
4 40
73 61
70 2
29 1
16 22
47 73
38 12
32 83
86 40
26 24
2 49
12 66
71 18
32 26
7 6
52 36
54 57
18 15
16 71
60 87
17 33
31 10
73 51
34 55
79 25
54 68
0 3
66 32
79 16
61 60
52 59
51 55
20 9
18 7
60 27
68 23
35 11
48 68
12 50
88 33
72 17
32 22
76 14
64 85
43 25
42 70
74 73
6 60
64 57
35 77
24 19
31 53
60 7
63 46
8 80
38 39
43 2
41 17
44 26
49 66
51 86
76 15
79 21
9 28
14 46
55 82
4 28
9 59
40 83
45 88
83 85
49 69
70 15
14 23
12 49
58 24
29 3
7 61
16 45
26 78
14 1
9 40
34 75
66 75
12 58
74 72
40 44
50 34
14 82
45 71
8 38
14 33
71 41
21 49
58 72
60 54
57 14
77 72
0 58
53 28
8 70
32 29
32 0
81 62
7 58
2 76
37 49
68 53
28 61
79 27
38 50
68 19
21 65
9 45
53 57
27 21
75 18
6 89
16 45
53 60
76 35
76 40
6 18
27 68
4 88
49 35
70 83
17 40
68 65
12 59
88 28
11 76
23 69
31 44
29 31
74 1
18 55
67 33
63 12
17 70
40 43
79 52
21 71
32 49
54 68
47 40
35 61
7 80
84 87
37 73
48 35
57 39
1 72
47 8
28 53
5 13
79 36
11 15
50 6
82 13
72 39
85 14
47 32
73 70
32 62
22 27
41 76
3 57
81 87
2 60
23 21
26 17
34 83
82 56
27 79
4 26
66 60
75 16
27 5
43 57
40 33
47 23
63 21
49 66
79 33
34 8
16 25
8 60
2 32
65 36
62 46
5 35
55 78
2 15
50 65
50 88
79 70
12 70
44 32
61 11
43 2
43 44
84 43
82 85
32 14
13 31
59 45
60 86
28 52
5 81
13 7
33 37
28 70
24 62
17 2
48 59
56 67
24 62
42 4
7 26
26 30
81 78
14 71
53 62
41 79
76 89
3 82
19 9
50 34
2 35
40 25
26 13
15 57
52 51
62 53
16 73
54 14
79 16
70 74
84 23
22 55
88 32
13 81
49 51
30 63
57 73
21 6
4 53
67 70
85 24
18 88
24 35
33 62
16 7
22 76
14 48
74 68
4 12
20 9
63 17
54 12
71 5
63 75
70 51
8 32
23 35
22 40
21 45
68 24
0 75
65 19
5 25
13 1
31 81
26 11
38 63
65 1
1 52
65 5
71 81
57 54
26 35
2 42
63 72
82 80
11 28
52 8
87 78
68 49
14 52
44 17
59 67
15 77
65 44
31 8
15 14
35 18
57 17
1 41
61 77
80 1
33 15
51 48
0 16
51 69
1 57
19 22
37 69
3 73
37 18
76 58
86 87
49 26
33 10
52 83
41 82
53 79
74 48
30 83
49 52
74 38
85 38
1 65
43 89
89 34
9 29
69 71
53 64
33 3
61 29
38 0
85 74
17 68
46 74
38 20
87 6
52 82
68 26
66 28
34 5
77 20
10 24
31 13
22 80
80 8
73 40
80 84
4 66
20 47
35 53
9 50
8 57
70 87
53 0
66 80
21 10
17 77
87 61
15 79
77 12
13 67
58 31
12 51
36 20
19 24
12 0
24 37
19 37
4 62
8 68
55 80
83 53
23 11
19 53
27 43
36 89
10 79
21 41
7 50
83 48
68 4
65 20
11 28
24 5
47 37
85 58
58 65
58 31
15 65
45 14
73 27
7 81
44 68
6 66
43 33
40 33
11 88
86 75
89 70
6 63
83 48
82 53
39 71
0 80
60 74
21 17
48 38
24 13
60 56
26 86
35 23
64 3
36 31
71 44
40 68
80 65
86 60
51 24
43 42
10 2
34 51
38 78
45 88
47 88
74 5
70 64
29 35
7 88
39 50
9 87
70 43
3 23
65 10
41 78
54 83
89 1
54 47
65 76
47 5
72 6
54 60
79 44
45 30
83 85
18 88
34 74
53 25
35 55
31 23
26 45
49 5
12 77
67 31
21 72
18 59
56 80
86 11
66 89
61 27
31 36
66 61
39 50
62 7
10 3
3 10
5 68
37 0
63 35
12 54
80 66
57 50
47 73
80 73
27 87
31 75
9 67
69 27
58 42
48 86
44 36
1 17
71 78
10 61
89 54
39 52
27 33
7 69
79 12
5 67
56 4
32 55
69 12
42 85
55 79
30 25
37 58
69 81
59 86
81 52
41 81
50 56
4 75
62 14
51 47
71 46
83 81
8 84
5 88
63 46
12 26
5 35
4 87
64 36
28 2
71 65
32 72
18 69
1 24
89 68
80 68
16 79
60 36
39 23
7 34
72 41
30 48
41 18
50 85
86 19
21 41
27 16
62 0
33 16
0 76
72 80
49 9
71 24
82 73
79 37
1 85
68 63
76 17
43 72
15 71
84 66
15 70
3 58
28 30
78 47
78 37
69 32
81 84
37 65
59 67
67 4
20 5
33 64
82 64
74 72
45 12
89 77
7 43
2 44
37 59
19 74
34 86
55 80
81 64
49 2
85 64
41 86
7 69
81 87
5 18
38 58
12 23
46 84
65 4
28 59
26 33
71 6
13 68
69 46
56 69
79 41
44 64
16 88
75 28
84 35
57 40
83 61
11 82
21 49
47 85
89 44
33 48
21 32
81 75
35 5
9 62
73 18
56 64
19 65
36 77
31 8
24 35
54 32
70 31
14 49
1 34
53 46
42 39
24 17
41 36
11 4
39 10
83 46
6 42
58 37
60 16
55 50
13 60
4 23
86 0
37 0
85 73
4 37
89 6
44 7
51 66
8 81
34 58
71 80
14 38
69 21
21 35
6 40
41 14
19 52
89 14
86 39
73 8
85 64
27 23
80 81
84 31
0 71
80 82
51 36
70 14
24 52
82 74
72 75
84 3
66 85
77 65
56 53
48 72
66 21
50 55
22 83
74 46
21 7
80 54
61 49
48 74
71 30
81 34
58 31
2 28
73 76
41 72
52 34
55 39
68 18
43 59
70 50
82 76
43 4
76 88
56 44
80 64
49 37
71 24
26 31
23 11
27 68
56 6
27 58
74 34
13 83
33 2
74 11
34 81
50 86
7 14
74 33
4 47
80 64
50 69
30 31
20 0
52 53
10 63
4 59
39 31
80 34
7 59
0 42
37 21
29 8
20 62
41 83
82 44
46 50
12 8
89 50
16 77
78 50
74 20
20 44
50 87
76 10
20 47
38 89
1 45
25 19
74 32
80 82
86 2
40 77
3 78
74 73
88 25
70 52
68 86
42 69
27 33
30 15
57 74
1 12
85 81
51 11
81 70
65 67
55 6
27 62
80 76
15 68
62 36
41 36
66 68
62 51
46 82
6 28
85 53
2 11
8 9
88 25
77 9
19 52
5 11
49 25
3 57
16 56
74 39
44 21
39 66
83 56
69 68
55 9
2 38
18 0
60 25
15 24
45 43
65 87
68 70
41 12
88 3
77 22
11 88
86 3
20 72
88 5
12 70
76 75
61 42
73 16
22 30
26 40
16 71
69 25
23 39
22 88
18 47
83 4
62 2
17 34
3 83
77 71
46 77
74 2
60 2
85 60
18 45
47 52
27 82
85 62
67 49
12 51
38 7
18 22
71 41
30 29
11 34
36 15
55 5
35 61
71 13
27 29
59 79
27 11
17 64
59 71
53 22
65 13
67 20
3 16
6 12
81 32
1 40
9 55
55 8
26 89
21 75
0 14
46 73
50 29
57 3
81 84
5 39
54 58
74 39
8 73
37 67
58 65
57 89
55 61
48 54
36 50
73 36
46 17
51 8
64 81
17 40
19 66
73 29
63 87
14 88
56 37
10 23
16 21
5 28
1 67
23 54
12 32
80 6
8 55
73 42
55 8
12 67
4 56
31 48
68 58
28 38
84 25
7 18
83 45
80 34
30 57
77 48
75 37
3 81
18 54
69 44
80 45
67 45
33 60
49 65
84 14
84 3
58 17
19 0
0 17
10 53
21 56
44 54
80 22
44 21
20 89
42 70
52 9
23 85
67 17
82 43
7 45
34 32
58 62
87 69
83 53
33 75
2 81
69 4
5 61
11 15
64 6
9 47
2 69
76 14
3 82
14 20
48 13
83 50
28 0
86 58
89 10
64 52
63 23
70 87
71 11
87 35
73 33
8 1
72 76
47 14
43 2
86 51
30 28
39 77
82 83
0 63
75 8
13 57
76 56
53 32
37 82
1 57
26 17
68 59
82 79
60 36
21 6
63 17
75 81
37 20
39 77
71 52
66 60
42 47
5 81
53 31
25 51
81 27
61 14
81 22
41 22
34 17
28 54
31 14
68 62
24 6
61 57
71 73
60 1
32 8
63 14
3 11
46 79
61 40
72 34
87 68
37 43
57 71
48 21
53 45
5 48
12 14
18 66
18 73
61 78
5 0
65 8
22 23
75 45
63 88
33 31
66 74
23 56
61 51
41 65
79 70
67 52
25 39
3 28
82 9
45 26
8 50
87 59
49 34
76 17
43 46
62 59
7 69
35 61
81 16
59 4
12 76
25 89
46 23
47 43
69 62
63 72
38 56
25 11
70 81
9 64
37 46
0 58
81 16
7 88
63 65
59 76
78 10
0 26
43 44
89 50
55 51
35 61
68 89
58 45
74 4
36 33
66 1
36 24
36 33
23 41
9 23
89 66
64 36
52 44
37 41
82 57
66 42
2 62
14 86
66 46
76 11
10 53
82 84
84 71
55 69
72 83
79 14
88 63
41 61
86 18
12 11
58 86
81 16
66 52
23 62
25 70
68 3
11 79
34 82
69 43
84 74
58 30
47 48
4 77
75 33
25 75
12 66
71 77
47 27
84 36
48 70
37 8
31 19
83 69
27 43
72 55
65 81
4 53
28 33
11 18
27 35
86 50
39 35
18 40
71 39
0 5
34 1
19 68
62 39
51 18
71 33
32 0
18 53
17 15
19 16
4 15
31 10
66 60
67 70
67 23
53 42
4 74
70 60
59 48
84 9
9 86
39 60
64 29
60 9
87 59
48 22
57 28
86 87
59 43
39 0
10 50
68 78
37 61
18 5
0 30
54 17
9 24
78 67
17 4
15 31
25 76
25 14
22 58
37 49
50 61
65 75
23 63
29 80
34 46
54 49
46 38
68 79
52 34
40 76
40 87
39 21
84 85
70 30
38 52
50 42
80 34
68 18
46 33
89 16
20 79
76 83
28 17
13 36
51 11
75 29
79 51
59 58
42 54
37 80
38 66
80 42
88 52
63 5
11 89
35 4
46 40
0 1
1 41
9 61
60 50
77 57
41 5
65 75
27 71
27 29
16 34
45 38
34 74
5 34
77 45
37 3
68 26
23 82
29 37
89 35
56 71
40 76
83 2
16 14
49 2
5 18
75 41
3 82
38 82
28 53
46 64
25 12
61 69
75 53
85 27
35 48
70 83
26 52
83 11
63 3
85 48
40 47
7 60
42 35
22 20
44 0
35 43
72 0
57 51
39 2
33 81
65 49
81 62
4 85
54 22
31 61
1 2
20 47
32 45
66 27
9 28
31 46
78 72
12 63
84 46
57 21
48 16
51 56
12 15
89 0
57 16
68 74
66 71
31 20
57 61
49 35
89 83
15 0
82 54
25 80
88 68
56 53
5 64
79 38
71 89
20 43
80 46
28 41
73 67
5 8
4 16
28 42
51 15
81 89
75 47
37 17
19 78
27 35
56 15
49 40
53 70
14 77
10 69
88 48
18 34
48 80
56 49
73 27
89 61
77 37
71 84
83 63
48 67
55 38
74 59
9 32
21 47
21 59
61 35
41 1
1 37
23 7
68 66
78 66
58 2
60 48
49 66
47 61
58 4
54 25
63 5
13 62
73 75
13 67
59 47
1 51
43 50
37 34
56 40
43 29
11 27
48 1
39 33
0 69
57 49
4 50
26 27
38 77
50 52
39 27
58 39
40 33
66 18
80 32
70 41
51 72
74 28
10 54
51 43
16 65
59 12
32 6
32 73
53 58
57 84
25 44
56 17
24 19
16 87
71 88
89 17
40 61
9 37
33 55
17 60
69 87
46 17
66 31
18 68
44 74
60 76
20 61
22 54
58 17
13 89
65 55
0 65
53 72
87 70
86 71
20 87
28 83
57 31
70 51
59 65
14 25
84 37
8 4
9 77
39 32
71 65
15 57
9 75
68 28
6 80
21 25
13 24
56 6
43 36
17 54
56 23
76 50
70 64
34 75
4 84
16 23
30 37
85 72
44 86
24 79
9 52
37 46
28 7
82 32
53 39
58 68
31 21
6 3
76 59
13 17
81 66
59 73
65 82
87 69
51 77
69 35
28 22
62 26
60 8
79 75
11 57
21 76
42 35
48 67
13 42
83 11
78 47
5 23
23 63
7 37
34 39
47 52
56 19
23 5
48 4
80 62
30 45
23 24
46 60
84 72
48 89
18 86
44 4
76 33
6 75
60 40
50 34
84 64
59 73
75 68
42 86
46 82
71 50
4 17
6 74
75 4
61 33
41 23
1 68
80 14
14 87
18 27
50 12
73 58
49 76
19 46
85 25
82 81
8 78
50 45
46 47
77 78
54 75
58 18
15 35
1 66
46 71
24 7
45 44
58 27
64 88
60 65
53 57
39 72
48 32
62 12
26 35
86 43
22 88
2 83
71 42
67 81
71 30
49 73
29 73
89 76
56 46
35 28
62 52
27 89
41 47
14 67
75 33
83 52
15 22
28 26
32 66
1 45
65 56
7 54
13 25
87 18
86 32
76 81
9 45
39 41
16 30
8 35
72 67
17 70
32 16
25 69
37 67
28 11
85 29
8 88
34 37
71 23
21 28
6 71
11 15
23 79
36 39
74 37
80 56
8 23
12 46
6 86
42 16
73 78
37 76
74 84
30 67
37 49
29 1
21 14
57 75
25 57
0 84
84 25
17 1
12 66
4 62
45 25
13 12
13 48
38 29
39 43
54 70
50 64
51 81
64 38
1 68
10 33
40 32
69 85
15 68
83 49
74 30
30 21
29 28
87 79
38 19
44 0
85 40
23 64
7 36
42 54
56 79
14 56
14 40
20 55
73 35
3 56
6 72
75 81
69 3
4 36
55 45
56 3
4 84
85 87
31 18
67 50
57 87
0 48
31 88
9 45
10 45
68 24
8 34
46 86
21 5
84 23
65 55
77 33
50 16
52 53
78 58
54 60
46 51
81 16
61 87
81 47
79 49
30 62
4 13
4 57
74 14
80 34
31 39
23 29
73 71
36 70
30 66
63 5
69 65
78 48
23 42
29 60
23 46
23 19
24 84
25 10
73 29
76 45
46 67
23 43
48 26
11 54
32 11
42 17
69 73
21 42
54 76
70 3
62 24
3 2
9 47
86 59
50 86
89 29
82 2
85 44
78 31
42 52
39 89
81 89
80 27
29 47
82 63
76 59
60 61
16 87
5 83
81 13
35 15
77 13
6 84
67 42
40 77
7 53
72 23
5 43
4 68
7 43
19 77
82 31
17 38
69 38
57 79
78 8
79 80
33 15
71 68
32 30
66 74
67 41
28 75
65 9
56 18
37 10
9 2
11 19
0 69
24 37
0 31
16 0
43 4
69 77
73 38
27 13
0 5
68 10
39 89
3 78
65 36
28 6
41 44
6 15
84 20
42 60
65 24
71 19
52 54
25 37
17 74
4 64
80 10
77 49
27 37
9 60
0 75
25 38
57 10
80 58
10 48
88 40
42 69
52 47
5 59
53 72
45 48
47 40
33 43
34 74
39 53
77 74
83 49
68 44
52 72
46 2
56 9
27 19
72 11
64 38
67 71
35 63
68 9
42 3
87 11
40 33
62 34
1 23
65 84
1 0
60 1
55 58
28 81
0 39
78 55
24 32
9 30
33 13
20 26
13 63
39 26
0 48
51 63
21 75
31 30
16 13
80 49
44 72
72 26
30 13
61 59
29 9
4 65
34 85
24 78
21 13
53 28
40 28
50 69
2 64
4 2
79 85
79 15
74 62
13 0
76 17
30 40
24 23
5 13
21 18
36 87
10 57
59 65
1 80
58 86
72 33
22 74
71 49
77 17
57 80
17 50
22 5
52 83
16 42
12 54
54 25
8 51
47 67
16 1
74 63
34 30
48 47
32 77
47 15
49 26
54 86
47 55
78 60
83 52
35 44
19 88
49 19
49 54
82 54
76 59
76 24
84 33
75 70
31 64
81 29
33 6
82 27
88 43
43 81
39 83
27 22
65 0
48 26
62 38
32 30
55 7
76 61
66 68
48 2
6 30
15 28
65 84
72 28
47 45
6 63
17 40
1 54
4 54
43 4
53 24
40 31
71 82
81 34
54 31
7 69
45 15
89 63
48 87
8 62
83 72
40 60
61 8
9 87
32 26
26 0
39 52
75 27
88 59
57 61
19 43
27 48
42 82
54 6
84 42
19 16
40 61
50 66
18 73
60 12
51 41
9 59
70 42
38 33
56 59
36 77
81 66
71 6
19 55
49 47
50 13
13 5
34 56
72 37
29 21
88 45
76 2
80 36
75 44
11 70
83 17
24 44
57 8
17 48
59 41
87 64
77 55
84 83
44 9
38 2
22 28
43 59
72 60
23 77
58 15
78 49
47 33
79 24
55 49
52 2
89 72
80 51
57 33
20 30
54 2
24 13
60 4
82 7
67 85
7 25
53 64
79 60
7 47
33 79
23 82
5 32
46 86
18 55
85 44
89 49
30 34
47 7
85 74
74 76
26 29
11 38
85 45
22 77
30 31
16 20
55 81
23 88
48 15
57 33
84 40
2 49
75 41
65 72
4 48
70 73
68 37
84 83
80 12
36 60
71 69
74 14
89 19
70 46
30 83
10 30
71 42
74 23
81 31
48 27
48 4
2 19
66 52
6 58
78 42
23 61
62 22
24 44
73 86
68 55
58 37
59 56
62 24
36 42
56 43
4 43
12 46
59 71
10 24
2 45
16 62
53 34
83 20
87 47
31 36
75 82
61 21
69 62
0 28
25 54
39 82
46 74
39 6
86 84
15 56
40 66
84 14
18 5
74 68
74 59
16 71
68 50
42 55
19 30
23 47
86 72
64 15
69 75
72 48
17 60
43 27
30 39
48 79
38 57
0 64
87 41
2 81
0 83
24 53
55 48
20 13
82 32
2 82
29 87
86 6
21 6
1 87
1 48
81 25
17 61
2 15
80 42
46 85
88 28
18 78
9 37
36 31
40 5
41 54
72 45
52 62
7 80
20 6
32 2
23 39
0 25
20 60
16 31
82 30
6 37
62 79
66 61
58 29
23 26
21 7
84 72
48 0
56 50
27 74
72 26
3 73
10 26
50 83
63 38
30 4
85 70
1 18
18 74
4 89
30 71
47 14
36 89
82 54
84 37
6 57
38 29
75 59
11 7
71 89
65 30
55 34
3 11
76 64
83 77
52 41
22 74
21 8
58 15
65 82
20 12
16 29
0 11
30 1
32 76
15 82
70 31
11 63
10 33
59 10
74 51
40 19
87 52
40 38
9 2
75 87
33 82
85 50
23 86
80 83
88 52
48 51
61 1
21 84
59 49
41 28
27 28
7 75
13 86
44 26
27 14
44 16
41 15
6 52
23 78
88 25
71 17
84 50
14 5
1 0
47 69
72 80
25 51
34 12
5 56
21 44
35 1
88 70
84 54
16 5
88 16
49 55
15 79
43 79
70 34
49 9
31 58
4 81
20 25
21 79
88 10
31 8
66 60
83 69
75 1
2 34
3 43
25 58
74 56
32 15
62 2
1 60
42 67
62 51
51 67
0 84
2 52
56 39
53 2
59 25
60 3
61 55
10 87
65 69
89 51
14 82
18 22
3 22
54 11
74 8
26 3
4 74
53 41
2 15
56 23
76 34
55 65
1 81
20 38
75 68
78 65
26 5
9 59
19 10
54 26
74 15
72 8
33 18
39 1
44 4
69 24
20 25
45 62
29 77
67 40
62 5
36 12
48 69
23 86
21 49
49 72
37 7
7 37
85 27
78 69
43 30
27 62
6 61
83 71
86 8
41 50
54 58
20 37
80 40
62 53
21 16
17 14
74 3
38 53
28 57
20 55
8 57
22 85
58 20
67 81
39 75
40 8
48 26
81 17
73 7
28 57
56 36
48 79
78 37
39 74
57 58
88 71
42 31
27 9
35 83
17 73
34 27
61 53
10 2
68 7
79 68
7 18
21 63
76 48
49 68
9 40
41 68
33 87
5 84
11 63
48 62
34 73
51 25
42 0
17 86
9 15
13 16
41 24
54 87
80 29
27 68
39 45
20 13
19 6
16 63
51 80
18 14
61 44
12 13
1 54
77 81
2 86
74 77
33 60
18 50
34 66
65 16
3 8
41 69
20 80
60 80
55 68
63 20
9 50
2 38
64 55
1 4
13 3
23 64
15 27
27 44
75 53
44 56
32 80
29 38
19 46
25 83
58 62
14 77
68 37
37 6
89 33
35 52
18 15
30 42
14 22
18 9
57 62
4 3
42 36
86 51
64 4
69 63
43 52
7 27
10 13
27 18
73 55
5 59
22 13
3 69
56 69
86 53
23 69
38 48
15 70
77 25
86 31
17 82
65 74
30 81
9 27
73 36
41 38
19 11
53 65
87 33
30 88
68 61
82 52
82 21
4 51
35 9
10 38
40 7
49 55
77 47
4 67
83 32
38 45
71 81
74 7
39 84
78 11
0 6
67 34
73 86
52 7
45 55
22 69
81 31
18 89
2 8
19 39
22 51
35 78
15 21
45 1
40 25
23 43
72 22
26 13
4 6
47 66
49 76
12 29
10 32
45 22
27 84
84 62
71 34
85 58
87 4
81 88
45 75
25 75
74 80
31 6
47 39
82 35
19 42
15 62
79 81
73 52
9 87
31 47
59 77
8 62
44 27
83 19
89 40
25 22
2 59
30 76
16 67
49 26
9 26
22 4
7 34
34 35
85 61
62 24
21 38
73 29
55 10
51 33
2 40
61 27
74 61
89 13
9 25
46 18
33 62
27 88
84 72
19 65
20 37
83 58
86 24
2 60
10 50
86 52
36 45
15 81
80 57
14 34
44 4
84 4
52 72
59 64
58 57
25 64
68 57
30 62
0 18
36 48
26 32
72 30
6 69
57 78
11 32
54 82
50 33
38 49
21 8
37 0
19 15
61 77
89 70
9 53
51 24
18 44
50 30
8 55
16 74
3 58
36 5
1 18
9 84
15 11
77 36
46 11
45 83
50 3
26 69
81 89
79 83
83 77
1 69
35 89
11 60
46 51
54 8
48 67
77 86
77 86
73 48
46 12
49 36
83 60
33 74
52 75
45 61
14 38
59 57
70 26
15 42
83 55
70 83
61 88
85 82
21 65
73 33
37 24
87 41
0 11
65 51
62 24
57 8
47 52
20 82
9 18
63 4
15 82
33 50
63 49
71 35
44 64
56 77
25 38
48 46
70 46
54 30
19 6
41 19
33 50
13 28
11 58
55 79
74 69
5 52
86 81
34 0
22 8
79 25
38 75
49 25
16 31
30 71
75 62
39 32
43 25
75 28
52 74
32 35
44 20
43 42
64 43
6 74
56 14
67 74
72 56
53 77
19 23
36 87
5 29
53 7
87 2
89 17
39 6
4 9
88 62
28 62
80 84
4 40
72 11
44 32
12 7
25 2
13 43
20 48
64 67
44 80
83 20
30 61
72 78
67 78
40 84
60 65
33 59
82 60
80 59
37 66
68 67
7 38
71 6
70 71
34 51
37 8
30 71
81 5
21 70
8 40
22 12
61 45
64 28
52 80
5 36
75 11
66 85
74 46
26 88
85 76
48 77
51 87
9 51
30 12
15 41
77 73
24 26
5 46
13 82
31 85
30 21
3 75
61 33
17 63
63 6
76 5
16 82
50 63
58 11
87 5
54 43
77 14
58 8
37 50
33 76
19 73
32 12
31 7
31 49
35 62
42 1
22 20
65 14
87 18
5 37
22 53
89 18
32 0
72 11
62 63
2 6
14 78
48 80
80 33
42 83
87 23
82 71
9 38
88 64
53 72
8 84
78 7
29 83
85 31
68 2
68 23
48 78
80 25
50 9
86 53
76 2
26 11
87 64
67 46
0 47
15 42
25 75
76 79
69 72
88 73
48 49
43 70
16 72
20 74
35 49
47 78
14 25
3 83
36 35
64 14
53 63
1 12
48 15
28 27
89 38
17 67
28 53
42 30
20 82
49 16
48 33
17 15
34 47
29 25
61 7
23 49
31 80
70 24
2 54
4 86
52 33
49 34
30 88
81 43
70 15
58 51
34 64
52 24
84 14
9 40
28 0
27 34
77 45
10 28
55 18
42 37
50 62
70 58
88 77
46 9
4 2
5 17
30 15
68 62
7 37
31 26
20 81
32 42
39 3
0 15
61 53
4 30
21 77
26 12
25 27
56 47
3 60
42 76
78 88
30 68
79 69
83 54
33 27
87 18
0 88
73 44
53 67
74 0
7 86
20 4
82 75
23 64
9 78
70 18
7 12
66 30
56 87
77 1
37 46
56 32
29 71
25 20
1 56
52 54
8 38
81 41
88 70
53 24
83 60
65 83
76 64
32 61
87 18
57 40
80 40
27 85
54 41
86 37
80 43
36 56
37 18
78 62
65 64
63 26
10 8
71 58
59 49
17 4
13 52
7 41
24 67
37 49
78 70
1 58
79 88
38 36
36 85
6 81
77 82
50 61
52 71
44 74
88 26
43 54
13 68
6 76
41 6
77 61
15 63
62 37
54 60
45 88
14 25
52 73
16 14
87 10
43 74
50 8
79 43
63 80
87 52
0 39
56 84
85 75
53 42
79 19
46 25
15 30
76 83
9 46
46 84
42 86
52 69
7 86
22 33
79 60
35 40
54 35
10 67
6 59
26 10
73 31
14 72
85 57
44 29
84 42
14 2
9 82
44 5
60 13
21 6
15 7
53 67
34 4
40 73
1 55
31 12
30 58
53 2
78 71
59 49
44 42
38 19
54 65
17 50
4 18
33 49
37 78
42 73
12 34
49 17
9 0
13 5
35 46
43 82
7 8
12 21
10 86
19 65
23 82
0 83
10 6
18 17
64 43
87 82
51 52
3 0
55 20
5 64
10 0
77 86
3 18
63 68
23 3
76 25
9 19
33 73
20 77
74 86
12 32
67 77
82 8
67 24
56 12
12 52
59 33
72 35
70 23
0 56
26 47
8 66
86 56
67 65
75 64
83 44
57 75
37 82
36 56
11 61
82 81
71 43
37 39
71 1
57 8
86 53
59 1
32 40
22 34
58 67
45 22
57 72
63 4
22 77
89 32
48 35
14 10
61 16
32 46
6 79
74 20
71 84
22 24
69 59
39 43
37 51
47 26
28 82
57 46
79 45
65 15
78 52
88 59
15 86
51 15
64 58
33 51
70 66
53 25
62 20
66 23
73 38
84 62
49 58
62 70
56 32
17 32
66 45
51 53
4 89
43 81
62 72
77 68
83 15
37 53
61 12
16 71
43 20
85 70
58 16
38 69
83 86
24 45
40 20
34 43
61 52
20 37
87 35
83 14
81 11
56 82
52 55
34 10
21 43
55 32
62 47
68 58
2 29
15 55
8 21
58 7
77 78
21 18
9 39
56 61
78 83
38 79
53 46
50 64
85 34
57 58
6 41
81 73
14 16
74 65
54 36
45 68
2 6
63 21
78 63
54 57
4 15
68 76
70 61
2 22
11 15
27 28
41 66
6 32
60 76
86 51
48 67
80 68
66 80
38 37
70 40
70 46
25 19
58 31
33 44
59 20
6 66
56 36
40 49
10 1
75 15
56 25
22 10
61 59
45 25
85 24
37 36
52 40
38 19
41 51
0 12
83 68
37 45
37 71
36 14
74 59
73 78
25 17
7 20
46 40
27 83
83 88
17 58
17 79
9 80
75 81
89 43
16 34
62 84
74 7
29 69
81 15
37 86
9 77
86 39
54 46
34 10
48 14
86 38
53 79
31 84
13 31
11 67
84 64
42 17
85 55
7 6
7 17
5 88
24 39
2 76
21 89
40 13
69 89
72 19
58 73
80 7
25 79
71 76
52 30
40 57
32 20
56 18
10 73
4 64
77 61
46 16
55 66
36 24
51 74
5 42
70 73
60 78
46 6
63 37
24 80
68 69
58 85
8 19
25 2
27 68
17 25
67 43
4 88
49 10
49 57
14 64
40 62
71 21
30 76
1 85
88 18
66 11
41 76
89 66
18 11
31 38
37 7
56 7
81 3
19 25
38 69
25 34
11 13
28 27
78 52
15 26
17 43
5 56
80 88
12 64
35 86
74 8
42 36
67 45
36 61
75 29
47 61
83 88
69 17
54 34
22 23
3 30
35 68
18 64
49 34
87 0
83 87
64 63
28 69
53 89
57 6
62 36
54 65
76 3
17 25
11 15
35 16
80 27
81 16
36 32
47 30
54 72
89 69
44 71
55 63
12 54
42 13
45 87
32 13
18 76
42 37
27 44
34 12
10 82
62 1
84 61
18 81
18 76
82 59
75 14
43 73
36 77
38 28
85 74
82 4
87 88
7 33
1 2
47 8
61 62
47 29
14 79
15 65
3 19
23 32
68 48
19 33
2 59
88 57
62 37
86 76
53 63
32 71
20 86
50 87
15 85
11 78
82 1
21 52
35 53
12 27
85 88
62 54
64 36
37 61
69 24
51 3
7 38
20 26
38 16
31 73
22 15
86 17
84 58
1 69
58 72
18 50
26 35
25 7
79 86
41 67
48 62
40 8
43 34
48 61
62 42
57 25
74 16
84 12
21 15
42 79
11 51
36 15
60 79
69 81
68 89
10 32
49 11
29 89
59 82
74 18
45 5
71 56
72 33
45 71
0 35
6 81
79 78
72 89
4 36
87 70
3 74
65 35
89 86
43 40
77 86
5 83
47 15
35 58
87 4
81 41
37 9
64 81
25 27
52 71
55 75
60 66
61 64
47 44
29 9
56 80
50 18
63 48
87 68
58 11
44 21
6 55
7 63
76 30
64 10
54 85
74 27
57 24
78 36
25 46
89 10
43 19
8 30
48 89
72 35
85 35
25 27
63 1
84 26
10 88
83 74
19 73
33 37
24 31
49 69
72 49
2 71
64 46
61 31
71 0
62 7
5 75
89 75
70 54
78 23
32 43
75 44
68 5
86 69
73 58
66 18
79 89
24 59
21 5
6 67
9 5
72 9
84 24
36 73
52 32
88 71
69 34
38 72
20 32
45 43
19 27
54 15
11 70
73 55
23 65
68 19
42 66
72 71
33 36
22 44
55 2
40 19
12 70
15 1
40 63
47 80
31 56
10 57
58 33
19 63
32 11
25 69
60 81
67 0
34 28
86 32
72 16
17 48
6 16
15 3
50 60
18 35
63 2
8 12
71 13
31 51
47 48
86 11
89 2
35 21
37 80
30 37
66 37
38 50
70 37
39 47
25 60
24 59
38 74
60 44
62 6
68 81
51 0
2 54
13 19
43 8
3 45
28 72
83 69
89 68
45 63
7 59
15 77
3 49
41 88
13 5
62 89
32 80
61 82
43 40
72 5
57 9
63 77
36 28
42 1
81 62
15 7
12 75
52 4
62 48
88 48
79 29
27 2
29 47
73 40
26 70
74 78
13 71
86 26
64 11
48 74
51 77
22 38
19 54
81 70
17 2
10 30
32 67
44 31
80 4
58 6
16 41
57 39
69 22
40 6
61 4
26 41
51 66
33 89
40 81
7 19
85 86
59 53
60 31
15 0
36 76
30 48
64 37
43 47
45 85
25 62
42 82
9 74
26 2
75 24
80 67
73 76
22 83
45 85
29 4
73 77
72 26
15 7
75 69
79 47
9 22
55 62
35 43
10 58
8 38
73 81
42 56
63 46
22 73
35 74
6 84
75 49
56 50
9 37
8 1
55 19
84 4
70 3
72 29
76 84
13 32
17 23
84 16
3 44
67 73
7 6
7 4
87 28
56 84
6 49
51 66
18 41
87 37
62 68
85 42
35 21
65 10
71 63
2 84
57 34
13 58
57 67
22 11
36 18
11 40
21 49
12 67
21 40
34 23
30 89
24 18
50 13
84 38
57 34
37 2
53 79
19 50
11 30
50 55
70 59
60 27
61 71
18 52
77 29
44 70
55 87
66 86
66 84
18 22
6 23
49 28
63 37
23 53
21 48
77 74
31 37
76 36
2 60
54 44
48 13
77 61
70 81
16 55
69 86
46 2
58 5
89 61
30 70
45 73
28 32
43 42
45 87
78 26
50 60
25 70
8 19
31 43
18 82
20 60
57 85
7 44
43 46
57 73
61 80
37 69
32 22
75 48
61 77
8 6
65 55
88 66
17 18
26 48
75 79
0 3
15 70
37 47
81 47
17 29
34 47
32 52
50 75
35 88
72 86
77 67
89 57
86 9
66 37
78 23
31 89
8 12
28 20
84 61
59 42
33 43
17 52
30 67
67 21
45 26
19 33
9 13
16 58
4 12
41 88
76 8
41 67
5 76
89 9
34 40
70 26
19 65
47 6
56 11
11 0
56 23
19 62
75 15
87 38
32 68
9 82
48 9
49 29
39 30
71 89
23 17
11 66
54 21
56 39
47 57
81 10
23 48
25 37
64 88
69 63
15 34
79 6
0 23
61 76
43 72
12 46
26 20
30 6
78 45
0 33
54 81
88 82
23 21
28 87
47 46
86 82
55 49
71 74
86 44
36 59
81 53
8 79
82 85
64 20
49 35
78 5
43 21
73 63
62 13
7 51
60 33
31 70
83 11
81 63
45 33
32 30
28 33
19 71
54 24
12 7
16 35
9 7
53 75
73 23
16 64
56 3
83 30
28 67
23 8
18 35
56 71
11 58
27 57
62 85
42 77
63 43
40 14
75 77
4 35
74 53
76 73
49 19
89 87
0 83
38 8
61 57
25 16
25 76
43 31
63 4
43 31
77 40
69 84
48 26
47 49
72 3
15 27
69 52
67 30
65 28
60 41
82 20
78 89
52 55
62 17
78 70
33 80
68 60
67 28
61 42
51 3
39 24
14 37
58 5
1 5
53 77
54 69
59 9
80 52
47 61
12 78
60 67
70 47
25 26
79 13
11 89
89 12
52 76
86 18
46 28
45 71
87 58
31 62
34 67
17 24
26 73
21 79
6 73
11 43
29 87
79 76
6 25
78 53
84 69
52 39
17 48
17 23
73 29
2 26
29 66
75 42
0 8
0 27
75 47
32 89
83 72
19 64
17 30
44 7
46 41
60 21
78 54
10 57
39 17
22 34
77 43
68 8
21 61
36 40
37 15
4 56
34 10
89 4
84 1
81 78
63 35
22 47
37 2
5 27
19 45
69 16
24 74
27 72
52 12
48 46
46 41
82 77
55 71
89 11
77 64
76 84
5 17
79 70
44 27
39 63
81 9
50 71
33 81
48 86
11 23
13 10
38 88
56 3
0 8
3 86
25 69
77 71
72 58
52 50
25 57
80 52
16 36
80 44
3 30
55 85
84 28
11 55
66 47
4 12
10 71
81 65
8 0
14 35
67 88
13 12
56 47
22 2
54 46
77 53
40 58
85 12
5 20
11 88
56 26
74 79
23 65
82 10
42 2
89 23
74 52
61 24
87 39
15 9
30 66
46 58
77 43
66 31
46 13
79 13
70 50
69 57
33 1
18 5
32 74
33 29
59 51
79 43
36 41
12 57
71 44
48 83
67 73
59 83
74 82
53 69
76 60
50 59
40 74
13 26
29 85
40 32
42 88
41 71
7 59
21 61
38 80
42 19
83 76
17 38
61 80
14 4
45 52
70 34
24 33
77 13
36 2
20 10
65 83
72 57
62 24
31 52
28 55
26 81
49 44
9 62
38 25
13 75
85 7
22 41
23 74
33 64
76 0
35 54
11 32
37 52
25 14
33 88
48 88
0 11
77 7
21 20
84 9
66 54
21 4
3 1
19 43
73 2
28 14
36 12
11 69
26 16
77 88
3 1
33 15
62 10
23 13
69 14
54 31
67 10
82 45
11 42
49 80
68 76
9 24
36 87
76 11
27 74
35 83
33 72
74 47
5 72
6 72
76 7
29 79
12 55
89 76
87 44
10 17
44 20
30 7
13 10
45 65
15 30
30 27
48 68
33 65
70 45
34 49
6 46
7 49
40 57
8 84
12 48
31 24
68 56
88 34
63 23
31 41
26 54
39 83
5 52
10 78
61 14
55 60
9 8
89 58
39 49
38 69
28 0
8 23
2 7
1 13
40 55
70 44
68 44
60 5
23 72
28 16
82 79
84 53
38 61
46 77
60 54
17 73
25 63
68 33
30 39
88 79
28 36
9 53
84 62
54 72
26 2
29 42
52 2
72 22
43 30
43 68
57 47
86 12
74 49
64 52
85 60
10 26
4 19
21 28
3 88
80 78
6 78
82 41
27 7
34 10
55 86
43 87
37 10
61 57
76 78
66 87
21 87
71 64
41 57
27 48
55 32
63 71
18 31
36 78
58 83
25 56
34 25
43 53
43 29
84 11
30 13
46 29
56 65
83 0
61 19
58 64
35 23
89 3
21 33
48 25
62 45
80 62
33 32
4 58
24 56
22 71
24 83
79 81
43 61
62 70
19 8
36 73
66 25
77 10
42 16
81 40
21 11
65 38
4 50
50 30
66 21
43 59
10 68
40 43
83 64
72 66
70 25
32 2
24 80
46 11
43 26
16 42
0 31
88 52
60 14
64 43
18 16
82 51
34 19
26 44
69 10
44 7
48 86
70 54
14 17
89 60
66 56
62 81
84 88
16 30
26 6
83 12
21 60
29 14
0 57
81 32
33 14
40 16
64 89
72 88
47 21
12 2
1 67
73 14
70 72
1 0
87 65
62 8
68 36
64 36
67 17
16 59
16 7
81 26
5 7
2 89
83 79
23 48
47 81
72 46
62 18
59 60
60 21
51 12
17 57
70 76
10 82
8 25
39 11
69 20
15 31
8 78
70 44
58 17
51 52
10 48
77 22
35 46
8 39
40 67
38 78
17 18
23 33
3 70
40 0
53 32
53 76
74 58
32 39
18 62
40 20
15 86
64 55
52 15
16 65
8 1
2 40
38 32
11 0
79 58
71 4
79 18
72 17
33 8
50 36
89 76
10 63
65 48
32 34
47 88
46 72
53 36
73 37
82 37
64 12
43 15
75 33
18 76
75 37
66 57
38 88
58 45
16 41
74 41
88 50
25 7
33 56
58 21
48 50
24 30
40 44
19 81
1 77
25 45
86 60
11 54
4 40
80 71
28 79
59 56
89 28
28 55
30 58
13 52
28 83
67 59
41 64
24 36
37 30
27 8
40 55
7 72
12 28
76 51
25 78
23 37
40 20
73 39
59 84
30 23
38 66
67 31
31 44
53 45
16 54
49 27
4 27
68 79
73 33
85 35
63 57
29 18
62 61
43 25
24 62
49 3
62 22
85 76
52 42
19 23
69 80
60 52
16 8
17 80
20 13
5 42
25 63
46 45
62 67
10 71
81 53
51 79
10 11
43 68
26 66
60 15
36 50
47 25
34 13
64 57
53 72
65 55
12 25
44 26
33 51
53 76
57 22
65 11
84 40
0 26
23 55
17 35
31 78
24 40
35 26
57 67
11 30
39 31
6 57
72 53
31 25
78 77
83 11
51 23
41 8
78 64
55 83
59 25
11 30
22 11
17 33
48 54
60 78
54 79
83 13
22 21
23 66
28 4
77 8
50 38
61 76
29 63
71 16
86 22
44 13
56 15
0 10
68 82
22 65
43 83
68 88
63 39
0 85
53 17
21 83
37 68
36 86
61 46
63 26
74 52
70 43
54 43
38 15
11 23
72 73
45 74
12 23
7 29
4 14
42 70
76 89
70 14
76 3
32 26
27 12
85 62
55 3
55 47
77 28
61 78
80 18
67 84
7 81
58 86
60 59
31 70
25 28
70 39
81 63
59 85
80 38
21 12
10 33
74 82
65 29
88 55
62 35
44 8
85 15
59 41
55 81
36 44
44 89
5 9
57 4
53 31
35 15
43 89
76 70
37 4
68 12
87 13
49 34
76 39
18 31
21 40
24 84
63 77
40 20
37 76
1 24
3 7
48 61
61 77
88 75
29 49
66 35
12 66
50 68
34 38
15 3
0 74
68 23
12 73
38 57
1 3
17 45
81 24
66 55
29 57
4 44
2 1
18 10
70 13
70 19
17 59
57 87
62 16
42 23
83 5
35 46
31 69
22 31
35 54
82 78
21 39
21 3
86 20
47 44
64 84
80 19
63 18
7 54
52 26
42 41
87 53
55 18
75 66
0 22
31 28
9 78
28 50
54 50
11 27
3 60
70 74
6 35
15 39
38 5
83 75
37 72
36 64
18 45
26 29
1 31
57 41
25 3
41 32
29 32
83 84
68 84
5 4
68 16
36 21
15 84
44 17
39 2
42 72
9 61
18 26
79 12
31 13
16 70
11 77
71 49
35 2
23 55
56 15
59 42
87 12
8 0
6 45
80 52
38 60
29 32
24 39
71 66
86 6
7 13
19 56
62 32
44 37
46 47
7 72
15 19
49 22
16 4
31 48
33 28
4 79
65 80
50 89
70 46
9 72
86 20
3 63
32 22
41 89
26 41
77 40
11 44
69 45
22 48
42 36
77 69
21 8
31 1
26 31
51 53
30 16
42 63
54 74
31 76
19 50
23 36
74 38
47 8
13 85
2 0
41 14
41 13
67 7
88 28
4 80
51 8
67 18
7 12
60 8
15 75
76 23
87 85
14 4
0 28
65 32
38 79
67 0
28 24
71 34
37 34
56 0
61 8
12 33
76 12
25 28
36 11
57 13
15 19
2 88
16 80
21 45
86 44
7 20
33 32
70 72
88 77
16 75
55 68
34 62
55 57
78 55
28 25
0 53
66 74
5 75
22 56
7 27
9 89
82 39
23 89
23 28
18 43
24 4
41 75
75 9
64 14
73 13
32 22
44 61
75 0
88 81
25 28
28 84
24 48
3 77
66 41
55 7
14 16
80 7
16 63
71 31
43 74
65 4
12 27
74 16
88 39
75 13
25 9
63 50
4 73
43 2
11 82
18 32
35 7
66 58
1 26
14 59
73 74
50 85
18 16
47 31
40 47
28 75
11 9
46 16
59 47
72 31
22 74
65 34
27 36
50 79
46 10
39 71
74 48
4 14
1 63
58 89
68 15
79 9
81 0
75 61
82 49
2 75
19 64
35 66
8 4
63 38
67 40
11 80
13 56
31 39
53 35
74 84
38 72
2 32
69 1
80 46
9 76
78 60
18 85
20 41
3 17
24 31
22 35
13 85
29 59
59 9
23 7
64 65
61 49
13 5
4 6
56 28
46 41
53 5
5 74
52 67
83 17
19 11
89 8
10 19
71 33
42 40
30 27
25 50
79 71
79 26
30 86
6 85
69 40
49 35
12 43
2 7
41 51
87 35
2 24
28 83
39 65
47 9
66 24
61 68
83 29
20 54
75 85
14 32
82 71
60 72
64 61
45 13
51 32
33 79
2 34
40 45
68 44
31 74
83 23
52 6
14 58
44 11
19 87
34 29
12 71
10 6
33 81
22 21
26 28
87 47
25 79
26 32
34 69
41 62
68 45
45 36
61 77
71 56
70 46
54 47
22 3
30 1
45 4
73 33
37 40
61 11
5 48
44 60
27 19
64 61
33 37
16 57
6 86
41 66
30 84
81 18
80 68
65 67
86 43
32 19
88 77
10 54
67 84
85 45
22 17
7 64
52 74
69 87
79 25
2 6
57 22
24 0
81 38
81 29
34 62
64 37
25 81
71 55
19 62
89 21
53 74
57 33
41 55
77 28
10 20
80 43
66 6
24 30
13 78
85 50
32 29
41 74
23 35
7 4
19 45
74 22
60 46
51 53
17 50
0 51
40 53
82 87
76 5
45 82
41 70
64 54
66 41
8 70
39 24
89 26
17 83
59 11
43 17
61 67
36 55
31 60
84 75
64 77
87 18
72 88
82 59
58 27
75 31
18 30
48 84
59 9
53 66
61 84
14 66
44 45
8 61
58 14
63 7
74 83
65 14
3 73
2 47
59 16
70 74
35 55
48 9
3 50
45 40
87 32
70 81
79 70
64 76
61 69
3 65
15 4
45 75
83 36
60 83
55 37
43 75
87 62
86 77
66 65
8 21
86 71
65 5
13 77
20 22
60 7
62 6
51 29
45 77
40 28
35 53
13 75
17 28
19 34
58 10
61 32
28 39
62 8
67 59
34 10
66 76
51 67
46 1
28 43
2 50
60 73
1 12
31 41
61 29
37 2
80 82
19 62
33 39
36 43
37 45
40 4
37 82
62 19
85 32
24 31
81 29
65 62
47 22
40 63
28 54
23 9
78 74
29 37
8 2
44 75
84 83
55 1
13 1
43 47
70 34
74 71
80 83
42 23
40 89
31 72
30 79
66 58
21 85
6 62
48 67
64 15
44 89
39 11
2 1
66 10
87 19
74 42
89 61
83 71
66 72
48 43
85 35
2 51
9 77
0 33
62 36
16 78
3 89
72 89
89 7
4 21
9 20
85 83
30 60
0 77
7 43
31 88
65 56
8 81
37 12
82 4
11 8
28 35
15 71
60 66
49 5
2 35
74 71
17 23
56 67
23 49
34 3
87 68
14 8
3 77
76 36
58 64
66 6
39 32
70 85
62 17
39 19
55 33
5 84
25 35
80 71
10 65
40 15
10 44
4 27
14 38
10 77
20 54
38 43
25 8
86 66
12 63
6 23
58 29
56 89
71 34
8 78
89 38
22 5
81 87
24 44
84 37
3 60
15 81
84 49
67 25
49 41
73 40
8 77
41 28
22 40
68 15
42 77
36 70
16 37
42 19
42 53
49 30
51 67
28 67
81 48
62 39
78 49
2 86
74 31
30 6
7 43
20 66
36 22
86 68
81 73
35 26
22 75
85 27
81 55
40 47
54 45
50 71
77 21
32 15
30 82
52 61
89 82
12 83
53 62
49 44
0 70
55 65
78 59
48 73
39 18
79 69
3 42
74 18
3 28
22 65
45 11
21 77
3 12
8 71
60 10
22 16
48 13
46 39
7 39
31 76
71 50
22 34
86 46
43 42
57 22
41 37
78 76
62 28
34 2
52 67
54 64
4 11
1 8
89 15
42 51
11 89
44 53
38 31
0 89
52 9
29 61
53 38
50 69
28 83
46 33
40 69
63 50
28 22
12 29
68 89
58 24
58 16
14 62
28 19
28 32
26 12
42 12
82 48
82 58
22 28
0 37
69 29
64 71
85 2
48 45
49 88
19 37
77 55
22 44
44 14
36 70
12 61
21 59
21 7
69 36
59 76
48 16
10 64
77 8
14 48
7 51
73 85
80 14
24 83
13 36
31 38
68 45
88 38
33 44
3 85
15 28
66 54
63 3
9 87
31 47
79 42
5 24
38 6
54 49
74 1
62 63
30 33
51 76
26 57
27 9
52 6
87 26
2 74
89 88
74 77
36 62
21 49
64 80
38 13
13 23
11 59
72 56
86 11
42 20
66 29
65 59
79 84
29 22
12 20
49 50
50 54
29 16
74 17
22 51
69 3
64 42
56 57
61 0
55 84
73 59
32 24
50 53
20 1
77 19
8 32
52 22
45 57
80 9
88 63
21 75
59 49
43 55
7 65
55 46
63 25
19 22
44 73
82 31
61 2
67 71
21 58
43 73
1 15
48 60
73 54
29 49
61 83
81 27
89 69
55 65
61 48
17 42
28 7
3 76
13 87
44 53
23 11
87 32
17 6
30 51
29 40
62 46
50 29
61 70
50 36
4 62
15 24
80 28
73 69
41 1
71 55
26 42
86 67
13 15
66 4
27 15
35 5
20 71
78 28
4 41
35 66
78 27
83 13
28 38
75 32
16 37
74 46
5 46
42 89
75 66
88 63
3 36
43 88
8 52
14 10
60 0
43 46
68 70
4 35
86 62
26 24
26 39
87 0
87 48
63 45
77 59
79 71
43 69
26 81
62 15
4 71
46 35
19 13
87 72
84 47
76 40
79 81
65 74
56 34
42 71
62 1
28 52
10 24
75 54
45 33
44 34
0 58
86 37
65 7
50 31
61 59
82 55
22 3
63 76
13 34
18 56
38 36
89 1
34 2
37 83
19 17
29 89
6 3
2 7
72 8
80 81
73 48
37 56
30 17
62 52
64 48
1 17
23 28
70 44
87 42
72 77
24 57
35 3
80 69
63 5
11 40
42 3
0 9
62 7
43 36
88 13
45 71
87 70
72 63
66 43
10 17
59 67
76 69
32 56
79 72
32 63
74 11
76 51
13 32
2 67
28 68
45 25
71 18
83 44
34 4
85 5
40 47
70 35
34 28
75 80
6 87
33 68
25 70
38 8
64 87
50 23
60 55
56 74
84 3
75 11
63 12
44 63
0 11
84 87
6 85
56 88
79 72
60 75
49 62
85 29
71 50
8 80
74 28
35 14
70 83
12 3
65 43
36 52
1 85
59 33
67 33
11 16
40 52
19 57
70 40
78 27
88 71
49 64
72 57
13 24
60 33
79 18
14 30
82 9
31 56
61 56
3 72
71 82
88 87
0 73
4 80
35 26
46 8
36 33
14 52
38 80
79 67
64 20
47 55
36 64
89 66
28 21
66 13
85 10
16 58
65 10
32 57
10 86
24 27
11 87
21 18
74 46
12 50
57 36
78 13
52 47
28 22
61 32
22 32
34 67
25 61
34 12
45 42
58 85
25 18
86 61
8 1
38 44
88 51
64 76
55 31
25 48
89 55
16 56
33 39
76 71
62 54
54 15
17 61
62 34
62 1
83 49
6 69
48 14
24 11
81 2
52 60
35 57
74 3
68 55
63 76
22 40
67 79
15 46
14 31
41 83
27 7
47 88
31 83
69 52
22 84
19 82
48 51
7 56
84 62
12 13
83 30
74 49
72 32
57 17
75 69
78 55
49 68
51 80
75 20
74 36
84 22
28 74
63 32
74 14
44 76
80 58
18 33
15 26
49 9
69 49
32 44
87 86
21 80
35 16
81 76
57 77
32 31
61 54
77 12
74 33
79 46
15 25
60 0
65 40
2 69
0 72
19 6
25 3
34 13
75 78
85 76
9 18
33 76
61 6
18 53
0 4
12 6
46 76
67 20
8 17
52 54
40 37
69 0
35 60
70 59
0 82
25 57
78 5
80 57
37 18
42 43
57 69
58 62
82 56
68 72
26 52
83 47
82 48
59 22
6 81
52 46
22 28
13 69
16 77
60 81
40 2
2 62
2 67
85 22
26 61
21 14
69 72
59 23
84 12
29 30
52 17
47 34
74 37
10 23
21 89
89 20
19 87
11 20
40 23
14 7
14 1
86 18
44 70
42 23
29 87
37 51
37 49
70 57
49 28
16 9
38 63
60 29
44 30
34 36
61 4
42 20
63 49
61 70
9 69
19 7
16 22
8 44
86 68
65 70
29 67
1 86
67 11
69 55
23 42
30 85
65 83
32 26
71 80
30 66
58 26
55 79
20 44
48 10
64 39
9 56
84 8
87 10
34 86
72 47
24 51
60 87
8 5
47 24
60 10
3 58
11 28
78 44
56 73
37 69
23 3
42 36
80 89
3 5
57 48
42 2
36 15
75 9
54 40
84 70
41 44
89 10
54 79
46 30
70 83
43 74
1 22
51 11
43 11
27 15
75 28
0 80
74 2
41 64
15 9
37 50
67 40
45 47
55 73
68 69
55 74
52 5
46 16
2 15
77 25
87 75
40 18
2 88
57 15
32 26
66 33
29 89
9 43
4 70
29 2
12 13
78 58
45 20
49 0
19 89
58 33
21 23
68 64
46 75
88 50
29 67
59 66
67 42
79 39
35 47
86 28
31 18
9 48
65 69
4 70
16 0
71 60
66 86
18 42
44 85
24 18
57 41
40 1
48 13
78 60
9 69
12 14
73 42
77 35
51 11
2 87
28 64
89 72
85 40
5 31
61 67
52 15
5 35
61 16
42 81
35 39
38 9
65 27
29 60
37 22
20 57
65 43
7 30
70 49
61 19
85 3
44 75
78 20
69 2
72 81
77 51
88 70
37 57
65 85
70 20
67 35
26 63
79 51
23 32
81 44
28 9
88 29
84 33
78 64
51 53
72 16
78 75
27 17
20 4
49 71
59 39
88 57
53 36
64 0
15 51
84 53
0 46
1 78
61 85
39 20
25 23
24 60
76 49
75 33
64 17
57 42
66 88
26 47
9 85
24 38
56 80
5 1
21 3
77 74
14 73
82 46
16 20
34 47
55 65
85 30
46 12
27 55
43 70
12 5
53 67
82 34
24 73
13 85
21 13
62 59
44 41
38 36
28 52
17 51
50 28
67 24
12 14
33 78
28 66
13 63
42 82
77 49
61 36
68 55
72 37
72 7
22 68
27 55
16 64
53 35
45 77
3 25
19 37
72 9
74 29
85 29
37 58
19 82
12 51
6 55
73 6
11 22
49 3
38 51
43 40
74 83
43 68
0 62
3 76
62 9
16 38
13 52
14 36
45 55
86 59
24 0
60 22
35 11
9 24
77 11
68 55
68 82
10 8
15 30
6 19
44 30
63 31
27 18
40 74
43 74
55 27
65 49
87 71
6 65
20 12
32 49
8 5
9 13
75 62
40 37
8 66
16 25
35 36
41 4
67 45
13 38
65 16
81 1
51 16
60 32
15 30
26 86
63 19
22 84
41 70
35 71
39 68
2 86
66 35
80 36
12 66
60 48
64 19
44 11
16 40
50 19
4 28
16 68
74 30
34 9
44 49
72 61
67 83
64 62
64 57
8 77
20 9
37 71
71 51
10 15
46 20
16 33
80 63
55 27
48 18
1 65
83 61
9 51
78 26
37 31
67 82
42 10
42 16
32 56
49 20
85 87
87 32
27 78
32 57
76 65
72 8
27 10
62 80
44 47
27 51
26 27
73 59
11 27
66 77
52 2
17 88
60 43
20 41
33 21
11 63
39 28
49 39
48 49
26 2
12 32
48 9
69 50
87 23
84 42
64 6
4 69
62 15
16 5
5 26
24 4
19 50
52 30
54 63
22 53
27 69
29 89
57 88
29 7
63 1
32 16
88 33
15 85
84 75
26 63
65 85
79 14
67 75
24 51
87 78
15 46
28 62
46 33
54 79
35 13
23 49
22 25
63 18
70 80
6 17
64 23
81 52
52 71
53 61
53 32
51 67
7 71
57 59
1 60
26 87
36 66
37 80
27 51
37 88
60 66
34 71
0 55
9 38
67 15
71 63
60 58
85 32
60 74
62 59
44 47
39 1
71 68
82 36
37 12
0 26
89 16
45 49
31 18
51 53
4 15
18 81
5 35
27 17
25 24
60 37
13 33
39 72
62 75
78 30
6 79
7 47
79 40
16 6
48 88
27 30
67 79
19 36
26 44
73 44
8 65
22 31
89 13
84 11
81 42
48 13
82 34
4 51
56 63
66 7
87 25
8 9
9 51
82 51
20 81
19 3
88 56
83 85
55 79
15 40
37 36
87 70
46 42
63 65
23 27
41 84
18 46
60 65
6 78
84 26
89 3
74 45
79 75
44 23
76 33
24 47
10 88
4 77
69 18
66 55
8 10
33 11
58 25
67 35
53 72
88 33
34 2
30 44
6 13
86 48
11 39
7 53
10 49
29 9
18 67
24 89
27 64
89 86
31 9
79 5
80 26
3 24
65 5
83 45
53 62
18 50
0 53
67 78
19 33
83 29
54 33
10 42
74 16
81 41
6 2
65 76
51 45
67 19
19 18
89 2
15 84
60 33
54 77
6 7
52 57
65 77
60 48
67 85
33 3
57 0
39 45
17 10
20 58
59 12
61 54
18 73
51 78
78 5
62 32
46 47
1 4
31 7
0 60
64 66
6 82
33 0
49 57
55 24
9 62
30 8
57 25
36 45
7 78
65 39
4 32
33 42
2 49
21 60
26 28
82 74
29 47
63 58
35 72
4 37
44 58
70 20
44 68
23 17
24 54
75 86
39 83
60 52
86 43
16 18
69 44
82 89
21 2
29 62
66 53
6 11
44 1
55 82
63 58
40 30
59 25
16 13
86 19
17 7
70 14
38 18
81 64
30 38
73 49
24 58
66 47
83 14
86 35
9 78
42 34
79 86
47 69
31 32
45 6
83 64
60 12
48 75
22 31
58 0
51 45
6 21
8 58
40 44
50 71
78 18
69 0
83 27
61 67
73 14
89 42
57 51
29 5
71 65
31 50
21 14
46 85
26 60
3 86
23 40
26 18
35 69
22 14
23 74
28 23
78 87
33 64
71 4
52 18
3 38
0 61
20 57
89 42
23 32
0 72
55 22
50 2
34 16
58 21
59 74
70 55
87 17
79 58
39 66
65 17
85 69
43 61
26 62
59 60
85 53
79 47
56 5
75 7
89 55
89 26
70 84
75 15
14 74
41 49
88 3
6 15
28 61
25 85
2 28
13 56
30 23
33 66
81 74
6 18
27 49
23 35
17 50
7 41
89 32
44 7
23 54
79 10
39 47
19 34
43 26
11 55
43 60
80 67
0 25
70 22
61 17
65 40
49 63
27 63
45 29
85 24
46 35
27 35
5 34
33 77
83 3
77 68
23 25
29 27
16 48
56 52
7 41
40 89
68 63
31 59
86 1
26 22
5 79
77 46
30 67
39 31
13 22
81 43
83 68
84 34
19 34
85 9
80 26
30 8
62 39
47 59
43 40
21 52
0 76
16 11
62 15
55 74
42 28
57 41
47 19
85 55
44 59
86 77
43 69
19 49
64 35
36 44
50 44
15 29
85 11
87 41
5 23
4 27
76 2
47 10
81 70
58 33
71 77
34 70
84 51
62 32
64 57
30 37
11 29
14 10
36 24
0 56
58 62
79 5
14 24
67 39
15 0
78 52
15 55
82 54
62 63
32 48
89 66
56 7
3 76
55 47
72 6
41 53
89 84
7 47
37 71
73 6
41 40
67 13
5 86
6 48
40 60
14 8
14 21
32 59
83 87
60 59
69 55
80 66
10 57
3 41
89 68
56 35
36 47
7 29
8 32
33 68
37 77
36 14
58 59
61 17
6 40
22 30
12 55
42 78
16 46
21 76
57 78
0 65
54 25
61 30
1 57
63 38
50 19
10 63
72 59
34 36
58 49
40 45
25 11
0 80
6 42
2 17
35 7
80 77
60 17
25 47
37 24
27 65
86 9
82 34
36 53
80 61
30 81
68 10
41 55
84 86
43 58
25 83
22 23
41 5
80 37
2 88
85 49
78 32
5 64
10 77
9 12
79 84
55 0
10 37
14 34
2 9
24 62
27 76
39 70
72 58
23 13
29 65
21 7
13 15
53 74
64 67
68 40
79 52
33 22
76 29
12 63
52 23
70 87
44 68
34 63
4 33
9 16
70 41
18 75
0 26
39 28
74 54
58 35
64 18
49 33
39 73
71 12
25 40
72 79
20 47
75 78
42 33
19 65
9 65
16 29
12 16
65 12
59 60
69 79
73 48
79 22
67 33
70 24
28 77
27 9
10 50
18 89
68 76
16 59
79 14
70 23
72 22
31 60
5 32
85 10
0 41
75 40
58 79
89 62
71 68
50 14
10 73
75 69
0 17
11 49
55 87
48 18
25 42
55 59
31 21
31 61
61 40
6 23
67 74
48 41
16 31
9 3
48 66
67 55
67 77
5 3
89 57
38 43
76 88
4 9
31 22
19 71
50 23
86 46
73 39
30 10
88 17
23 41
82 71
62 45
80 29
36 61
22 58
16 29
27 54
65 67
55 74
3 62
63 46
55 79
47 61
88 44
67 31
88 77
62 2
85 27
77 53
79 60
46 68
28 83
39 6
62 78
9 79
61 23
3 6
86 42
62 33
61 65
39 82
89 6
22 66
79 65
9 7
71 52
18 49
63 41
32 67
70 73
35 13
75 62
25 80
34 32
59 60
44 56
81 38
12 70
33 8
77 11
51 60
75 31
52 76
52 74
79 41
80 37
46 39
55 79
60 77
35 56
72 43
73 39
22 52
51 15
78 21
46 62
21 3
48 13
37 31
57 61
19 52
9 0
14 66
47 45
66 13
36 21
5 87
0 84
54 26
16 33
43 14
82 62
41 10
53 31
12 34
33 6
21 32
65 20
28 72
50 26
63 2
31 7
65 36
66 69
53 27
36 76
35 49
17 11
36 85
80 4
61 35
68 26
26 47
4 19
23 61
3 31
17 80
27 72
40 82
48 26
16 83
43 74
63 76
41 6
30 24
33 82
88 82
15 5
11 16
66 55
72 73
49 58
24 75
14 31
32 67
77 64
83 1
48 78
50 37
59 53
78 21
34 48
33 10
51 50
88 84
77 31
84 2
15 5
12 21
63 49
68 46
9 55
44 18
67 89
34 72
75 86
50 41
44 48
16 86
22 52
27 33
75 28
81 23
55 14
8 85
53 67
50 0
9 74
69 76
20 84
28 62
16 36
12 39
75 4
29 41
1 6
11 80
81 3
5 64
44 78
1 62
55 72
54 2
35 20
0 22
60 37
32 33
6 64
65 63
9 83
66 75
50 52
11 52
31 40
68 27
29 72
20 84
34 56
20 71
85 51
47 89
16 36
65 34
86 0
10 24
74 88
74 21
74 5
26 88
48 1
70 31
83 25
20 9
11 23
73 56
78 67
58 3
40 61
33 65
20 85
56 55
39 35
50 87
69 27
32 72
28 44
0 55
34 49
42 32
16 57
25 13
38 79
45 9
57 50
12 78
21 83
72 37
51 76
72 46
76 45
38 16
72 34
12 61
72 49
15 78
34 17
84 69
8 76
59 30
3 71
77 42
40 83
81 4
56 16
53 29
54 84
28 34
47 83
41 13
78 71
50 10
81 14
28 51
2 84
37 32
86 67
33 21
25 80
26 79
78 29
17 71
41 16
6 54
19 20
40 11
23 10
50 20
3 33
12 48
13 31
7 39
21 66
14 71
87 15
21 72
4 65
66 17
29 81
4 81
83 72
30 75
34 59
57 64
29 34
40 18
62 18
87 2
17 78
50 46
66 86
0 58
9 73
68 43
83 1
18 32
13 57
19 33
34 74
66 58
6 19
48 29
43 67
15 23
27 13
23 79
21 76
6 47
56 45
88 40
65 22
51 64
43 21
0 45
53 60
4 52
79 41
80 15
81 0
66 26
25 69
10 67
78 19
62 88
26 24
14 21
27 32
0 22
67 88
57 13
53 87
88 55
35 50
81 82
22 43
69 31
58 34
19 85
62 83
67 79
60 43
84 28
2 42
4 24
47 81
3 45
78 11
61 15
25 29
56 5
50 79
79 14
11 16
16 46
67 71
85 53
67 81
30 15
41 79
9 50
53 1
58 51
6 4
86 49
64 21
4 84
81 48
56 84
21 27
0 19
40 10
77 28
15 88
83 75
61 30
68 23
77 89
36 4
17 37
24 87
85 70
88 53
70 59
84 89
45 47
31 54
34 62
36 84
27 20
35 47
68 5
73 81
38 34
17 36
66 65
76 62
23 53
73 74
2 59
13 15
50 16
18 42
70 52
16 24
13 77
6 69
65 23
82 56
2 48
87 19
81 13
71 7
40 12
87 59
69 13
17 52
82 70
37 2
38 2
72 78
22 50
46 22
18 9
56 37
50 28
62 17
17 29
84 70
46 20
87 50
22 62
24 71
36 20
8 73
26 14
73 62
31 7
71 27
2 43
10 8
4 51
43 61
30 41
26 13
76 68
4 52
85 27
35 32
21 39
28 79
76 69
33 67
45 43
67 24
41 9
28 43
75 40
39 12
16 4
49 2
42 10
45 12
51 69
29 61
62 41
15 69
48 45
71 14
54 38
12 26
29 72
41 70
26 69
88 22
27 82
36 85
68 85
36 47
55 12
51 79
26 62
29 86
88 28
73 67
88 69
61 78
13 21
68 9
46 1
26 58
0 76
43 56
2 35
6 63
79 75
6 15
20 2
62 58
84 28
33 86
72 14
68 66
11 51
52 75
47 31
72 85
14 38
35 8
25 41
67 16
27 20
14 64
80 44
22 81
32 11
1 9
62 42
59 73
21 43
2 19
43 32
70 25
70 24
46 17
38 13
79 8
15 61
15 37
31 87
57 65
88 12
85 36
34 33
6 12
6 12
72 70
35 76
29 54
34 35
3 84
46 21
12 31
35 53
63 25
33 89
19 77
29 57
27 54
79 29
87 3
61 63
70 49
47 72
69 21
25 11
56 18
56 57
86 67
22 10
37 80
28 11
1 8
8 65
35 2
51 40
31 62
37 79
16 30
69 15
67 48
2 78
23 50
47 77
7 14
22 77
81 30
77 22
74 33
63 72
72 47
21 69
45 85
31 36
6 72
19 48
16 44
35 56
23 16
54 1
21 41
77 72
41 29
83 38
75 18
54 5
75 23
21 62
28 43
54 19
61 82
7 46
88 11
3 53
30 41
77 1
12 56
8 50
76 65
47 20
41 17
42 46
67 13
5 10
59 65
12 54
67 38
48 59
23 81
20 79
86 50
41 66
8 41
13 59
31 44
0 2
44 2
34 78
3 62
24 77
36 57
28 25
84 82
1 32
71 9
1 86
33 21
3 9
72 7
37 59
64 12
78 68
35 39
75 64
72 83
7 8
54 38
44 5
86 78
16 49
38 8
85 46
29 76
0 33
33 82
78 81
7 57
18 15
79 50
64 71
59 74
79 14
47 76
49 83
46 6
67 6
86 38
37 12
53 21
81 22
50 55
87 49
49 56
54 73
38 34
35 43
12 79
31 28
77 82
66 47
61 86
38 50
2 35
67 31
24 82
70 23
85 33
46 75
21 23
14 81
12 79
30 74
57 63
54 11
70 39
65 58
79 67
31 71
17 65
40 2
80 73
68 86
0 30
25 22
7 85
47 4
65 24
30 33
12 0
7 31
54 28
54 49
5 69
4 17
25 63
88 45
59 87
33 55
50 36
37 36
70 71
12 51
42 19
51 13
82 4
33 76
55 45
26 36
14 87
30 88
13 12
77 78
38 40
56 64
67 70
34 79
68 81
88 0
22 41
52 64
34 81
26 46
89 16
30 33
89 32
0 84
11 80
86 14
29 56
2 59
53 62
13 33
4 7
7 33
48 33
32 87
85 51
11 5
59 42
19 61
84 5
11 79
32 72
52 47
0 19
54 5
81 27
42 51
1 83
21 44
60 48
57 61
60 58
18 14
55 41
42 13
18 47
83 73
38 8
54 20
44 43
43 42
48 47
69 15
54 11
21 42
11 71
34 85
72 82
89 10
1 51
53 51
35 29
9 5
40 75
50 18
20 24
76 25
86 45
43 13
7 18
65 8
73 55
37 32
47 65
85 33
6 61
7 8
80 1
55 87
29 10
77 66
49 0
73 52
43 77
57 74
3 74
30 65
73 33
19 18
86 55
34 23
64 82
79 22
72 19
55 38
30 31
5 35
10 52
18 16
44 53
30 32
1 63
23 12
85 13
50 81
29 34
56 69
86 35
20 41
76 18
23 12
66 27
88 29
63 14
79 81
53 49
20 68
84 26
18 8
39 67
14 3
50 78
35 64
0 69
16 28
4 74
57 88
41 9
49 8
1 89
3 56
12 51
49 86
55 4
7 3
18 27
66 9
13 78
47 60
49 35
61 73
6 28
10 84
48 55
86 7
52 73
22 39
8 59
24 63
55 37
3 10
25 13
87 25
53 73
85 71
61 85
63 5
56 33
33 4
1 77
34 63
49 61
68 33
66 40
24 14
42 9
28 8
11 27
45 37
39 12
35 81
49 80
13 53
18 0
11 74
54 73
26 48
80 46
8 53
61 55
40 7
9 4
7 12
4 10
89 71
51 32
66 54
10 85
73 60
41 40
74 46
51 5
59 6
20 63
55 88
82 71
54 61
35 54
38 11
89 76
34 45
64 25
37 79
32 68
66 58
22 31
29 30
38 72
49 8
50 6
15 17
78 1
16 63
57 2
9 52
79 49
46 77
55 79
72 70
65 21
11 78
43 72
88 62
54 5
59 82
2 28
25 82
75 37
61 27
0 33
11 62
69 30
68 71
66 7
34 68
84 9
28 68
10 58
73 70
39 89
28 45
58 65
57 2
9 62
70 21
27 63
33 70
9 35
75 19
2 35
69 13
88 9
37 40
75 59
63 13
51 9
60 40
78 27
2 48
20 46
20 13
55 29
18 89
46 5
54 19
40 88
49 82
78 53
49 5
20 59
57 67
60 64
1 31
35 71
56 21
7 10
38 48
33 40
87 64
24 27
52 82
44 57
65 41
66 59
13 44
19 42
22 68
14 69
44 30
28 67
20 86
19 3
77 52
73 7
30 44
63 78
80 55
89 15
19 26
57 12
12 70
15 1
62 28
68 47
2 27
68 83
6 20
39 61
3 64
8 39
59 22
68 52
52 58
11 71
17 4
65 72
80 37
35 57
78 39
17 68
61 76
79 26
32 14
52 64
79 73
33 29
4 49
49 52
50 79
63 57
48 7
40 47
69 48
87 86
82 72
37 62
77 9
54 60
44 1
60 51
88 69
29 32
