100万规模：
1770
1751
1770
1743
1740
1726
1760
1754
1754
1742
1733
1733
1733
1734
1736
1757
1740
1747
1765
1751
200万规模：
3555
3514
3531
3515
3538
3554
3540
3530
3504
3565
3550
3535
3550
3536
3561
3543
3518
3528
3528
3551
300万规模：
5378
5354
5336
5381
5354
5380
5387
5330
5379
5399
5382
5378
5431
5347
5360
5382
5347
5396
5387
5398
400万规模：
7202
7202
7207
7173
7224
7176
7171
7166
7123
7170
7143
7161
7170
7144
7168
7223
7192
7154
7161
7148
500万规模：
9029
9068
9055
8988
9017
9059
9088
9071
9087
9024
9051
9036
9061
9029
9028
9028
9073
9052
9052
9075
