8000
8000
7405 6465
3403 4423
69 1155
2151 3654
3701 2314
5355 1051
527 7992
2305 5520
469 4048
2673 7093
1183 2974
5792 4326
6523 2686
6382 3384
3555 7429
7504 5421
1937 1801
544 778
2151 3292
1548 1667
1029 2601
4690 4792
5609 1272
5073 5552
4258 4829
1745 7418
5440 4466
2716 1785
4683 1595
3541 4406
3829 5541
5437 7330
3684 6980
6661 939
4589 2728
7536 160
984 7072
1886 852
5107 149
4495 4485
5482 731
239 1066
5129 4364
415 4888
3689 3453
2024 6219
3849 7159
3055 1967
771 4105
4190 6185
5732 942
1936 5638
7255 4023
6471 1700
4816 5678
4478 1822
6855 3530
2649 4443
1584 4912
4370 4806
6534 251
5951 576
6427 7278
3269 3918
1838 6735
3138 529
746 6669
7223 3924
7246 2925
672 4674
7494 750
4877 6842
3872 5865
5889 4094
532 4651
7351 3505
4909 4830
3745 4865
2038 3419
947 6366
4690 6197
334 1851
2514 945
4826 6031
6974 4563
6873 465
6274 5649
2570 3471
7696 463
6302 5980
4538 3907
3605 2105
5165 475
3433 7534
6146 7271
3153 779
6461 1272
4587 7214
2483 423
6448 6736
6943 6493
520 6165
5 1315
4710 3166
4518 4647
3070 359
5570 7196
5861 765
7808 1024
2248 7744
3614 5070
4131 5525
1665 6862
7923 2231
1526 7936
4623 13
5117 2631
3566 4208
5444 1263
6873 916
1601 3378
2393 3386
2100 3364
1276 304
6995 6012
5412 2819
7286 3249
2709 878
2678 3906
4831 4137
7268 1508
6640 7490
5142 7005
3970 1864
6564 7678
5011 341
175 5869
7351 4051
11 1102
5435 2876
7770 2488
4496 6721
1645 1663
2855 3279
928 2903
1490 1915
1956 4863
5953 6254
5715 3751
2279 6211
6792 6287
4536 1361
178 4681
1715 6621
6630 955
3878 2412
7803 4196
4355 853
5272 5584
5830 3054
2093 2234
5976 5796
4583 4383
6457 4393
686 578
3853 1642
2655 5691
1800 3284
4155 5210
1164 6057
4771 2710
6872 2803
5237 6060
6811 4339
7309 722
383 490
3893 4572
6427 75
6415 5983
6363 4623
1952 1466
3756 7838
2178 7930
216 6063
3578 5864
6347 2864
531 957
7681 5374
2575 1464
3627 920
5410 2579
4280 7198
2905 4204
1265 175
3080 5088
5879 2557
3770 545
4425 7739
5221 5413
6175 2607
2449 7491
4726 5381
191 5092
4387 1572
3840 1754
5492 2379
4942 3450
2239 7610
5311 6503
7328 3879
740 234
5483 7394
3025 2382
4281 568
3351 2371
4675 2689
6656 5673
7663 6862
7874 6341
840 4553
7900 4741
0 7723
1015 3082
7196 6379
2039 3025
4137 4418
1151 4506
1386 3798
7880 5760
7384 2696
3073 2460
2350 839
5431 1531
5921 7084
1823 1302
5464 2651
3498 384
4826 7874
1952 7439
3033 5525
2992 972
1438 5530
3598 4310
3918 3524
312 7950
5930 5056
7099 7594
1895 290
5244 3374
7107 6839
1694 353
5530 864
1536 4547
3408 3213
5476 71
860 82
4739 4975
5455 4865
5003 542
5843 6326
3346 1482
5280 3550
1240 1573
5420 5744
7903 6890
2225 5307
2316 3768
896 5748
4336 3819
1084 5206
161 5937
1516 3144
819 5927
5399 7599
4240 3408
7438 4512
4770 4446
5399 4770
3953 4618
6341 3661
1880 2177
4082 636
7917 5285
3623 3367
1589 2724
1546 3637
851 7881
6133 4736
7681 6818
7025 1523
2053 5320
5636 5718
6185 3919
3523 4874
5383 3440
6989 18
1101 7352
1529 1633
234 5137
4720 476
4583 3924
7201 6171
3605 4911
2275 6706
1818 1149
286 5575
1770 6087
2339 3516
7562 2942
4059 1629
267 3187
7561 2570
1966 3215
4708 2910
1974 6668
915 3490
1011 4032
3928 4568
3190 2768
5511 5903
2386 4884
7531 7072
6601 598
1819 6163
7385 6218
1402 3891
5534 210
4134 98
6121 991
4824 404
3371 7754
2910 3646
6899 3911
2335 4043
3140 2569
2348 144
6700 4413
7294 473
3560 2116
437 6320
5779 1582
4531 6051
1843 4221
1124 1951
7747 2156
1940 6998
3492 5034
7076 2599
2354 7779
3541 7211
3061 3131
7475 4278
288 3240
4385 5932
4966 49
3668 5966
2472 1653
565 5969
6382 6150
7999 7264
155 3079
713 805
941 463
634 4132
6353 1365
7987 1630
1737 377
4162 3933
312 1313
7453 3775
6677 4140
4077 1752
7571 156
2898 501
4178 6239
1653 5171
3276 1797
2560 5212
7662 1224
7589 289
3247 513
7503 3257
4559 6330
5899 1263
5231 6110
4023 294
5080 4925
4923 843
1284 6215
1483 1678
5804 1716
4878 6198
596 5353
6625 6293
5608 3783
4199 5861
7849 62
4807 7149
3241 3010
3088 1971
7907 6624
6746 6002
4974 5013
307 5414
2168 665
6099 4316
1923 7586
4152 890
1800 7232
5292 606
395 2789
3792 2197
7971 5874
6143 6654
7993 6391
4716 2688
3824 6086
7157 6260
3740 7986
4758 1430
1871 7206
7763 3145
4999 4561
3918 5535
5149 5061
2207 940
7667 2716
7158 7556
3957 6149
2767 6569
7342 1428
5590 6962
1518 4789
6238 6913
7416 2634
7266 6163
1602 3138
1996 4939
5054 5598
7650 4447
6753 7185
1676 4048
7506 574
608 4023
4575 6933
3241 4800
1669 2709
6633 6027
6680 7244
4503 1390
2647 1199
6020 778
7444 1036
2955 6056
5716 46
2934 510
528 184
7831 1791
2093 7817
4623 1622
5236 6017
5023 6819
6635 3847
7648 4576
2382 2441
6626 5372
5618 5918
1694 189
4920 2489
2174 6573
1592 2298
5824 2572
3607 6666
3644 5663
1979 1282
2364 1733
619 5290
580 4579
1812 2786
2241 3756
7697 2203
1680 5645
4577 2920
168 7714
7184 7215
5380 7144
6676 6657
7981 7169
6466 2425
964 935
5460 5466
95 4145
3379 3342
1450 4234
7402 1180
674 5012
4726 6700
7022 3490
4419 7601
6556 4104
4623 5336
3055 7158
1761 4599
4445 17
1372 6800
1629 427
4476 6988
2571 4316
7379 173
5590 2900
981 825
4107 4528
5320 2990
4913 646
5454 3157
7939 5163
4656 7745
5304 871
1413 6487
1058 3039
1087 2718
1227 4656
1583 3788
6177 2275
2265 136
7133 6611
7042 168
6478 1853
7540 5258
5755 5036
633 5397
4180 4588
6102 7908
747 4173
3113 3388
36 6662
2484 7076
1917 4151
1915 4609
6001 5760
6585 3255
3207 1290
4838 5337
7683 151
4164 2584
5536 5663
3630 6541
60 353
890 3889
980 2437
7478 3726
5741 6305
5636 5650
1422 3369
6272 1071
4146 3524
2502 5089
3126 265
5490 4379
6670 6059
218 3329
4546 7157
2576 6128
302 7839
784 409
5173 209
6187 1464
7270 2439
3031 3014
6924 2502
3591 45
414 2217
5537 4966
6872 1177
4197 4210
5568 6348
4150 6370
7227 7296
2967 4848
3799 3824
5333 1783
3739 3062
669 7637
62 6832
6837 3772
6745 5303
6170 1807
837 3697
7719 3338
4960 3670
6899 2146
5461 2257
672 4626
1905 4796
1355 7522
5372 4875
6516 4995
4791 6193
529 941
2382 741
7740 4150
7095 5062
2655 5756
6981 1298
5472 6838
4548 6319
7969 5432
5136 1709
2560 3139
84 1320
5847 4559
3611 7517
2636 4191
825 1031
1124 6078
629 1726
1113 3595
4676 3267
2992 3388
1024 3579
1216 273
6592 7263
6337 6490
181 7120
5525 3669
5441 5501
1026 1969
2389 1511
5770 3298
1476 1945
660 5219
4181 975
1011 4340
5377 227
7393 3199
5549 6950
1191 6526
5898 6238
3488 1485
572 2356
4096 3599
3630 2606
2896 4612
228 5932
3130 4397
1791 7119
7188 3795
6754 7430
6156 1154
6458 3666
6218 1721
3398 5610
2089 1433
3575 587
2078 1578
813 6486
2938 5588
3424 6201
7953 3984
5801 6974
2993 5331
2628 4744
5635 6148
7278 1742
3972 146
5467 3055
2487 160
793 5453
343 5156
850 196
3361 3918
1784 7150
1332 6770
7249 1716
2139 7006
5643 881
6328 5600
3549 7954
1464 5562
6464 5298
6801 3117
1328 6139
5919 2302
51 4681
7461 1582
29 7621
7810 6182
4502 6979
5659 4231
3281 3230
5991 7708
2670 702
7292 3297
5349 2304
4985 5379
1989 3556
265 5489
3289 6263
6416 3939
1146 4561
4022 294
3885 3823
5072 1080
2954 5852
647 7535
2375 6678
1632 6995
2482 1498
2873 5161
352 977
3886 5164
275 1307
399 604
1410 6615
4063 5512
3618 2464
5651 3754
7799 2052
817 6555
6945 3518
5973 4546
6604 1516
2289 6505
1521 4264
6868 425
5019 2101
1490 811
7989 6391
7053 5644
4691 3104
3292 5421
6700 4674
986 7000
2828 3439
5256 3798
2626 5908
1274 1484
3394 6556
3023 7133
7044 944
1875 5444
3044 1135
2636 5581
783 2168
3711 4424
6087 1470
90 2345
6327 6187
6151 3629
2949 6888
2686 2502
7538 4567
739 4983
5855 213
6950 1523
3879 912
7106 3837
2196 6439
2462 5321
1235 6467
6484 2351
222 6567
3628 814
3420 2007
5098 3705
425 7545
5691 5026
7336 210
4797 7223
5939 5655
3769 4497
840 6464
3192 4802
1658 6709
5872 7607
1693 1099
7056 6044
1163 6790
4535 6510
2785 7076
5407 5200
1620 4182
7687 7107
553 1355
5683 7484
6066 1733
7628 826
3225 1573
4058 4301
717 4098
7507 2691
2734 2140
4345 1353
7793 1017
3620 2420
2823 2410
4959 538
7674 6871
3240 6631
1983 5210
7320 4978
7693 6413
5419 6585
4469 454
3426 2228
5020 7944
3043 3649
2459 4166
4873 2549
1359 956
4853 6394
4811 945
1307 2586
6094 4452
7488 1456
3412 3390
7635 3100
4544 6686
3431 6499
4900 1583
839 2453
5481 3499
4345 6482
2464 1718
283 7551
4285 6194
7834 1563
6630 7731
337 6724
5639 5171
5433 6148
288 7972
238 6445
855 6232
3192 578
7249 1906
2076 1344
2421 4369
7457 409
4327 7611
1156 7067
4005 4180
5873 1422
3570 5762
3031 128
786 4176
76 2388
3474 4476
1648 3693
2105 3642
7634 6153
4819 5951
3500 4728
1492 7663
3602 6882
389 1318
7457 4494
2127 605
5248 1456
7415 4025
331 6112
33 7914
483 7559
2812 1541
2957 4922
7703 2895
5184 4377
2233 7945
7602 5659
2292 2366
4887 3280
2848 2290
2112 7221
1123 2753
4130 7706
2485 7685
3773 5339
1428 2844
1991 4004
3816 4890
2745 7374
608 3433
4424 3140
1137 3625
4603 6089
3086 5228
4101 861
1905 4630
2691 4334
6399 3097
3809 6331
1912 6994
5766 345
7350 6402
177 1658
405 5333
6730 546
5839 2152
7550 4736
7576 937
4948 5278
3743 5690
2763 1355
156 4109
3615 1391
5553 3360
6481 3589
1421 212
3023 5385
7054 7850
2804 1040
7878 3346
7349 468
4814 7835
1435 4080
639 7388
1207 7156
6570 4099
6588 5690
7312 6807
2818 4165
5612 7735
2330 4632
3556 3576
1468 5820
4915 2040
3723 5189
381 924
3231 2470
4369 1616
7732 5327
4777 1587
595 5854
1217 6089
232 1452
569 2372
3158 1430
7399 6685
3236 7064
5366 6656
5255 5136
100 5632
935 6251
6767 3705
27 1774
1419 3483
240 7576
2680 3906
4767 6369
7901 3952
5938 2090
935 4016
5670 11
3856 1565
1993 2819
6748 2800
6018 4511
1302 351
1055 7697
6743 7035
882 5119
2457 7045
3044 3335
2516 5437
3095 7283
2860 5099
6182 1007
460 3020
4128 2674
1664 2475
5393 4039
1629 832
5375 2587
245 6249
3481 3356
3844 2115
205 7066
2406 3167
3342 4841
2695 7213
3677 7909
3443 5190
1839 3713
4696 3385
36 277
339 5014
3838 5563
4438 2797
1204 1721
7704 5228
5920 5039
6677 7137
935 3783
1398 620
5690 1838
6350 1649
2274 3128
6487 7996
4066 5229
2942 1626
300 4500
7140 707
1792 2894
2807 2459
5000 2381
4051 3418
5218 6968
3776 5906
1069 2988
2803 7065
1438 2442
4153 6794
4759 6056
6378 6861
750 2497
7998 5909
1609 5475
3775 5570
3621 1158
6691 1281
170 316
5326 3879
333 1924
2546 5356
4510 1750
5542 2657
5661 6078
5564 7528
7644 3133
6691 3424
1813 6445
6315 12
6391 990
6122 4083
770 6537
6002 2439
1621 6822
7962 6709
1567 6205
2507 4927
6770 187
919 4473
1756 4255
2719 5979
3917 6900
1812 700
7335 6953
3182 6393
7778 1211
377 2111
1662 7634
651 4385
2691 2368
5872 1709
2986 6861
1575 3280
6864 5502
2723 5865
3907 7432
3208 5562
4216 4767
2388 5143
4172 7666
654 2429
3623 5979
1137 543
4708 3937
6892 700
7041 5146
2337 7713
3408 600
5102 5463
4270 3825
1601 933
5958 2087
2479 4869
6370 1349
6541 4984
7185 3202
6582 5350
5294 5753
7768 6288
2355 401
3353 764
7432 6041
2489 892
7564 54
5419 482
5848 5760
3627 1848
1545 2615
6930 1408
547 7565
395 6764
4703 85
5457 947
3957 6549
7343 5164
4679 2017
1534 747
3597 940
450 1900
244 6161
3278 4339
7891 4979
7804 5184
384 2395
1675 7635
4361 3766
265 4224
5349 497
2181 3171
2121 3149
2018 7846
2571 6913
6195 2202
6314 3214
568 6251
2126 1931
5604 1198
3502 7732
1708 259
1114 5845
6155 4747
167 3848
6743 2754
1502 1344
4778 6266
4836 2801
599 1914
4547 6651
5693 1821
727 5717
6453 2412
1892 4715
3379 1920
15 3932
6321 4573
2026 4789
2129 1323
5981 7633
6242 259
650 3935
5061 7529
5932 2065
2499 3017
4099 649
4339 5310
370 6122
5747 4067
5932 2597
3541 275
7680 1973
7543 5208
5005 618
591 2347
3354 3457
7751 5689
7661 4554
3758 4732
5393 6596
3692 3551
1178 1908
7926 4452
6412 1729
5992 7102
6361 388
674 1748
459 2337
4256 4158
1550 5423
233 5192
7159 1160
2725 6179
935 557
6445 3224
7903 1054
7356 1722
2667 3340
3360 6350
2103 4564
2633 6532
5006 5099
2318 6331
7907 2577
7402 443
7715 1690
5941 7932
7531 4966
967 5344
455 4617
1899 5382
58 5536
1680 4537
7692 3862
6712 2686
5240 5018
1134 4428
7670 1470
506 6921
5079 4451
7320 2255
590 7103
188 4961
7765 2200
2598 4215
681 6585
1246 7851
1643 4795
4292 2370
4681 383
4002 6799
1751 2479
1338 594
6161 15
4693 7492
4853 3927
4706 1317
7085 2366
3876 7203
16 3549
4817 614
3047 6956
1125 7190
2872 7283
71 4353
6111 6546
1626 6413
5531 2307
3705 221
402 4244
2548 2363
3900 4059
4886 4614
5620 4713
3466 6201
4439 7528
6857 3903
4292 2819
4 6155
4672 4795
2497 3126
5453 4022
2634 3110
3671 1340
2909 192
3738 4276
2196 350
371 7106
2312 5210
7984 1328
1747 3776
236 503
4959 2521
4127 1404
593 5815
2745 7743
6279 1467
2929 1353
4816 1184
3274 3571
5211 1304
2360 1814
6191 7576
6027 4636
83 7262
7391 5596
1556 1917
445 3669
7293 3483
331 6360
2800 1146
5090 5034
2803 1004
5708 5410
5926 7037
6530 1915
2966 2961
883 6091
2941 4603
4765 6309
6459 3061
45 6529
1050 4756
1838 5905
6857 3858
7658 1662
2891 7276
2558 2865
2012 6883
2581 1383
7018 1840
1208 7075
2958 2090
57 4638
6055 3699
1499 1536
7482 6664
2915 1093
4143 621
1044 3904
4617 3982
4331 1088
6724 5738
2424 7528
4577 5289
3738 6394
679 5742
5483 1015
6359 7949
3924 82
3437 4597
2611 146
4147 4004
3521 4564
1091 6379
2928 5269
5368 6712
1692 6517
5378 959
5272 7554
7974 1067
1869 7214
1053 7210
425 609
7161 5675
1301 4560
545 1391
2588 240
7795 2062
2034 5777
7248 2457
5963 1302
2431 3334
1843 4699
796 2029
6906 3998
7429 629
6476 805
7612 1376
1025 5540
1330 3341
7760 7016
5557 7212
1532 2243
2622 6136
2079 5263
3658 3031
7931 6784
4868 1237
5035 5780
1130 1501
6326 3780
388 7921
2244 5749
407 7960
7391 3808
7348 5370
3063 1408
1872 4676
1823 7032
3446 7309
146 1780
235 2565
3338 7763
2258 850
3781 6704
2605 6090
5084 335
5673 3917
1191 4594
6869 1920
4842 5688
3973 272
4123 5761
179 3684
1931 1873
6172 398
3027 1865
1915 1747
1723 1885
4224 4361
3462 6700
6291 4770
4299 7666
837 1778
6252 7953
1605 6865
3905 5241
5673 2197
1807 5652
1562 5243
4861 7643
7595 3403
465 851
3966 6867
2574 7808
6858 6555
1834 7273
2761 3845
7595 6243
1018 4465
729 4163
5247 6133
3855 7872
3153 6075
1139 7077
2080 1371
5078 3942
877 82
4586 485
5477 4026
7105 3709
3152 2600
3242 1338
5680 1626
5423 1142
5877 6051
29 2914
6430 175
5170 5525
1434 36
2147 7433
1962 3324
7911 7528
7447 1183
2099 1644
3194 3385
5432 1011
6049 2441
7622 5698
1389 6566
2249 6995
1511 6748
835 226
5807 2811
452 4874
898 7326
3791 5829
5185 5124
4070 6799
4466 2599
4747 401
5454 5740
7320 6189
2486 6788
5446 1717
5036 7102
49 6191
1926 3318
164 3261
5099 7184
5632 3694
323 50
5747 7371
822 5200
6026 6824
3495 6100
7686 3479
4512 1611
6397 4020
5471 4380
2864 2994
4750 7793
5283 4042
7332 7593
861 405
4488 1614
7066 4110
2017 1406
5710 2172
1959 7409
4299 3713
569 3708
3699 4497
6626 6814
2744 3111
3125 3273
5994 5155
3621 7135
7452 2345
1486 3197
841 2525
1228 3260
4594 3224
4722 7946
1947 1915
2744 2094
3108 2351
3052 668
3975 4267
5038 7764
5095 6214
7297 4016
6169 3098
522 1249
177 3456
7342 4308
3728 3590
4789 3463
3817 6047
1741 3627
219 4248
7435 3684
4535 3207
510 7670
7261 2170
1358 5957
1867 6819
5085 2941
1211 7433
1708 6652
5629 5151
1176 4449
2398 4527
497 5787
2186 3609
6352 613
2608 1181
1369 3657
1683 165
500 6262
1662 5409
33 3492
1140 5654
5282 3853
419 2341
1150 5034
3244 585
7099 3610
7065 3740
5442 3123
260 7357
4256 49
6824 183
2962 7289
364 1340
1919 2076
5237 854
2989 30
5876 4032
4479 7036
502 6497
5661 5181
1940 670
2984 4265
496 5667
1076 5084
7925 1932
14 1791
737 2175
6082 7787
196 3130
6236 994
3840 6893
595 1063
1077 1318
659 1917
2646 2103
1195 4278
3716 5138
3868 3294
4865 4364
2405 7270
5131 5627
669 4119
1518 2001
5566 7107
1879 4364
4111 857
140 2678
1239 5768
4030 196
6577 3678
6751 2720
715 1436
2735 6606
4986 5374
7404 6148
7354 4401
3863 1330
5276 3216
682 4262
7713 2717
6922 6044
3841 4245
3159 6485
2213 5473
6446 6374
1490 3896
6118 5991
4850 6995
7693 5570
1143 7474
4406 6803
3830 4412
6963 6483
6740 4644
5014 2984
2831 5749
6832 4969
4291 1133
4551 2750
2839 61
7960 2702
558 5754
974 5887
6931 7731
1075 1211
6141 3124
4607 422
7732 3004
6746 1688
6375 260
4837 4286
6203 1452
2026 2449
1534 3310
5980 1380
2188 6505
5512 13
6904 7133
3175 7299
3410 3148
4053 3239
3274 3289
3216 3850
6116 1455
981 609
260 6933
3682 872
5410 1648
5000 766
4303 4151
1175 6137
7622 608
295 2044
3264 2367
1799 936
2427 4579
4960 6834
6879 6673
547 2510
4565 6335
1635 3255
5257 943
4310 7258
3736 5386
2059 1176
2692 5130
7925 6959
3906 1029
204 471
3851 7928
1218 4370
6211 2417
332 202
3791 2923
6567 5129
3123 5335
4147 488
4262 2553
5617 7498
2035 4314
6608 6359
5159 4360
429 3146
4466 6331
7176 35
5533 6428
834 6072
1466 5832
6301 6441
2886 4390
524 5448
6431 2235
3991 6951
2881 4315
7279 7093
2453 4149
1405 3637
3926 2645
573 3639
356 3021
5390 3761
6325 6689
7005 7399
5077 3457
4809 3636
5254 2564
2985 5923
1046 5355
2502 723
6739 7173
3136 6347
6573 3053
1102 918
3986 1854
4283 6787
6347 6153
7270 3494
1224 7451
4843 3305
2653 2974
3518 4720
2456 398
1354 6526
6092 534
1772 4070
3951 125
2645 4483
5289 2304
6393 3866
5313 7390
4411 7019
4225 2560
3177 7784
1137 63
3255 5043
6124 2293
7505 3329
6959 5196
2607 462
6021 3841
6902 6717
262 75
1020 6044
32 3090
5000 613
2974 7816
6618 2167
7929 4497
4749 5232
1694 6793
6055 4772
1158 4923
4205 3628
2948 1641
3533 3539
7102 4238
1916 5402
5826 4120
404 4427
4525 3732
6873 703
7966 3604
3017 7020
1288 6022
5071 423
6672 1217
1 6056
4557 5817
6923 4024
761 7716
1256 6247
4549 3812
4771 3936
3351 4615
6792 2460
3846 4072
2129 910
1136 2599
6470 3243
5449 6363
1493 4652
4187 474
2653 3822
7499 5669
2500 4674
816 3705
2408 7323
4826 1534
7010 7160
4894 2670
4835 4179
2081 6286
5560 558
260 907
1133 6499
710 7934
4155 2210
566 1239
7703 6165
932 1791
4893 4546
6133 4500
732 6454
7206 3368
3393 4847
6209 1797
4483 3193
3624 7930
6869 2817
2689 7933
4444 7865
2606 1882
3482 5996
782 5426
1223 1631
6288 2345
2020 4773
2497 7671
6690 5870
5008 1169
6422 1111
434 7725
1881 2532
1031 6579
915 7110
162 1720
4197 2540
5338 7041
2002 232
6845 1084
6916 1699
1076 7462
5489 6687
3146 3840
3661 3605
4151 2821
5075 2288
523 6903
3371 4242
2687 4039
3946 7861
1565 745
2326 18
7149 3457
2243 3189
1602 1514
2911 4005
6378 1851
1258 1914
1245 4635
7583 3986
3640 7094
667 2706
3271 5732
4960 3304
3012 5481
4607 1481
62 7572
5966 3778
6740 4173
4357 3871
1317 6127
1754 7546
6676 3980
3836 5948
113 1261
3669 340
1284 3784
6746 142
5672 1684
3144 3909
1224 6199
614 2682
7475 5585
752 2297
1583 2613
495 570
5367 2730
4943 949
3232 2067
1009 6121
2232 3976
4800 7187
6143 7115
1017 2293
1404 1155
7972 6193
5333 2200
5282 332
715 1967
6414 4088
1850 2402
1874 6808
3331 3022
2471 7308
5366 3469
106 1309
4240 5314
284 4837
3455 6531
4852 6618
3645 4506
7406 6689
4761 6580
6896 5234
1988 4344
1167 2847
3341 6816
6878 4193
4539 6052
514 3005
2954 6838
2805 4678
2266 354
2188 2323
1035 1337
1683 4795
6972 331
1510 4033
5261 4567
2076 3861
264 3871
3536 4920
166 3966
5429 6427
3016 4451
7031 4657
1160 5484
2770 5802
6408 2401
6691 5908
192 4540
2518 3581
2093 185
4560 3868
6055 6640
7345 6303
509 7873
7988 7457
7203 3288
7031 1646
7284 2852
4523 5398
7069 6825
698 4438
1611 1865
7406 6196
6598 6073
6912 2960
2418 2139
896 2190
7220 4488
2331 6681
2939 4780
1331 6388
5355 2775
6519 5518
3587 5950
1203 5163
77 1556
5635 5038
2089 5237
1484 972
3979 3068
3372 7868
5218 5183
7808 3305
2280 5592
4491 3215
995 6899
6485 3106
2309 1030
94 539
3175 3182
1352 5856
2855 4463
4479 2151
3162 1315
3378 6413
6776 4900
2427 6736
4766 5438
4565 7431
3507 4324
252 6434
6362 3586
4174 305
41 1917
3921 1444
187 5851
1355 4063
6247 7818
7641 4440
7551 1630
181 2917
1990 5297
1881 5705
5750 4816
6595 62
5250 2914
7872 2630
4513 7321
7980 4462
6210 6326
2325 1118
5893 71
7369 650
3432 3810
7902 7137
190 5433
4017 6332
4373 3845
3066 6954
3228 7943
6428 3380
3888 3195
6082 3538
6742 3351
7083 7779
687 3773
2295 7206
2737 2752
1202 2065
935 5318
842 2010
842 3368
1774 7544
1267 657
4488 3251
7872 7716
3436 6424
5292 7061
32 3048
5850 393
4331 1914
3455 6393
1846 6565
4703 4221
4835 2166
2529 3379
7291 2580
5554 705
415 4029
7802 4989
5990 1891
2606 1510
7548 5214
2920 14
6914 498
396 2279
7128 5117
6212 2078
7550 2227
3019 745
245 5799
2308 5860
6260 2663
7814 1708
601 5070
7885 6216
460 5096
3587 3484
2468 2853
5305 5663
7458 4948
4432 4825
5231 6216
5114 4219
1737 5209
5962 2256
2218 997
1901 7467
1497 2398
3990 1055
5488 4492
5278 2974
3762 3291
6267 6533
7877 7179
3522 7789
1932 1736
7154 3139
5785 699
7235 5545
4964 686
4715 7451
1121 5306
6759 4781
2727 3169
3384 5055
7730 5487
4409 1493
2148 2291
5096 3083
4874 4403
3598 2095
4080 5924
6353 1685
4228 6477
1490 3549
5224 4297
6351 6595
562 7333
1418 2501
5564 937
48 34
5520 403
7290 7843
6560 2818
5509 1769
5402 7967
6553 1539
232 7910
7579 1649
7317 3696
2553 6203
6876 698
353 7594
4717 1221
6654 4830
5833 3888
5730 94
1871 7311
7491 2649
7069 1311
2891 3568
7642 2191
6055 1346
6580 4981
4832 5597
1239 7540
1732 3528
854 1376
1585 6916
534 6169
4117 5076
856 5657
6043 1351
3194 2726
478 5179
7692 1019
6095 6645
2455 5622
1279 2124
1000 1205
3761 2626
6251 5151
659 6973
1105 786
1317 1809
941 3549
2780 7396
3026 6858
7751 4169
5931 4828
5442 944
3531 6983
2777 302
5829 3158
5494 4867
2539 1402
5125 1874
2827 1532
4516 6825
7182 5214
6875 1522
7559 2561
2964 836
3468 4971
7289 2008
7928 597
4093 6928
5217 4973
861 5551
1056 4905
4699 6248
1091 1407
3423 5278
5628 7879
1186 6642
4694 4872
7101 1882
1538 3064
6281 7751
6468 5038
2269 474
3551 2040
7475 6141
5891 5052
6768 3618
5467 752
3526 5910
139 1698
4451 4206
235 4784
7097 258
5409 7677
4230 7492
3094 7213
4282 774
1492 734
3178 2245
5244 3198
7266 4287
4846 5035
6379 7791
7457 710
1820 105
3608 1864
1922 6
3738 2552
7979 1748
2693 2564
7140 7886
6241 5935
7898 252
4011 708
3886 4342
1651 6788
4907 4461
6636 3934
2096 1999
2634 1957
4004 6538
390 2697
7449 1391
675 1192
6888 3310
3446 2971
6724 2665
77 5885
781 4372
6183 3565
6357 7307
5380 4252
5078 7393
949 4940
3651 996
2501 2871
4528 163
7676 7560
4071 3676
6559 797
4934 1450
1150 4941
276 5042
6517 7751
7801 7326
3832 6786
1273 4274
216 4737
5669 7916
7176 1836
2766 991
7403 5497
542 2568
2005 2290
151 1605
3324 7332
2312 5936
3784 5755
4977 7613
933 6485
7677 1990
5590 3524
2197 1193
6750 3195
425 6294
7427 7730
3001 7399
5113 5478
6108 1891
556 5435
3698 4577
1069 1337
3159 4829
6667 5590
4032 6455
2547 631
5466 2404
158 3790
4671 520
5047 4006
2740 5921
1383 1017
4363 1275
4557 3596
3874 5257
5343 2211
1493 6075
1753 1334
4166 1808
1179 3421
530 1042
5743 91
5131 3116
1086 7271
5359 4795
4667 3938
2186 3213
6445 1339
4589 2904
2202 5766
7671 6107
4373 3691
1731 1
2577 2793
3449 4923
55 2977
1411 1920
6553 661
1991 3829
51 7413
3431 5637
1045 7750
4608 5377
3112 7397
2226 1580
357 3778
4788 5783
7005 1000
4475 7551
4944 3350
1500 6407
2851 3221
4103 7157
6635 1566
7639 6478
2716 5115
6156 5664
7188 6934
3727 7717
4374 5947
2214 3997
7078 577
6220 810
434 1819
5772 382
958 121
3234 7558
6526 4660
2558 5379
2705 6156
6231 3488
2710 17
3760 3879
7427 4858
7240 6673
1938 2676
3431 3043
7177 1157
675 1907
7334 4779
5435 3774
1912 3401
695 2210
1540 1489
6671 7489
6878 7472
7025 326
4825 1225
3115 4893
7405 2951
890 148
3307 6316
4055 202
1757 808
733 7592
7556 22
7252 3176
236 5903
6765 4937
1418 2783
1302 3667
5711 6457
7733 2931
6068 2253
2274 2495
6710 459
693 1274
6540 447
7168 2972
4158 6469
1664 6626
3883 4597
1040 1079
4042 3234
5150 1337
2649 2697
1070 3815
3807 2634
1612 7728
2116 2420
5502 4686
2275 7512
7965 4923
7212 177
2936 5261
393 4842
5564 6992
4754 2800
4013 7229
5442 4143
7171 4553
3057 3286
5110 2024
4271 2584
775 7482
7924 1619
4097 1953
2771 2444
4899 3812
1727 2180
5323 4512
3230 4744
7642 1632
2886 6734
4476 2020
5851 1360
4178 4522
3987 6039
5313 5086
4830 1843
5020 618
1450 4306
1605 6863
5405 6496
4663 4165
3875 2032
7438 4881
2513 5836
7433 7861
1138 4396
4289 6800
6269 3413
6246 7355
2812 2822
7363 1345
2593 7868
7894 1245
797 6525
5089 1803
4919 4894
1085 2244
2273 131
6504 7184
5547 7423
6356 5543
5429 6847
34 7472
4958 4280
5327 4902
23 7691
6538 3554
662 5541
6195 6362
3360 6340
4157 7396
7467 5006
3001 4759
2851 7397
5602 2401
7830 6618
5882 2781
322 5097
2519 371
4797 3625
7501 6085
7148 6277
6863 1202
383 7035
6610 4201
4282 112
4134 944
5300 7972
4613 3533
4491 7568
7753 4029
6829 5592
994 3633
1973 4755
2595 4134
1638 242
3583 2268
5928 7808
7882 3873
4011 4194
6423 7622
7541 7569
5661 5225
2774 7386
2562 5730
5059 3550
3389 2514
2410 2746
207 3876
4868 444
3606 393
7400 5298
6967 5763
5921 4461
4628 1828
3443 2837
1490 3109
2468 5415
157 5024
1443 5472
3220 1367
3273 2061
3840 4193
3449 6246
1350 5949
5489 4425
1088 7473
5890 7574
5573 5268
2409 3654
7707 4011
707 3933
2187 5333
1335 4707
6971 7232
4051 6236
7532 1291
7284 3567
6803 1394
1081 1058
4414 250
6931 3664
4056 7663
4361 6257
792 726
6133 1097
833 2827
6666 6167
7677 6461
5104 5649
4064 7998
7632 4145
5915 3932
2239 3200
556 2316
4284 3402
4477 352
5947 1095
1384 3801
2320 3433
171 1563
4127 3594
6356 416
2497 5838
2692 1268
4111 2505
4790 6771
3294 5406
3957 1710
471 7436
2121 3685
5656 3741
1745 2295
5506 4129
3739 4900
4089 2063
110 7733
1958 483
3518 4245
840 6790
5600 1178
3432 7044
2940 252
3377 1344
7006 820
1421 7033
6656 7017
1046 2559
249 2300
4191 7463
4527 396
3607 577
815 5753
973 1916
6749 3251
3586 5982
1287 1268
3218 539
7825 1547
1559 7802
3587 6547
7552 5136
3092 5774
4328 6336
5252 5425
3227 4410
1203 7251
3880 5858
5991 5324
7511 7765
5097 1885
1672 936
6647 2855
2951 5416
473 4691
3426 6219
1457 6759
5805 5907
4480 2836
6034 1324
3862 508
4505 4015
2933 3962
3897 7833
1513 4147
1276 146
2144 6709
1215 3184
7588 5003
530 7872
6436 5451
89 6529
4283 289
6408 6469
333 4165
6854 7183
655 6272
6428 2603
6244 5738
5628 7802
123 6069
4139 6741
5929 2096
3343 4114
7881 5826
4292 6605
1199 530
178 1520
3599 777
5948 5082
2714 3861
567 2146
5527 4093
4952 1732
7557 7634
4955 7446
507 4332
297 180
851 3534
3241 272
1777 1362
1930 694
5005 7119
1081 2361
7277 1304
3130 3708
510 5688
5913 3581
1445 5104
3505 5304
6460 2299
4773 5831
7935 576
2197 3168
814 7916
7199 5136
4909 6807
5885 5817
3929 2014
7810 1915
1641 7038
6729 4515
2424 6199
1938 5725
3235 6415
4318 2661
4139 3068
4650 4168
5052 1135
1343 1415
7880 6259
4869 5523
1929 7796
7804 2599
6234 3792
6477 7865
3418 2723
1639 7039
7401 2209
1445 5935
6183 6707
7693 3583
4081 2200
6173 1042
7034 7055
5136 5863
7624 3187
7690 4704
4622 4337
14 4917
4487 1696
4237 4629
2649 2203
5118 1562
286 1358
1105 6390
7585 3796
5763 722
424 6631
3194 3245
127 6155
7532 3600
6618 7193
299 1331
6326 7703
3752 4399
3452 3551
2158 1030
818 2517
1844 5850
2717 1581
1113 7319
991 5269
187 2720
1076 1910
6139 5847
527 312
5098 6400
7582 2886
1152 5651
895 1876
4136 832
7497 5945
6399 522
192 1965
4238 1670
4637 6723
5771 2292
6705 1893
5594 1200
5136 2406
6257 5253
4988 5053
4914 2136
2841 466
2627 7385
1541 4784
191 4481
4438 1044
1839 5266
4475 5612
3287 4372
2100 6865
6482 5729
4579 3008
5559 2815
3327 5001
6009 4791
6353 2391
3022 1802
7195 500
5483 905
1986 5178
6124 4794
3374 1281
5673 6861
4878 6119
1585 5312
1915 61
7653 5343
2275 396
5069 4072
7888 3553
1249 7399
2411 3302
2575 7508
3308 686
2270 5201
4731 7578
4292 304
2649 6331
2511 2524
7082 3807
2132 4457
1386 1162
6032 7212
917 6876
6549 4841
1983 2649
6210 5972
4579 4054
3118 3744
6354 5444
1731 5549
5264 4826
4271 5918
4568 2410
593 3423
4060 2378
6110 3800
4349 4986
1015 5216
26 598
4979 6609
4103 600
3414 4271
3593 4684
5965 4034
7259 913
410 5336
2674 1476
7674 1790
6643 1573
177 3009
6056 2419
5473 2636
3635 4674
2871 1891
295 6295
7430 4794
6930 5142
1619 1236
6465 7524
2660 5424
1452 6073
1807 6407
648 5969
4888 1239
6529 3965
7688 6630
5544 2667
1527 6975
987 5260
3885 5390
810 6970
3443 1860
2846 2221
4348 3022
1610 1487
6055 3929
2268 2521
5438 1891
4944 1510
6407 7943
1396 3191
7572 1603
4789 3936
3357 4825
6417 5054
6873 155
3161 7263
2983 4812
224 56
3492 2270
7736 2635
670 6508
5273 509
4589 7666
852 1153
6242 5319
864 5044
2797 4058
2630 2670
6518 5872
2685 6747
4120 6709
1981 2461
1942 3736
377 1514
1614 5904
3650 2639
7518 3882
7087 3559
4390 7955
5172 7475
7210 3545
6251 4540
6026 7395
133 5807
1189 1411
7475 1593
6462 1265
1682 3846
510 4801
6061 12
5911 3504
7797 4522
1594 4981
1814 1451
3578 256
3295 1269
6548 3671
3087 6609
1625 6180
5277 2231
6221 1304
4964 6211
149 2927
2584 5153
6880 5075
3483 3157
4454 6148
5818 7367
1518 397
5990 7067
5472 6050
6144 6759
6722 1677
5962 5264
3189 218
3092 1457
2731 933
1725 1406
2779 7251
1650 5676
6115 2564
5586 7003
6101 5100
7450 5690
1375 7724
3646 4214
5967 1418
5215 827
1644 756
6387 1596
1873 1169
5150 2341
4757 1016
5278 7576
93 2016
4055 3189
7441 2020
5397 1853
7487 6406
7143 801
7244 886
4197 113
1227 2064
2008 6141
3561 5157
5507 863
1665 6801
1392 7692
4152 4600
7867 1495
4454 6978
5780 4065
5709 5808
2759 5333
3226 598
3866 5644
7293 7322
5619 5202
3400 5543
2366 2954
6637 5241
1634 620
6951 6494
2407 716
6538 846
2803 3
5350 1293
6476 2779
1450 98
230 4339
1371 5379
7953 4097
4825 2555
7544 6436
6262 7691
7588 2358
4896 4126
5000 3021
4075 2388
6437 5809
4908 4949
3186 6509
6858 3799
5194 1080
4456 79
1262 1897
1865 3739
4460 1828
808 3844
6963 7718
865 151
5395 5982
6493 5905
6859 6851
6016 3556
3917 7705
6156 961
6802 3172
3330 7606
6544 1540
1551 6995
2792 5762
6538 4313
5253 7647
1446 5808
425 5762
2842 2983
509 460
2137 4903
3279 2155
4246 6151
365 2838
2383 1831
1751 6606
5529 2354
3447 3297
5457 1509
7199 2989
3060 4366
2270 4713
3794 3372
7304 70
7804 5913
7160 2794
6053 7598
1016 2320
4961 1025
3111 6015
4246 4795
321 5883
2122 1366
242 4422
1382 2567
571 6222
862 7299
5644 5323
7391 3061
6960 1681
6713 7033
7560 7889
2434 5872
3928 3782
1840 2102
6715 3345
3052 270
3190 4311
6306 6881
6006 7104
3933 4328
5668 6491
6944 7215
6276 3851
677 6311
7922 1284
644 4658
5010 6295
1446 5309
6228 442
6394 5469
5630 3381
7040 5294
401 3741
2496 1424
5264 3890
5137 5598
79 667
3905 2146
7835 2683
5387 4227
4441 7823
6084 1289
2284 7177
675 2773
140 3670
6383 1273
7519 5230
5139 3832
7063 1433
4814 4009
1729 6317
2963 4487
6590 5930
6388 7623
2361 2314
920 2728
6406 2815
5406 685
3967 906
7380 3766
4640 12
2082 3625
2905 2179
6393 2055
4448 5802
5918 4781
1092 7064
749 3326
2356 6842
3975 5289
629 7768
4759 4300
6024 7390
372 7399
6166 165
1268 940
6563 6131
638 7458
3935 3432
6648 7897
4729 1947
1727 2635
4111 332
3370 317
7800 2934
4039 1843
738 5125
6016 5437
6135 4016
6324 5925
6750 3855
5704 705
3183 7666
79 169
6946 843
2461 117
350 17
4744 2804
5517 5246
3977 6689
1581 2974
6697 1632
2464 5519
1648 2954
1696 5321
245 1031
3345 3329
6910 7965
3586 2271
6733 7073
7222 3415
521 571
6645 3241
6459 7927
3876 1562
6528 7283
282 3756
166 1364
4116 5044
647 5554
2391 1614
4473 4126
7735 4364
594 5330
3443 953
89 1966
3197 353
4213 486
2706 4237
3010 4240
1468 442
2426 1362
1221 7239
4498 5783
4932 166
6303 5350
3482 3506
6629 554
858 3387
4595 60
1736 7216
4477 213
2100 3714
3203 289
1999 5396
755 183
4220 7671
5743 6911
4985 96
7239 4945
6225 4957
6225 777
2506 4770
6361 5795
6236 2901
6453 5357
3548 5717
5429 4381
3218 2578
726 3831
851 5254
2268 5055
5783 79
6662 7167
1295 2517
7214 5771
109 2358
2352 3952
1612 6679
7174 7529
843 2667
2003 4303
6153 3302
4490 6807
6380 1529
6843 4461
6014 5311
6834 5375
4501 1842
7565 2300
6997 5955
1210 3928
3316 305
5403 7289
872 2003
1539 6901
4969 6285
3395 2764
5041 2509
826 6424
2524 2565
7586 7783
7644 3404
6931 1759
5949 30
7012 4465
7147 2037
1550 2045
5380 4282
5034 5197
4955 6155
5048 5926
3709 2667
3342 2884
1081 259
290 906
4178 5322
518 96
3512 3095
2023 5094
5430 1051
2399 4584
4111 7771
6751 4822
683 4672
5893 2282
6256 2006
4129 4366
7934 5231
1513 957
892 5724
1102 7136
659 4816
48 4739
3888 4461
7793 6962
2543 7307
6033 82
5115 1462
2357 5360
7119 2920
1794 6987
1911 498
2609 2927
762 1896
4250 7055
7608 7524
7209 2280
6508 3661
7177 2208
5620 4040
6054 6431
6060 3823
5005 6158
2294 3593
6918 7957
1546 6205
7401 6345
3453 2543
2143 7413
3162 1982
7370 4317
3279 1271
1109 1469
2657 4466
4576 6005
6914 5074
4667 1115
1545 7370
2105 1313
4005 3138
4296 7145
7877 981
296 7032
2522 4802
2743 7635
4971 7418
6842 1184
4591 3044
7706 3355
5423 926
5947 1694
6851 412
7083 2026
3836 4062
3330 2002
6042 5872
334 2164
2434 7659
3178 7469
2305 5343
1844 2430
2805 5639
6376 3895
5992 5738
5569 6495
165 4339
2872 60
1387 3228
4192 6489
6880 6390
6889 2251
605 1540
4389 5254
6925 5254
5165 2465
4833 4793
7200 3443
1722 2894
4137 3851
4159 4576
4394 3807
880 1534
6870 1582
415 425
1936 7113
4092 4118
1021 893
4552 4268
2166 4659
3332 3901
1501 7421
5156 2713
2959 2997
355 1489
6827 3015
580 5773
1132 7009
4867 5071
7100 747
275 5245
7341 6127
7270 3176
4569 1864
3573 5284
3662 6533
6544 1818
7858 277
6995 6990
2904 3694
4070 7011
7465 6021
1851 1121
596 3354
6986 1644
2365 5773
5378 4997
3001 3756
384 3981
2572 1224
881 6217
2367 7940
144 4987
3585 6165
2643 6269
3204 7822
4576 2809
3371 5336
1747 5667
5508 7681
7597 6113
6215 7773
4160 3211
1477 48
7622 7338
7149 2459
7076 6341
6881 1027
3451 6517
6087 3242
3218 4603
1394 2413
3711 3773
193 7236
7029 5616
2117 5943
1995 5237
3067 1846
6936 4118
7027 324
1211 5686
5407 1159
5715 6380
5419 6493
6752 7439
3757 5962
3568 6258
1072 7602
411 5514
5562 4514
722 5071
683 6021
2564 896
4279 4063
3868 5376
3211 630
6900 288
6082 3286
1184 5294
4059 5370
4816 898
3342 6400
3738 7020
7650 4857
419 1367
3585 7855
6697 2269
1256 5105
7097 4529
4908 3538
5670 4356
6728 22
3199 3884
2683 6208
1744 7474
6506 160
1027 4242
275 137
3658 7144
6504 7175
7980 4615
3337 4764
3656 2737
5844 1446
2834 739
1633 2129
3272 112
5195 1437
4552 969
3363 4448
1984 434
5042 7472
3784 7681
4959 6209
7141 1678
7537 734
3415 5166
4110 5133
5380 1560
1362 2627
4507 3572
3894 1969
5586 4887
6023 2877
6877 7707
2035 7025
898 3492
7370 60
6233 1032
3543 7939
1587 4115
4296 3891
1095 7268
5773 7975
1376 2248
6162 624
7182 3945
2670 2884
3141 6588
6101 7832
7831 5512
7269 6084
7039 4112
1915 3959
824 5701
1035 5132
7823 2775
7062 431
3325 3364
549 5022
1409 7686
7872 3852
4837 5473
50 3920
2907 443
958 4059
2840 6754
2038 275
2288 1634
2985 463
562 7078
5130 24
7297 3888
91 4978
3418 5409
4709 3826
6112 1349
4896 5857
7736 5878
6672 4049
516 4893
3422 6627
1472 537
5825 548
1823 5165
117 2591
682 6206
5788 1161
2722 3023
344 354
2746 4623
2082 4894
5131 3445
7123 3469
1238 6025
1971 7933
1136 6042
4218 4323
4635 3944
5628 1507
1184 1847
7630 7731
4359 123
1231 4456
4198 877
6269 1864
5525 2772
231 3084
4295 1194
4179 5843
3364 7199
1075 7667
3217 3728
4379 1462
584 683
6412 5994
6539 172
3491 6306
3935 5582
3291 2812
2611 4440
469 6748
2116 5170
415 5743
4340 4805
1592 5067
2831 481
2467 1369
2891 2152
2608 5279
5333 5421
3144 571
4426 1621
6628 3158
5951 7253
4817 2738
4094 3667
2600 7355
4333 7588
2561 4601
5628 25
854 5218
199 5766
4703 3630
6469 6339
2326 649
2908 1092
6445 6727
6715 5481
3445 2466
4145 2827
7523 1599
6955 2620
931 3888
7842 6020
1725 6990
5011 5446
4491 2080
6458 2672
1800 304
4853 4687
6646 1419
7293 294
7205 332
6824 4751
3220 1658
5972 1228
3713 5628
6785 4986
466 311
2018 7044
5944 1411
1447 1009
1445 6358
7115 3251
3150 2887
3715 2589
1382 3844
1177 7699
71 2209
1571 4469
5087 7128
4582 1623
4523 6378
7500 968
7309 1102
5287 1158
7353 2403
7914 6525
6844 3695
367 6818
6254 5633
7241 7806
6787 3983
762 4634
2980 6313
1046 1604
183 6943
607 3288
4791 1515
202 4786
3070 4897
7024 2042
2222 5250
2453 3234
730 544
6813 3650
849 2176
316 2825
1863 2226
1463 2151
1114 6825
3615 2574
478 3327
1160 1227
1741 178
5604 1368
2709 4567
5455 765
1400 441
6794 748
114 5076
2894 5120
4852 2608
2464 1291
3460 3226
6162 1064
5560 415
5754 1483
7426 238
4227 2709
3278 5924
1821 4690
4892 6070
2001 2069
5354 4479
1363 3087
4141 4949
3300 2956
4848 7573
7542 3310
4268 3325
3481 7431
1655 6513
1885 2257
7147 3433
1331 5456
2781 3435
5957 1165
5332 7645
356 479
6432 2198
462 4258
5751 31
5958 1849
6682 6413
619 7161
6664 1940
1044 4948
2866 363
3402 1231
588 1978
1423 2082
3845 4673
5508 4470
4797 2458
4886 1530
571 1473
4889 1699
5481 6741
2535 5107
4874 684
6321 7825
3196 5025
2441 5697
2264 1410
5606 1874
4504 6570
472 3938
1555 5722
4 1618
5467 2649
5581 3378
7103 4452
146 3238
6809 2553
7628 4438
2218 5664
7832 7407
6406 3366
85 5615
946 5602
6739 2797
2717 2346
2934 4927
4215 1934
1100 6415
1146 4091
5258 436
4568 5342
7598 4888
2370 5574
1317 6261
1404 3953
2734 4861
4750 464
46 6453
2597 6169
3927 4047
115 841
7969 7628
822 720
615 5185
5465 7920
837 2874
4002 1691
6526 3051
1967 1659
1490 1272
1206 2470
5360 2236
2293 4653
1749 5280
4247 3841
3084 4198
961 7895
2208 1410
4017 2626
660 2324
2004 4328
5203 2809
2618 6098
3934 6181
6820 5151
5272 5558
2520 6787
5432 3333
4571 6199
5583 5579
4457 7885
6953 3814
1683 6270
2672 5286
6628 7620
6129 3133
1625 3920
3025 5305
1630 1129
4355 3912
7126 5132
7473 3146
3213 7233
1279 7601
592 4650
6157 2449
1140 7686
2337 1468
2623 1967
4995 705
5978 6979
2389 2846
6055 6632
1927 160
434 7512
4275 3180
5408 7621
5064 262
4247 2768
4964 3292
2558 1247
4197 4613
7148 7306
2758 5288
2819 1868
4313 2711
3219 4941
1951 5397
7173 3304
416 605
6786 6649
1278 6447
297 3142
3875 4806
3831 6468
3370 2138
5595 2261
2906 5809
4726 1686
1634 7945
3136 107
2905 4125
405 2808
1255 4106
2224 4422
3027 2318
2380 4378
650 594
131 450
7397 210
4761 6856
5282 3293
178 5311
118 5632
1905 1397
2197 3451
4857 1965
6542 7180
5149 6923
6829 4314
4106 2349
3319 532
5686 1644
2026 436
3807 5305
5283 5967
7877 7948
265 3638
6963 1436
4031 5300
3224 1307
5337 1479
4916 373
4655 7853
7953 1289
1696 2557
6049 1441
5778 6812
5047 2379
760 7524
3967 3181
6189 2135
2924 2415
166 2703
7362 1233
4359 4486
4476 5560
5807 1512
4134 4623
5469 2740
1080 6853
968 5812
1924 3879
3134 445
482 2621
7000 4608
5330 3577
2844 3943
6730 2506
2553 5398
1423 7149
4469 3105
4554 6155
6363 7735
7377 1675
363 6824
5591 255
6694 4447
6087 5756
7380 734
739 4220
7035 4306
6311 7231
7585 7708
2940 4359
7939 6911
2512 4050
1028 1880
7957 1803
6068 7130
6273 1388
6724 5100
4977 1772
2864 7360
7872 710
6753 6207
6556 5782
972 2388
270 2579
5074 6360
233 7311
5605 5305
455 1338
1507 5892
4439 3095
2260 5010
4701 6668
7191 4405
7350 1703
309 411
954 6314
1706 1045
7247 573
3906 2952
2209 1240
1581 7803
6948 4102
2001 3026
3933 1080
7351 2767
1209 3381
2680 1317
2496 5276
2534 5003
4275 5884
5848 4948
2011 3172
6099 5752
6104 3871
5938 3960
6526 6716
2720 3532
7303 569
1758 4745
7757 2054
196 2916
7869 839
188 5927
6190 2708
941 6858
6499 652
3087 7458
1586 4041
4284 4536
1809 1392
1030 1549
6300 5706
5533 1895
2697 5353
6654 5012
1411 7820
4063 1320
3520 1813
4384 6726
7300 227
1036 6349
2835 6141
3767 6095
3225 7838
2644 7628
2208 6253
7500 5592
4488 7293
7972 701
533 7394
939 506
5139 5849
348 5423
4854 3941
203 3195
3518 4384
1611 534
947 4150
7022 393
486 7863
467 3847
7438 7835
578 4085
3354 6760
211 3848
3409 2264
3750 4242
1400 1388
3551 766
6617 5003
5830 6310
7117 4818
4630 3338
7104 4971
7467 2467
7211 5658
3099 2319
1639 3328
1585 407
2879 3477
4482 3123
4228 5844
4546 6205
2488 1996
3967 1061
2324 2242
286 6109
6824 5248
4622 3560
1649 2037
7908 6904
7585 7575
4637 6175
4340 6493
3322 7823
4347 6274
2197 1686
1970 3691
975 1439
6014 7320
7852 2473
3666 4113
3683 1594
6163 6750
3140 6505
3859 401
7906 5657
3603 1822
6675 6646
7177 1915
5176 12
7955 3753
6894 5945
3736 11
4338 4756
6852 1813
5819 6123
178 7699
1044 2997
2926 190
995 4274
1011 7971
1676 2869
405 4726
3732 5807
1002 6495
4130 4564
578 4462
3522 7003
5369 4708
6660 1786
4297 7115
2607 1402
3617 1378
1072 1284
725 1613
441 952
1468 4006
5958 7078
2173 6552
6174 5908
1102 4570
3174 6582
4535 4091
7823 7651
2487 614
6554 1719
435 960
1002 2630
3878 2691
481 45
734 3872
5287 626
4696 1124
2430 971
6180 5214
6282 854
5966 7703
3894 3519
309 3997
6457 7220
1812 5519
3508 3141
6580 1017
3242 1707
5081 5011
6918 6720
5552 1002
7637 6537
1644 7109
1156 3467
227 6696
3113 2049
5015 7544
295 1305
7566 7928
1616 2114
7 1174
70 2243
7645 522
5364 2406
2110 2690
3256 6136
3631 3354
7933 3016
3759 339
5355 7492
3702 3955
7781 867
6196 6021
5892 2321
6167 6062
7897 4506
1361 2915
5223 6700
5198 5501
4641 6784
2929 4846
1847 1427
7607 2835
5222 1688
1446 6333
4870 6567
2611 3342
3255 599
341 7075
5104 4743
3041 7392
3990 4166
851 7553
7764 1141
2228 2646
3226 3071
2801 4720
5822 669
5902 1726
5628 1004
6005 6044
3049 5753
978 1148
6452 133
3265 5296
141 7099
3295 7857
4382 1095
7592 6039
6773 557
4286 5801
6749 6144
6859 5784
5788 3617
2585 5808
2374 1063
3288 4233
3864 6449
5788 530
4016 3148
174 2537
228 7396
4426 635
1712 2408
7540 2697
5155 3395
1365 3547
3247 3236
4461 2461
3173 7964
4162 1670
3718 6641
5020 7965
6305 4019
5828 3674
3228 1017
7791 2053
502 6113
6463 1424
1576 3311
6608 3702
7229 3720
1752 7590
6521 2465
2057 7367
6644 1777
6279 2821
7261 1636
2915 3216
6551 3537
3535 6243
6602 2276
684 2635
2112 6154
2223 747
2550 2591
2129 6689
5309 710
3484 3824
4154 6644
2558 4459
5719 2686
7942 3353
2 2751
1378 6579
1290 2460
4792 3244
2854 6883
952 6402
318 366
2990 2871
7877 458
2148 3065
75 1309
1408 4671
6686 2614
1868 1157
3632 2443
1530 862
576 5672
4947 4560
6991 3928
5246 3232
6330 1599
6675 1488
426 4254
2137 1281
6882 6883
6086 3946
413 3326
3825 5280
4152 4387
2052 2139
1832 1087
7842 1121
5883 7912
7195 149
5905 7822
3089 7112
3946 257
5387 680
7474 4360
5917 2449
6493 808
5286 4271
7622 4074
724 3162
5383 4358
5044 6619
4904 4676
2027 6008
3266 181
2458 4928
1574 5683
7552 6057
4516 1771
1585 888
2569 980
2943 4723
4563 833
4153 6862
3476 5747
4349 2156
395 875
6107 424
1069 6149
2758 2578
7719 4111
3111 5003
4025 864
1918 1973
3235 4377
5235 4319
5669 4363
1068 3186
7198 6819
4039 5411
7398 4487
2745 3008
770 3499
4873 311
6362 1952
1059 7496
4847 3007
652 56
6496 5022
1994 1177
1285 7581
7583 7808
6424 3196
3775 5437
312 6303
59 997
1550 5914
3682 7661
7387 3043
4704 1819
1580 2616
5851 7308
5231 4232
7591 960
310 2316
6601 4358
35 836
3065 5847
7736 431
2299 5601
5647 4208
3210 84
418 7738
5280 6676
4332 7129
5922 962
166 6957
2244 5967
602 7506
5672 163
3111 6644
1094 4484
4359 6450
810 4861
3965 6708
6532 1556
3462 1606
7063 1331
4995 7282
3751 3395
4576 4661
4485 5197
235 6794
6466 3668
557 7638
1944 160
2559 3605
4864 6703
4528 693
6214 2015
3222 7016
3220 3726
2629 2118
3040 6501
4741 1375
3731 4087
156 7661
5966 4377
3545 912
1913 3335
6495 6829
4396 6201
2679 2603
5697 3746
7391 2048
1698 556
10 2356
2455 2851
999 3449
3840 4753
3294 7655
168 241
2401 4786
7007 7555
1640 3364
4175 3564
6782 2893
2400 1450
7727 4236
4623 5905
2067 7844
6174 3573
2511 1213
127 4526
7686 7361
3748 371
707 7367
5579 2642
6997 3105
547 3654
3356 281
5497 2535
6949 7880
5071 1075
5604 6095
3391 6001
1641 2503
7394 3209
7032 4814
3880 3789
4147 4249
7807 7187
2514 7973
1600 6426
4613 231
1511 2195
5221 17
2783 7402
2213 3861
4664 4264
3861 106
3661 4234
2285 556
1829 4576
1730 7653
1565 3427
4513 3613
3629 2627
1318 3056
6394 3842
3308 5945
1213 2616
7105 3061
6580 6214
4715 375
267 487
7150 2733
7080 656
6860 2657
2291 1614
3502 7837
2883 7428
7846 6061
2829 1008
1920 2310
175 782
4274 688
2631 3629
3440 1085
585 2277
2567 6842
160 4222
7334 6683
2131 177
6830 5066
5471 358
7436 6204
1466 4907
7320 5774
3620 3397
5241 4424
2369 5655
1310 7043
639 4615
7118 4636
4434 5567
2981 3173
2059 186
1699 5320
1555 2216
498 3278
2318 4456
6527 2426
5628 1185
6218 7462
4583 6342
188 5362
2366 2216
2489 7246
7831 3740
3266 790
3589 792
6880 5533
4883 5528
5417 753
6939 235
5097 718
3444 2338
3586 443
3338 7008
2308 1783
3073 4587
2707 7417
740 7266
7023 940
4408 4321
7727 4332
57 2457
7264 1425
4099 3661
4628 7766
2312 1438
2571 299
6925 1433
4803 6126
1916 5222
5816 1266
3364 2344
7900 5821
1952 7879
6471 1931
3734 1527
5306 4417
554 1740
7925 3276
526 5392
2193 7289
3840 3077
7833 3533
6665 3497
5850 4924
5184 4898
5968 5342
2531 6658
2149 5743
1627 5305
3343 2592
2069 4175
2459 446
250 7555
3131 346
5657 5687
3858 5877
894 3279
795 2653
7544 616
246 7318
4857 1099
263 7249
2703 2487
2160 7855
2305 3759
7849 1192
1775 6001
6779 3112
4297 6894
3459 3836
5259 1231
6167 3541
704 4604
7656 2856
1816 5291
4268 106
4698 3209
5674 5131
4711 4857
4894 5746
3242 5159
2724 6563
876 4699
6582 3086
3263 7432
4967 4652
390 7340
7159 4361
4892 998
4461 3249
304 2005
2700 6693
3294 2323
1378 3265
608 4534
6806 4485
4665 1339
3568 4407
2389 6132
73 5234
3812 5907
5566 703
3116 2612
4942 7384
2119 3553
2219 2301
667 5612
2581 5206
130 6737
4476 1814
3738 6242
4999 6950
1964 370
7340 586
3880 5259
4079 1625
1083 2122
4268 7346
5413 167
1077 5378
3893 7817
1193 2610
6192 5317
3313 7631
2685 4655
4930 3337
6445 5323
2419 2759
3456 7223
6157 2961
1992 65
646 3745
3049 1123
3667 3346
314 6992
5746 4029
2474 7353
4558 3879
3415 2984
1273 4124
5406 4821
3546 2150
5596 1488
5540 3377
1798 175
3182 4407
3500 7617
3741 7111
7082 2957
7660 1821
7861 5724
7969 1502
465 511
3484 4046
3510 346
2059 4947
5889 4439
1427 3785
6113 1405
1114 5894
2055 5597
2455 3445
3374 2496
1935 2891
267 7318
7641 3299
6940 500
985 6859
1684 7256
5737 2852
7305 2812
2707 5184
2474 2970
4458 2747
2994 4366
4871 4177
3828 457
5207 158
261 4149
418 5914
1606 794
2739 4367
5155 5181
2371 2280
3681 431
7646 3704
1783 994
255 457
2698 4392
4210 262
545 1564
3447 3313
6465 7918
6912 1036
1797 4331
3811 1049
3436 1566
6563 4735
1957 7242
3602 4889
2146 1388
6412 5837
3969 7798
3912 6691
6939 5537
2977 551
1704 63
3270 3814
5436 7225
4120 2997
5677 1024
2355 3278
7223 7570
3677 2241
5884 4481
1537 5358
346 3127
5050 667
1018 6404
7040 2456
2825 7435
6765 501
6425 3806
6965 4815
5623 2952
2324 341
2717 7964
5967 2604
5406 4951
5434 3560
334 1611
3824 2888
1561 4350
5839 1487
6822 6405
6371 4606
579 3861
7657 523
331 3510
622 4968
2966 3084
4204 1708
1861 51
4438 2203
2497 5947
2733 436
6421 5435
2666 1219
6480 4261
5117 3611
6890 2617
5547 3587
6256 7515
3766 45
5726 2751
5095 2664
2001 6180
6499 5949
4063 3229
6510 4311
111 5332
6364 610
7105 7974
2850 1766
7624 2621
4722 6268
7256 3219
1807 6677
7216 4936
7571 6339
6730 6040
2205 5953
986 7543
3109 6308
5806 362
2653 3696
3762 7641
3459 305
577 5768
4933 6804
3168 7133
7261 6941
3257 5234
6494 7970
5384 7284
4691 356
6644 5222
5148 1706
7998 1340
1333 7804
2663 7904
5700 5992
5551 4434
623 890
1717 6855
4426 83
7773 690
1662 7902
696 7534
6080 6952
2949 2616
5192 2233
4477 4619
5698 1562
810 6990
161 5256
7855 6673
826 3743
4646 5750
1213 7631
4387 6698
7377 3773
3765 7625
374 1023
7398 5143
3544 2596
5554 716
7131 7258
3467 4686
5425 6934
3508 2709
2809 2322
7544 1509
3398 2469
6398 1483
345 5769
976 2105
7819 2105
3093 4396
709 2702
1679 7149
674 57
878 140
2500 7683
4932 2172
30 4070
4426 3596
6185 6552
1333 7464
1402 226
4211 7435
4936 584
960 3141
4984 4314
5396 2790
3478 5698
1250 5995
991 1742
6699 6073
3256 5731
1788 2350
4019 2447
6317 5655
7140 1497
3868 6038
6215 1177
4195 2835
6427 3423
3163 5912
692 4915
1492 7219
6795 6745
4386 1074
2794 5965
1130 4202
7659 6964
2400 2438
1463 5125
4596 5905
2064 3988
6077 7176
7094 3854
3671 1942
3732 939
7369 4519
1874 7365
4708 1244
7966 1192
4864 6600
6698 1544
1629 2461
2957 6798
4059 5041
6379 2916
7826 7659
1118 5628
3006 4940
902 1457
2916 6806
2763 4123
3060 2897
6725 7780
5491 3996
5966 3066
4127 704
5152 3655
2138 2248
6478 449
3543 7057
5397 2232
1808 7753
817 1854
7153 1883
853 2456
888 6849
4585 941
41 1916
7698 4267
4518 1941
308 6510
4357 7873
4710 7853
3194 1708
4755 4735
2172 5069
3282 7067
3101 19
5377 4242
7911 2127
1465 3593
2569 1839
3934 669
4805 5601
4469 1311
6016 6709
2141 815
862 1161
5998 2780
5622 2228
3244 5359
2646 3473
4160 1911
3026 2117
7792 7967
7028 1831
974 3770
7268 2034
7057 6902
3319 781
4411 2084
737 1757
3303 6832
2691 7129
5863 2865
2594 4872
7042 3754
1922 3499
26 3302
3046 902
7212 3066
6270 1530
6764 5887
7767 1114
7391 506
929 634
5511 6599
4094 6184
3277 615
6947 3010
4095 5316
2195 2838
6442 5885
5833 6829
919 4364
5270 2545
7990 707
5640 6527
74 4279
1600 5944
2308 7731
871 7866
1022 4634
6178 106
1119 3067
406 247
7906 2600
55 984
6127 3353
32 903
3136 6915
5332 1669
437 751
7532 3443
2137 6663
6547 1376
2163 4725
6253 5676
3306 4880
1859 536
3938 6533
1658 6821
3030 1722
2930 2254
2694 2798
889 2534
3419 3383
3239 4796
5455 585
7830 2376
7892 2526
3959 6251
3816 3834
5583 5970
3523 703
6012 62
2502 2811
3359 6548
6120 4802
2483 4799
187 508
4421 428
500 78
3395 4908
5824 6267
1528 2423
1380 4870
1663 1803
3170 6388
3723 5363
7755 7114
7432 5464
24 1309
3902 5524
2234 1489
3325 3090
3867 5077
4776 4829
1519 1261
994 302
3361 7704
1452 6869
7445 3868
5668 7463
5313 2628
6459 4452
6108 753
5786 7857
2325 2037
2929 6933
1220 4160
174 1244
6896 1250
3567 2433
2896 5905
5329 63
5768 2679
6941 6217
305 810
2938 2734
105 3042
3898 837
3540 2424
3645 4700
1103 7619
5953 686
2354 1939
3379 128
1192 1564
5781 5593
4063 363
4103 7907
5 2024
5149 998
5438 4059
5583 1832
5682 807
7339 352
2266 459
2257 1033
7419 470
5429 6392
4831 7389
3453 7656
743 2888
1186 368
7111 6353
344 6958
5706 7420
5952 6882
4701 3406
1617 635
4262 1770
6433 765
2610 137
7953 1117
2496 1888
4786 742
7860 1384
4612 4214
4479 6786
990 3769
2377 3314
5169 321
3566 7738
2166 2229
1522 3839
3018 3601
4762 5892
5623 140
316 522
4745 3951
3937 3506
7033 1822
3057 5244
6953 7517
4032 1955
3924 3321
6727 1449
3273 1614
5761 7201
5987 6106
2317 24
1776 7327
5942 6355
1303 3512
749 6889
7734 3571
6784 4246
1045 2660
7492 3238
6180 2744
5651 1830
4103 3967
7144 3821
7233 192
3702 5823
4425 708
535 7185
2714 2457
2693 7464
2133 3669
899 2602
462 7260
1568 2271
1610 1183
7932 2437
1218 660
5004 7937
4837 664
6372 6269
4885 1215
2498 2167
5920 7789
3169 4809
526 3861
7611 6803
4554 7440
3316 875
294 3550
4751 7836
2457 1161
3535 4877
7135 5313
5041 7275
2872 2762
6214 6823
7793 7140
2858 7242
3310 5406
1782 1656
3663 3596
1331 6344
347 923
2675 6191
4130 4728
2404 6200
7776 2934
5072 6115
4765 6012
2921 105
4054 1056
7553 5870
850 6781
1748 5873
7356 3275
5515 7012
5371 4219
2692 35
5209 7000
1770 3986
7383 774
6697 1940
168 3613
1528 6533
5414 1544
4900 1289
5235 3420
5284 7076
7362 3224
862 1023
7972 7719
6453 3531
3710 3293
7704 3812
7543 2779
748 4311
6261 7854
6448 5297
3597 2146
2577 5115
2295 988
3012 5048
5066 990
620 5055
3849 6752
6810 1883
4845 5839
3001 7836
3192 7853
5268 7600
1152 4380
3558 6891
96 2119
2673 6268
3204 1816
7866 1788
5267 4169
4933 4890
5941 6057
1709 2567
6204 3064
5629 2077
5085 2169
6301 5926
2736 5537
1319 3620
2414 7261
5456 6908
7075 3516
7904 1508
7430 2651
7916 4318
3018 5902
6359 5602
3060 6026
7628 7886
4473 6351
6545 1790
277 1758
94 6440
6070 6377
3725 6049
7292 5935
6051 3710
2921 4764
7265 6176
6255 7891
3272 6988
3601 4952
96 4745
1018 2006
3334 5092
2257 6214
837 7926
4064 3528
2966 6827
6557 6340
6239 4524
1485 5263
3780 1624
1289 6449
4603 3917
5105 1192
5275 3703
5732 3200
4465 4860
2925 6914
7559 4596
1493 553
21 2289
5515 6099
2169 4256
3616 2046
2858 6756
6308 2756
4111 3116
5928 5809
6373 5557
7866 5743
7490 4417
3230 1101
4104 1307
7418 3263
6844 3417
3420 2295
2619 4204
1108 4217
3776 4495
6279 2825
6963 1905
3636 4456
6628 1567
1707 5243
3994 1077
5233 1376
7792 4042
5720 5455
4435 6579
381 1776
2999 2487
6557 5796
325 7542
1530 5593
6773 5961
454 551
473 6630
7103 3670
1207 3473
7693 6059
4048 2672
6323 5164
6222 3571
6915 1954
5919 608
771 1718
2437 6118
6705 353
4611 1100
1782 2641
3412 2975
5819 4999
3626 2735
6385 2924
2686 2191
2356 3671
6102 875
2303 7418
1564 3303
6267 328
1505 5688
2231 5563
64 5650
5063 7039
3875 4583
1447 5549
806 2789
5375 489
6934 4551
1685 4446
4865 7306
1373 7528
4466 5232
6091 5593
1704 7751
5455 4739
4855 1108
2728 31
6190 4776
1372 3441
5626 762
2696 1217
4107 5023
295 2148
3794 6375
2538 6011
6447 496
3572 6770
5845 2591
5229 7550
3420 4095
3219 6031
1777 2457
4105 5928
3540 5759
5060 5026
2968 3842
4751 2254
7521 5800
3861 1825
6886 6360
4819 1463
3403 5251
1279 6741
2902 7935
3498 5015
7263 3601
5338 1139
6326 2300
2783 3311
6561 4778
7352 1860
1506 1184
3314 2396
5845 7781
5944 3219
1039 1889
454 3386
7998 5966
2563 6763
5025 3021
5700 3871
1415 2629
2139 5964
6362 2236
4463 4680
7589 5565
3989 5334
7172 6395
546 5745
6868 2063
1791 7999
4699 2287
7996 5462
5467 5154
3167 4987
5657 7804
1883 4005
7475 1350
722 7543
4185 7150
7623 1335
5256 7380
7959 306
1276 534
7670 394
5670 647
7743 7663
1009 578
7317 7923
5204 7542
1123 5944
4195 3909
372 4711
4944 5527
2511 1824
5170 4369
4575 6146
2137 6421
6177 7034
4603 2539
2360 2702
2569 4155
1147 4358
1477 6168
1170 681
3068 2598
247 1780
4137 2885
6962 7925
7279 5803
2593 1320
1729 5430
5167 5700
3826 5586
6198 4406
5082 933
6990 1191
4261 5494
1605 2425
2301 7208
4900 1330
4740 3083
1118 190
6780 5402
2814 4076
6986 7215
1331 612
1790 369
5877 7309
261 5343
342 7772
3324 1257
2622 440
7530 2142
1085 390
3822 5394
3846 5480
1584 4020
2995 7208
5942 700
1474 7576
2455 877
1361 2469
674 7426
268 183
2877 1050
2326 2673
27 2541
2358 3528
658 6852
3709 292
656 1730
883 1071
1280 2669
7417 6544
2371 6641
716 2390
350 3652
6898 5087
4579 7605
911 4790
5130 3875
6617 2322
6431 586
6934 3807
3133 3087
5795 26
6715 3297
5488 7057
5740 6144
7182 4119
1513 7664
5713 471
977 7733
3134 4073
4436 1600
1628 3308
6800 3105
7587 6488
5937 1663
7841 1391
4516 5536
3621 6727
2347 6442
2318 3041
4242 7509
6205 6775
2309 1090
439 6663
3463 153
3567 3003
775 4142
2418 849
5869 3399
350 2057
958 5240
2500 4823
2089 881
5741 2248
5738 6995
4277 5158
478 2639
4533 2598
3080 6350
3528 5015
2694 4285
4811 3464
5704 1813
39 2380
40 5364
7130 4950
3324 323
6823 85
4384 100
695 7201
2824 6488
1393 7064
6753 6873
2536 3271
5779 5441
5998 3059
359 1224
1973 6913
7917 2390
3367 2096
6736 5663
7755 4022
482 5242
7005 5600
4620 1199
2917 6920
2960 3324
4488 942
1989 2820
986 6959
1501 3681
5797 4718
4567 6742
1279 4155
5351 1725
1967 7681
6713 2920
4000 7556
1147 5691
900 5767
231 3333
7822 4422
587 6525
1069 2358
6110 2973
4715 1431
4218 6671
1417 5579
5368 5286
6117 6679
684 1047
3035 5643
640 3562
7077 352
481 1358
2295 3766
5903 865
5683 554
7175 7220
2813 3305
5102 4749
4797 7157
1020 3425
4443 6255
1905 3721
7097 3151
1637 5669
3687 3195
6751 4366
5276 2905
3632 601
2408 201
576 3972
3171 2967
1972 6329
764 6945
3576 1240
5890 7656
9 1188
5938 3902
3779 4093
7871 1852
3691 4242
4378 3111
6474 6417
782 4534
2569 467
6369 4813
4474 3433
6942 1657
3672 3168
7806 688
2330 5016
1973 4475
7101 1512
6959 7433
6438 3440
6246 3050
372 3099
5571 6455
6420 2447
7494 4457
7378 2501
2607 7228
3875 6361
2554 3507
7839 6241
4562 4468
4005 3090
2753 3950
3811 5223
1904 2548
5767 4837
4123 1826
1554 7629
2175 1175
6218 7254
6732 356
3507 219
4903 7160
758 3830
2094 7322
2561 5484
965 1294
3439 2537
5131 858
2689 2476
3605 606
2905 5974
7753 7871
772 3837
5602 492
2952 4691
889 3492
4254 7939
2462 6056
2446 6958
2386 7690
3262 2824
2623 5173
7088 87
1110 3502
678 2333
2353 4807
379 4450
4518 4777
7120 499
3850 188
6787 5483
562 2652
3025 3972
4354 2252
2818 7356
2729 6235
2182 7306
3411 7997
6765 4912
2721 1145
3740 696
4356 3356
433 4458
6839 7626
1438 2913
7907 5521
5156 1767
4574 2516
1341 6516
6381 1310
2713 1443
4645 7784
5393 6602
5493 4797
7551 4065
3494 48
1364 5955
5351 748
7172 2212
4002 7843
3471 1821
1637 5981
4941 236
4282 6643
2797 7193
5545 700
6543 2604
1139 6453
7979 6134
6773 2700
5153 3330
6628 3386
5191 1408
3892 1064
1286 5244
7978 6241
3406 1538
1045 2050
3186 3338
5755 5757
3268 1284
5754 4030
900 455
839 1375
2370 5083
7508 7474
1701 3485
3385 7042
624 2914
7843 3652
143 5297
7570 2679
7571 2583
4864 5023
3702 2297
2526 6836
80 3919
2295 5622
2008 2569
5729 1747
3948 6248
6570 7858
2671 1304
2854 1791
1105 1866
5219 7620
179 7645
7354 3054
3173 1394
2068 721
2320 6722
3106 5034
1233 4456
7198 4088
5728 4614
7389 4696
2165 2952
6119 1044
2369 1382
3316 118
7629 479
6802 3031
6375 65
6285 2936
3451 5543
1500 7961
5133 6832
1464 3434
4478 1924
5266 7646
4501 4405
7494 1774
2761 5010
6884 909
3712 7292
1485 3581
6966 7221
6318 1386
5826 543
5098 6280
1132 6374
1955 6363
6940 6431
6015 7960
915 6709
4787 7187
7762 1351
7666 3972
5138 5703
1017 4916
4610 1214
2475 5866
3255 103
4584 1395
1450 1509
726 4306
2576 5726
5960 1204
4449 6826
3443 4017
989 818
5053 4465
4730 421
4991 3077
4919 4556
4655 1684
3847 6909
3933 7262
2192 985
7323 56
2856 1629
4541 7262
1844 5642
4889 1335
4752 3935
6304 5056
3626 5223
7804 453
1070 3817
1347 1285
3870 5521
1649 1063
4045 6381
1030 6895
4507 5416
7168 4406
252 4247
3941 4517
2292 2601
2139 3382
3306 6330
1973 2424
6226 1985
7366 7654
6565 3188
4649 364
3181 208
159 3040
6572 2174
6535 1073
2481 2719
2836 5732
2660 2058
1005 5526
953 6829
7572 6391
6575 4521
1674 7790
247 1179
4935 2424
5836 6542
2895 503
2920 512
6088 4764
3736 3737
5139 1026
227 1996
1179 3402
2790 5289
5475 6952
1729 137
5023 2742
4767 6293
5285 2564
4166 3184
3214 1548
7311 2789
470 764
6826 5689
2156 4577
3945 1575
1537 3975
3448 6102
7930 2192
3173 6778
5849 646
3543 3894
624 5146
7941 7643
4668 4674
7415 6026
1425 344
41 6108
2009 6917
2232 5730
6435 4125
5966 1300
2566 7240
429 1158
7866 1083
5391 6361
5569 4869
5237 6977
3751 808
6479 3219
6450 6463
4702 2149
6182 4295
7527 4493
2383 677
6210 2134
806 6359
3669 2506
4609 5140
784 2776
6468 3551
246 103
7972 5980
2245 6814
5120 584
7713 7398
5274 4910
4106 1111
1225 5669
2125 622
191 165
2345 2703
4273 5640
3968 5921
7086 5583
3770 7281
4091 5642
1626 6934
2570 3753
1580 4370
7811 5591
7503 5212
1555 7824
2953 5946
2063 4172
5699 2810
3675 4014
5109 3345
7424 7742
3914 3629
1528 1897
6653 3759
3534 3717
3477 1070
5553 3312
6826 6944
2097 6713
6871 5850
6966 3189
3680 1344
5946 681
1432 1912
1453 2121
5784 7766
2462 1025
7578 1187
1181 4710
5382 4218
4381 6995
2724 5007
4410 1888
448 4954
5085 1364
992 3133
4750 603
7510 7933
3969 2500
554 5214
6551 6313
7665 3501
211 4686
3904 4142
2337 5053
5898 209
6921 3726
2305 1820
6705 4547
1826 6078
2392 903
6375 6896
2494 3523
2677 4674
2089 451
249 563
616 7304
5080 724
514 1399
5244 7715
1618 6557
5291 696
2344 1860
695 6785
524 7937
821 5373
7863 5697
6326 1356
6399 1793
7406 6147
7943 7664
2099 1850
6642 6367
6985 5821
6662 7824
6322 6993
6977 7923
5524 1442
806 7696
4301 6913
5362 1399
3066 4047
1930 6159
6135 3433
7398 6708
1918 3893
6822 1054
5694 4074
5736 750
4225 6808
6661 278
2212 174
4705 2270
7937 1835
3320 1649
4644 2193
5607 2827
1150 2090
5472 233
4404 7334
1382 1233
4038 1228
2338 7264
1908 5861
3350 1552
7239 6532
7926 7978
7147 7067
6714 3148
6562 5094
893 2351
2701 1898
7754 721
2307 4768
7721 4715
4934 6850
642 5240
2007 2768
3517 1175
542 287
4015 4023
3131 7733
235 6052
3238 4738
5311 4976
7625 6781
2858 4888
5774 6712
4177 6061
1218 936
4588 2136
472 3802
2084 5681
1037 416
4159 2367
5161 1350
4713 1800
4687 4394
4632 5286
3829 4237
6974 3993
3438 4043
3444 6235
4145 724
1811 6791
5130 4426
2586 1219
6548 1696
7924 6935
7613 6442
6984 4293
3425 1989
3717 324
1415 759
5822 3457
3108 6216
7282 6740
4788 3758
2993 3127
5539 1070
1149 6890
7653 1409
1503 2475
5051 23
5682 3901
6710 53
4930 2682
106 7946
1010 5604
1740 6865
3631 7478
3681 6532
3833 3375
3094 1903
7759 6352
5427 5829
7687 6026
4209 5818
1518 1688
1282 4539
6727 3691
2233 219
7536 3788
332 841
6771 3451
7997 4307
4747 3195
56 7320
3177 5663
6810 5247
7434 4961
6857 6103
1630 7590
2919 3065
1078 2093
983 1141
1277 4743
6952 5225
4118 435
126 7959
738 3834
2947 2454
7010 4459
7250 5912
384 7761
3453 2649
7306 6573
2600 6176
334 3866
528 2268
5450 4591
6766 7351
2609 6977
7167 4124
1119 5589
3739 4679
713 5601
2481 7135
7617 1082
2927 657
3397 3115
5057 6161
1492 1598
2765 1305
2193 1852
6653 757
7784 7390
1174 2231
3437 1732
3405 5688
6663 5008
7296 4750
2946 5333
7492 3477
3404 6431
4141 5322
4590 7966
7426 2826
7093 4640
7876 4711
7461 2848
7552 4617
6863 4352
3913 1721
6400 4635
2177 2455
6042 6911
6281 6332
2016 7246
7895 3952
896 3028
3707 3334
7763 5117
7552 3531
4197 1342
3445 201
1961 6180
5041 997
6269 1257
6755 5085
2786 6586
2801 346
4770 7883
5126 5223
6660 6269
6788 1082
604 3298
1728 5819
5071 5247
3763 4055
3064 1103
4821 5770
173 1850
4099 6740
2107 7789
7630 6610
7680 531
879 4400
3331 7424
2026 383
3035 603
292 5187
3459 6048
4144 3778
1777 3809
5081 3392
7567 4313
4564 7176
4992 7561
228 6731
4528 898
3573 75
5575 1198
3941 5996
3598 3118
1719 561
4847 7537
2966 7165
808 1859
319 4417
4069 5369
4504 806
3049 6569
1036 1507
3155 6553
7466 4992
7554 113
787 6878
7772 7769
903 804
3988 291
3468 3341
5835 2084
3061 2790
5809 2397
5106 2007
6646 7148
677 36
4323 622
7384 7551
7012 1517
6495 4343
4226 2041
7626 3140
2266 4773
1470 2591
6670 4695
2374 4110
310 246
3366 4771
689 3984
835 5139
6643 4435
3466 6915
4889 1783
4826 442
1519 6273
2207 5043
7600 7195
4859 411
3907 5711
285 565
4938 3961
7443 3645
2140 7644
692 540
6188 7240
7641 3765
5018 722
1146 7836
4626 5657
7466 7268
3343 6668
6900 1674
7817 4122
7986 517
2824 7061
7907 2937
7535 401
5533 7387
44 499
7356 1574
3045 3498
5191 6038
1283 6264
3736 7214
828 5737
6802 3302
1536 71
2502 5047
1319 3451
2114 5716
2620 6402
5983 242
1031 3550
4378 4626
5544 2071
5732 7001
6987 415
643 5046
1157 7205
5243 3280
6084 5832
7221 7713
2902 6289
5831 5987
5225 6009
1443 2831
1271 904
1146 2562
4204 5162
1895 6655
6602 6213
3799 3903
7433 1678
6020 6814
6948 3258
3118 2297
2938 1152
5936 5681
4758 2937
7830 7524
7275 6206
5847 800
5193 4337
2001 4059
5741 2460
888 3412
7641 4264
4811 2599
6443 1346
4876 6581
4763 7453
5990 2263
4802 4186
3123 4158
5120 5250
5564 5728
5526 6842
2274 6993
6579 5531
2866 2589
6409 3637
401 6703
453 7814
6089 4189
1670 7568
350 2189
766 427
2141 2481
1608 4733
3603 7741
456 2757
2034 4699
5892 5425
512 3130
4331 6450
2266 2786
4081 2621
6288 2224
2742 1228
938 6276
3865 5346
214 5679
3153 3247
367 7891
194 7328
2852 4008
2987 1155
1058 257
1621 7911
7985 5563
923 6708
786 4140
1253 7649
1131 893
6599 3936
1717 5718
2378 7223
5012 1822
1272 2848
7886 2830
4704 5619
4964 6847
4767 6244
1129 521
1621 2330
3000 2724
7396 3373
6524 86
7132 3931
4611 7215
2443 1135
4515 5175
7669 6583
1906 5426
2305 2914
5443 3581
6474 2216
6822 5855
222 4488
2556 6215
4863 3836
4064 4446
6906 2965
4593 6400
3200 2791
2153 3679
1428 4060
3153 4690
7877 4608
5339 480
5116 314
7093 1428
721 6786
6823 4756
1749 6767
3660 2126
54 7828
3609 3822
5945 1705
5924 3466
1138 7552
2433 3788
4914 5397
2441 2006
6747 6977
1486 4825
6689 3648
4210 6921
3813 735
2432 641
4560 4036
7216 1491
2710 7255
3950 5130
997 3632
5380 285
3082 7073
5438 1673
3520 7212
7259 1970
3031 6081
4643 5214
3984 3805
4851 1953
3511 74
5951 3668
1587 3642
5187 7681
1891 7810
3257 6309
182 5720
3931 202
4062 6457
4436 3440
3535 4733
2077 3213
6734 4383
7753 5819
4380 6427
4214 3333
1153 6084
1632 7820
5303 1531
325 1947
4981 4082
7316 6563
1098 4576
3370 7069
3073 7240
3767 7370
94 4157
1892 6441
6034 1285
3011 5105
1991 3521
2578 3575
1796 4984
1834 178
3097 7328
6781 1059
4375 6037
2449 1686
3191 2652
2263 334
3638 1446
3302 157
1787 5035
6030 1887
1892 5301
6793 4945
3822 4410
3685 6690
7269 288
4964 4993
4494 4700
912 654
7653 6282
5099 7066
2342 224
117 2520
2370 6048
4248 6234
6430 7894
169 2660
6572 7192
4142 6825
294 5553
7700 4058
1384 5561
7329 6275
4739 1104
5605 263
5715 2047
3362 452
4245 500
6039 1234
3229 4098
3187 5567
4726 271
1342 6045
1863 6319
6396 6519
3818 6168
6571 6058
3833 6699
961 384
2819 6956
4795 5502
1043 7285
7579 6085
5195 1340
7425 2961
633 6369
1306 5896
2194 5430
1308 4181
2622 4307
5632 951
1096 5603
2662 2012
5628 7620
3839 2439
6399 6029
5846 306
31 1974
7479 2890
1823 3325
5446 4300
6996 5430
5959 3112
1770 5361
3753 1140
2474 6557
3007 6392
602 2789
3494 6769
4495 3032
1431 188
4305 3028
1245 5758
6844 1982
5380 1378
3127 1405
3463 7425
4267 2861
2019 5208
4546 986
67 4228
3392 4606
2050 357
4016 688
2507 2037
5164 7537
1759 3464
3322 4577
1556 1587
2269 6807
7280 2560
374 4556
6538 212
7614 2317
3203 3946
5752 2605
4317 6355
7945 4753
1219 4318
4168 400
3346 6659
545 1375
64 2412
2610 3713
7798 1607
384 6653
3587 621
7765 7165
6239 4923
6926 4308
794 2570
7200 7959
76 89
4472 4254
7736 685
2265 6829
2066 2195
6062 5620
7173 7234
6563 2097
7119 6733
2968 3377
3074 4535
5549 5149
1131 5144
4140 5809
4319 5243
201 690
2353 5318
7785 3408
1308 5634
1960 939
4093 6707
2919 3325
4207 48
4086 4485
1253 235
715 3847
3169 6109
2385 4348
3422 5260
5664 6360
3739 3240
5269 3185
5815 2543
2661 6577
1536 347
7426 1971
4872 7959
2848 7844
3140 893
531 3877
3191 503
1795 6820
7201 7479
3728 3485
3651 3724
5308 5666
4467 219
3332 4857
2254 7895
7229 2769
3923 1293
3784 6679
1063 4430
2569 7501
5656 6538
7076 304
3900 3972
4594 3099
1964 4481
6200 6845
4578 1637
794 3207
863 4042
496 7160
6227 7946
1932 5273
10 4617
1238 7837
1420 7748
4279 7167
2437 3737
544 918
968 2138
7776 7595
5630 3042
3003 4921
3159 6549
6600 3142
3343 4568
3033 4682
732 4825
5997 5016
1648 3676
1743 7217
538 466
4878 5978
7101 4029
2393 1623
1272 188
2927 4414
6131 7548
5370 3130
2734 1772
7799 3275
7910 5195
2798 4431
3256 6241
952 4264
6737 3009
778 619
3844 5691
2658 5594
2337 4123
7636 3667
4589 7500
6833 5941
6260 4239
3677 1614
4651 5298
175 6626
7712 1279
609 1622
4073 6156
971 7119
1236 6871
2527 4712
1599 1266
5839 2775
2389 3260
5690 2932
7431 6706
4497 6973
785 5449
6535 6679
2249 3005
634 3304
1215 2747
7415 2648
2955 3202
6336 5334
396 3639
2645 2732
6511 6035
2160 5706
7397 7873
7219 219
5881 2977
2634 4829
4682 4821
4043 7326
3267 2288
4464 46
5689 522
4501 6097
7456 4150
1141 872
1799 5439
1115 3654
1196 2011
6440 2105
273 678
7574 2929
4152 7259
2361 4182
5095 7193
6375 5558
1553 1312
2310 7927
6730 3841
1459 6571
1248 6099
5745 2215
110 6244
7249 1215
1996 699
748 3730
7379 3741
1678 1575
7066 2342
3798 1420
5369 7161
3852 1976
6552 5176
6209 6503
7087 272
3199 7712
555 3981
3799 1870
5604 114
5809 6820
2736 6255
2956 2430
5507 5514
3152 4989
6036 7877
2468 2985
6534 1764
5427 5883
6902 7028
1481 6292
6320 5216
6426 2241
6429 5639
7936 7997
2687 1546
6105 1377
517 4941
7492 5009
4335 2181
1051 4900
1273 2576
2565 1694
5463 6785
1091 2874
5547 801
3171 7619
1490 6103
3698 4759
7739 3605
1804 2365
2982 6647
4634 4191
4850 5729
7932 5573
5889 3130
5680 4411
469 3280
1399 1044
4521 4065
2488 143
7501 2021
3595 5784
2803 6968
2024 7587
4136 3047
1221 4106
1449 561
651 6079
2244 5751
3864 4558
622 3288
5048 6421
5203 4988
1209 2685
5337 1685
3617 211
4502 1317
5591 7261
6741 6782
2026 574
3923 1137
4109 4819
2850 256
2521 5656
552 5898
4092 794
69 6839
249 7301
6097 6029
5959 5609
6545 5354
1339 1035
2297 6515
548 6071
5506 3627
5571 800
4419 5484
6546 1981
4057 18
3898 1746
3901 2550
7679 6583
1621 450
6089 7641
6198 5623
5841 4119
1212 2279
1014 5349
3834 1190
3145 2055
951 1289
1314 50
6160 7958
3704 344
6817 6293
7149 6209
6982 2882
977 4541
3722 1429
4474 3855
3680 1973
2527 3474
425 4135
5330 4456
869 5750
3716 2960
3413 7058
1456 3799
3647 7763
3819 979
722 7768
503 4347
6732 6293
4677 3054
515 3841
2200 7199
2395 6313
6835 2097
3004 471
7737 7167
3426 4647
4573 6519
3044 2697
3562 1897
552 6863
7672 7702
6446 103
2765 7669
3163 7127
7447 513
1344 4531
2749 59
6 1332
1532 5960
4586 7478
5015 6091
2303 5059
2225 4357
6511 1292
121 2541
1796 6221
3357 5683
4759 247
5949 7543
4657 5017
2972 3203
7706 6245
2735 2740
4297 2886
5936 7485
4861 1198
5956 2109
6163 7358
2170 2413
2497 366
350 1784
967 2470
585 2103
3687 3918
4444 253
2346 2871
2267 6952
4126 4180
1323 7512
701 1706
3750 6156
3843 2169
3420 3425
5161 4882
6831 3597
2899 2833
7589 7052
1865 4872
134 4416
890 7480
7042 914
4639 1487
3542 6809
6478 3168
2311 7415
5919 5446
2784 5420
7479 1985
4261 201
2400 3335
4171 5725
7310 7986
846 5559
3821 1665
1262 631
6668 4598
5109 642
2879 2061
502 1657
2018 3101
5952 1747
5321 3822
1586 1110
6322 6691
4224 1123
3584 29
1963 2482
5835 16
7771 6601
6870 5548
7842 4976
7135 1445
2705 642
6151 7399
3230 685
1193 1210
1835 1765
4812 1304
7688 1200
5670 4994
6735 5047
3898 3699
5651 451
1907 1476
6570 7209
2663 6652
6333 1198
5888 2460
980 2123
7063 5546
7812 2428
3415 344
2467 2410
5929 4996
2331 4580
1482 1280
1944 1455
3411 732
6474 6809
197 28
1198 1100
747 1412
7064 986
2217 4864
1237 2773
4771 1026
5412 4334
279 7386
6403 5206
7865 7403
1089 4451
5267 449
5885 2069
7428 7729
6003 2649
4380 2881
3820 4273
5078 7261
4065 4801
7720 3305
7473 5236
1395 4757
6477 6600
994 2132
3083 3470
5971 509
4060 4712
2663 6559
878 7225
2284 4123
1423 7540
921 5521
3495 5937
7629 5238
60 6052
648 5797
3440 17
342 6405
7601 1368
4686 1157
2587 66
461 3811
3683 1766
4586 6637
3237 2166
1610 5419
2784 7119
2997 4116
7653 101
2739 4421
1861 200
7394 3462
811 3089
1517 1349
69 6966
254 4058
5336 3600
484 7714
6681 6912
5398 5583
6410 6786
3877 3796
3084 1867
6925 3252
2759 2800
7217 1885
3723 7087
6788 1681
1277 6665
7207 1485
2483 1299
329 7085
6130 2587
4466 1823
6694 3511
979 3272
2492 742
7814 7607
5294 6015
2089 3410
7558 3678
1287 2697
6445 3276
19 1774
2685 4262
2801 5423
5444 2439
1710 5145
1806 1697
7725 4636
828 2682
7115 757
6920 7558
2985 2716
6608 2564
1473 1415
3552 448
6567 2392
2649 4104
4860 7633
2472 7821
5860 4024
6124 1920
7068 6901
2727 1726
566 69
417 3951
3971 2971
2503 6189
4704 4763
1865 4672
6431 7450
3266 7736
5813 5069
5893 4059
1207 997
2251 7018
4116 4980
5822 4379
7581 2677
7712 3565
5640 3634
5500 251
6993 952
6759 2036
482 1945
38 4452
2123 804
1221 4831
7136 2307
3100 5103
4293 1522
3909 7631
6916 7567
3548 7972
7477 4083
4011 4692
3604 443
2689 4438
3022 1822
6499 5764
1986 1163
6228 2617
3451 324
7020 2685
7006 6605
7696 6048
3576 5738
39 2438
2688 2969
7509 2782
2004 6487
4577 1289
2650 4812
1158 4715
1714 1279
7195 6775
1758 6794
2945 6864
7740 2811
2128 6271
7024 1656
98 330
3809 2355
5423 3022
7211 7313
1897 4510
2546 1134
1641 1608
6435 3660
9 6988
411 598
846 6459
1877 5841
3559 3688
7951 4580
6568 3369
1940 2474
5886 5096
5924 7228
6969 3405
2404 6443
5144 6103
2151 2094
7459 6048
931 3393
6157 6765
4273 5743
4624 464
2104 676
6391 2627
1623 1010
4297 4375
7643 291
1707 4613
3584 678
4821 7531
2326 1582
2357 6721
5154 5191
7281 3756
4583 5499
2386 6041
1313 1532
5101 5234
2831 2475
5258 772
7430 4977
4094 2977
5514 5847
126 3783
2295 7278
2922 6554
1446 2680
5683 7430
4569 3855
3597 144
5317 2985
5742 5600
99 6692
7105 2854
306 347
3801 1255
2881 2618
5941 6914
7555 5761
959 4643
7704 7655
6662 5048
2727 3848
7751 6321
5136 6846
4237 80
7590 5926
4660 4500
5031 5705
7679 5653
3272 3130
775 5980
2384 929
1856 5844
2960 5009
1164 4803
4117 6398
7968 4232
1891 6378
7671 5131
4774 2377
7079 5771
5803 782
4125 3785
1672 6154
1441 6685
3731 7250
749 2134
2469 621
7622 4568
3602 253
6425 3556
2143 7821
398 6866
6155 49
2488 6053
3415 3998
6787 7759
5415 7479
5172 5431
4676 6558
5518 4514
3837 5519
5920 6610
2128 4393
6338 5747
7213 5951
4577 4674
14 7394
2496 5363
2581 4793
3471 5799
6551 5518
5848 5599
3594 380
4703 719
1311 1821
5041 5075
417 309
1062 5869
5676 2545
2513 2976
314 3636
6886 3879
6986 1317
5506 4603
7149 7748
4510 3999
6018 6038
5733 6363
1780 3136
7287 467
6108 2942
3337 4469
7220 1645
1387 2070
984 7410
3195 2111
4357 1592
2457 3421
5950 2955
4146 3330
6947 5213
3182 2410
4533 1719
1569 6385
7444 3531
1112 4846
1952 6051
2745 6247
5312 1364
2877 4388
5487 6362
6880 3440
2371 339
1843 1891
2063 4015
3178 39
1124 4666
6022 7088
4716 6301
171 6814
5120 83
4778 1007
1101 5789
6592 1889
5665 1789
3363 4941
1567 7588
7878 463
6752 2214
1706 1932
6832 5758
1785 1201
3437 828
2029 5222
6595 6833
648 6405
6141 857
6585 7462
2307 2734
1205 1375
4792 3151
6342 6760
7976 1363
7579 4427
6351 175
4991 5935
3326 6718
5092 3788
5667 4223
3632 6759
3237 1621
759 7026
719 4133
5590 7266
4141 5283
7707 5900
4025 983
2860 2263
5297 4369
6941 1961
5854 4246
181 3258
198 3693
3133 3432
7570 1879
382 5078
7746 5931
1750 7737
3270 5735
7488 5751
7308 5645
104 1990
3081 7491
6858 5868
4868 554
170 5689
2757 1967
5850 1314
2944 4579
1004 2958
142 2751
2377 3270
5392 7844
7715 7806
4071 5245
6945 1887
5837 6747
236 7734
5761 7372
214 4833
6396 4087
433 6359
1888 1058
1475 5781
6844 5856
5976 4599
5662 5260
5885 4187
6874 2948
7875 2161
2969 712
1772 5219
5193 5440
1764 3111
4953 2498
3101 5501
6355 7091
6346 1095
610 3887
5599 2745
3387 5050
3965 4396
1531 974
3298 6150
7296 3304
2175 3411
6239 5524
4380 4593
3768 3471
5384 1021
762 5804
3496 4937
482 3973
6636 7930
2129 4513
2279 6533
3043 1373
2210 1644
5921 1232
2330 1703
5649 6374
1359 3859
2379 1391
970 7877
6291 4751
5566 2917
4585 2699
5766 4925
1292 7148
92 902
4029 7984
6684 1470
5683 4936
3495 4777
5949 3891
5032 706
1133 1619
2263 1647
7283 1764
5577 1699
350 1723
2940 96
4083 509
4316 7142
3397 6382
788 4717
599 3077
6697 1028
7361 4630
6961 6480
4671 2118
3332 1095
6447 5638
1804 5224
3488 4345
6811 255
3767 718
4357 508
841 1878
947 2015
990 4404
7001 792
5727 4148
5277 5950
3050 746
5991 2952
2212 6758
7727 570
1453 5986
7459 7756
686 6602
1213 4013
3894 2088
5927 7891
1136 6563
569 1085
3488 1776
2543 4642
980 5031
7273 7398
6555 4796
5430 1345
1786 1479
6155 578
2507 2109
2210 3099
6571 4787
3202 3437
1684 4537
6542 1412
7517 4268
6379 856
6513 237
7330 72
6946 7209
4986 919
2641 7254
6278 7320
2062 7658
6982 2308
809 6921
4421 1168
5641 3549
1267 2536
7063 1624
4432 4458
7860 6734
2675 6152
5265 4655
6081 5347
4599 17
1920 3471
6901 5041
4464 5227
7726 969
6728 7301
2717 5048
333 5728
5777 2256
3658 6541
3358 1498
4098 6958
5407 4975
5787 3058
3360 6018
241 6025
7149 5022
1033 6372
2750 5839
5569 2487
5224 4690
3440 6316
524 4667
5426 5390
7219 7158
7799 2655
3507 3674
7590 5483
7091 4633
6287 3794
2075 7485
65 62
7902 6095
2117 3460
1162 2043
1264 4753
199 1471
2554 843
2666 2916
942 3479
6297 5804
3896 2424
6086 1107
3300 7913
1875 20
5820 1619
2711 7215
6597 5900
5663 5617
5898 4059
5314 7668
1642 2764
1037 6338
7527 2287
6777 4210
3451 3329
6548 4649
1689 7918
6047 905
1612 5501
6709 3156
2949 4034
4888 2270
94 4085
5304 2076
1551 4886
1918 2560
5529 4023
4112 4530
3114 1408
3226 7694
5228 4586
611 4616
7063 1296
481 377
4086 3222
361 4713
6297 770
1363 6449
5360 1625
5932 5046
412 5881
6159 1
5906 4255
2818 2723
7538 5121
3855 2680
2576 4450
67 4872
1205 7928
3801 5992
6762 2339
7927 4522
3143 2051
841 2905
3026 4512
4118 4497
6742 1877
5266 6946
7355 4501
7336 1974
2993 3060
835 2597
6021 1568
7178 1739
785 921
5382 3614
1555 647
4633 2613
6945 4916
5244 6036
6711 7101
6359 3517
6294 3828
4364 2083
7836 4233
3890 3879
1616 5914
3583 7315
5338 5042
4276 2396
3505 303
6185 239
563 4539
4704 2691
2180 5348
6901 4891
7650 359
4729 1826
3276 1304
4167 898
79 7393
2601 4688
3322 5735
2470 7035
4624 5370
4585 4140
4842 6815
7687 169
4476 859
4016 3569
5130 2426
7649 3184
4769 4420
7184 7142
4562 7458
4642 99
3361 117
940 1076
1011 6086
5804 1653
5102 4129
7470 2770
3262 5039
2998 5439
383 5647
5543 4201
6681 6031
3054 2085
7337 6611
1489 5769
2212 2750
7759 3565
3079 2984
5175 4825
2621 4143
6025 7378
533 1138
2876 740
1756 4157
7741 4171
3445 811
7683 5031
3576 6795
7441 100
2051 1050
5898 3000
873 5827
7200 1858
3439 4801
2719 2321
4669 4503
485 6387
1880 4825
5765 2109
1246 1482
7764 1148
2732 7342
6537 1228
4782 3870
719 7398
1014 3820
1857 2503
5300 5931
1995 5063
3909 1342
2603 6680
7030 3243
7648 3872
6182 6125
7550 3084
499 7767
384 3183
7928 2279
4599 4538
3669 7440
7732 2427
632 6191
543 7984
1250 5143
3009 913
3958 5450
2710 6437
4132 3741
3523 5272
6692 4141
2555 1721
1469 3200
3901 5432
4723 3795
6497 5904
4025 14
320 2514
1242 1649
3512 1804
2449 5086
846 6569
5284 6648
1537 1550
2970 474
2081 5447
2181 1894
4921 759
2987 4923
1729 1523
7351 3457
4423 729
1761 3118
5384 1023
2160 7456
3624 6908
5181 4803
702 6002
1349 2232
3005 5206
5290 866
965 7876
7675 7919
7325 2055
2782 74
7783 3665
6666 569
138 3014
527 1745
799 1614
4168 7412
3656 6993
7562 2356
5602 994
1004 1706
4938 1013
1148 6703
3729 4026
2381 4599
3007 7613
224 3788
5034 548
4291 689
3874 7990
2947 3499
1068 5387
2113 7346
5559 972
2453 886
488 6876
7550 3102
4160 1885
5721 5311
1333 2870
4439 1360
6024 2572
1540 3735
1751 3879
1807 6091
3914 3210
1829 5132
345 6319
7235 6604
3898 7014
354 5939
67 6283
5877 6894
7820 1787
5990 1304
4060 5764
4089 6460
3835 5086
7865 3979
549 5359
857 5686
5282 6276
2640 2773
6975 7861
1666 2195
7117 5904
4025 6509
147 6629
6010 1318
3022 5485
2564 3568
4699 3510
4528 5432
4742 5341
2137 7980
889 3773
2723 871
4877 5782
1312 3458
4815 1782
2708 7223
1751 6606
710 5240
5093 511
3753 4369
3631 3568
7835 4561
2576 6443
160 5210
2132 775
7934 5139
4069 956
4520 4786
6037 2833
5046 7804
1556 2494
508 5572
319 1455
2210 1804
7466 577
6215 2191
3288 689
182 148
3715 7546
5668 4880
198 4991
6325 4280
4899 7717
5974 3175
3711 7118
2211 6641
42 4846
1407 7425
7988 247
4412 5196
1803 7151
2821 2964
1048 4444
7484 4882
7397 5710
7669 6832
4112 7875
6809 174
6859 2986
6669 1582
2659 540
4938 7904
7889 2360
3394 2688
2680 5026
5968 6229
4497 3872
5499 2881
552 7130
6534 1733
1038 5949
1506 5672
3798 4776
1052 5879
6903 2597
4734 3755
1699 6809
7076 3470
4931 2197
6827 4213
4877 6467
2311 7812
2078 5023
2269 6417
1916 5587
5101 3341
4620 2515
6158 6400
1542 7978
4202 7122
3621 4879
7579 3528
3372 3784
1214 1691
6634 126
6666 6266
5745 4213
1262 5904
479 3783
7839 989
4206 7429
4417 23
6632 7698
2301 3288
1053 5502
2354 2178
6248 302
5705 7279
7593 4934
3553 3729
3400 4347
7762 2287
3036 3144
130 6229
3764 7455
1513 1324
275 6956
642 4341
3176 3207
5558 2370
7466 3702
4448 7633
3111 1671
1339 1199
7837 4114
1827 7559
6793 6512
3898 2278
2380 2608
1351 7303
7548 2528
4593 41
5851 6494
6058 5622
4654 6793
7201 4545
3949 4613
6847 7292
5095 6356
7819 7385
6255 857
5135 5367
5918 4227
3236 4232
70 3773
4191 233
2305 7875
5462 353
200 1776
6356 7508
7711 4078
2797 1918
877 1234
5206 7255
7466 4113
7664 7693
338 5600
4000 3263
4777 3676
6161 5907
2997 5010
4023 1238
5718 7170
4272 2549
664 3461
1905 7731
6962 4318
671 5444
2665 2259
6595 979
1920 858
5826 4729
427 6368
3940 3260
5689 1601
3070 4913
2072 940
3408 381
5320 1457
1204 2522
7320 172
4355 5608
6017 517
2740 824
7348 2563
6605 2918
1834 6355
2700 3250
7230 4847
3946 1905
5937 924
5096 6153
7330 4876
7919 6924
3014 3681
423 600
6394 1026
6390 4694
2283 4016
544 2975
1316 3023
5998 5290
1042 5605
6846 3645
4372 4550
