5000
5000
3118 2349
3451 3817
4764 1346
134 4951
208 2752
3984 4176
4749 4243
3669 4495
2454 4655
4367 3068
4592 87
4555 3569
2107 3008
506 2615
743 872
2179 3675
2065 4164
3017 2400
921 3679
784 4056
205 1425
3784 371
4000 2815
4983 3957
681 1197
4269 1417
2567 2922
1758 2794
3160 1523
725 1039
3339 689
4407 2835
711 3103
1541 944
809 2828
4409 1163
4493 2960
1994 3466
3331 1192
1762 541
1623 4856
1701 3788
4293 4304
23 4861
690 3526
3485 3387
3516 1530
2710 1097
1103 3196
4601 2305
106 265
2092 1048
4714 1737
2507 3926
2712 4735
4704 2643
1362 923
1858 47
4414 3470
4116 2058
2569 3727
167 4641
4716 2387
3992 883
1357 702
3718 3333
1805 2526
3158 1580
2309 1841
1295 843
4741 4101
3425 1285
2264 2914
3395 4471
4667 73
2387 3963
1476 3421
487 2139
2111 4943
3277 1739
4909 4410
217 3969
949 1250
652 1277
3595 2898
1179 4052
1795 4100
3471 2766
11 546
2624 239
3335 3035
4187 4882
2738 1330
3870 2517
3775 2442
306 2406
4810 4405
3100 1634
1943 954
4083 2839
157 4697
2407 1113
3616 911
3868 1104
3859 3849
283 1822
1401 1726
1515 2461
299 4290
335 2949
2822 1368
4663 677
3360 425
2910 1039
2524 2022
877 2919
161 3058
4036 2790
4587 4687
4070 2128
48 2851
2213 4566
5 1087
1019 2631
3416 192
175 190
1317 2421
251 2520
4401 3041
83 1026
793 1432
1957 2513
4745 1876
4126 1833
103 1672
1751 2467
3886 3389
2231 1649
3848 1740
60 4781
3326 1439
3439 761
1774 3577
2507 3897
1290 1212
699 448
536 1540
3566 3597
1409 767
1684 3683
3110 1226
2631 390
1377 3094
786 3687
3875 2500
1792 4134
3217 2178
1437 2202
89 2096
1490 4334
1056 913
2765 28
2090 3826
764 4655
4726 3495
1657 897
2853 357
1545 4260
3728 2206
3905 2739
1971 3213
2885 3756
370 4865
3675 4444
592 159
1965 1981
3669 3244
1388 1071
3025 1567
3574 1113
2089 4185
2996 4130
1180 1995
1437 3678
1256 2355
320 934
1589 4827
237 2379
794 4080
4534 272
2815 2374
4679 3575
2354 984
4161 975
3183 4011
3016 3415
1231 4094
2943 3493
4592 1433
4558 2867
1427 3450
4540 4414
1073 144
4717 2498
2521 563
2000 1894
332 125
4675 2425
3219 606
2973 898
4432 4907
4386 808
4333 3003
4630 3200
4067 2152
3035 1743
2256 737
2235 396
4738 694
3818 1857
834 3466
1366 1437
726 642
1581 4151
4010 3452
4583 532
726 894
1109 4613
4870 4848
504 4487
4360 827
1980 388
3772 4613
4530 2320
1345 671
1143 4699
2833 2370
1383 175
1823 828
3423 2329
1795 951
4933 2182
1310 164
720 2900
438 2912
2784 1066
1499 2570
2240 1675
2672 4231
4166 3613
1182 3903
1280 1982
2530 2155
2123 4212
4988 1547
1427 217
212 3773
3992 2349
1196 4338
3386 4478
493 1109
3233 2990
1603 2141
4447 4782
3632 3664
2983 4761
1276 4383
1480 3864
4789 2111
4127 613
3046 3708
33 2554
4377 879
4591 2658
2718 2146
4704 957
2629 3771
262 4817
769 3999
4273 3978
2817 1324
1992 14
3311 1674
1371 4259
4142 2992
766 4063
3994 1118
455 4843
4389 2149
21 4417
3587 4366
1448 2120
16 4168
3260 1233
2901 3781
4310 165
2552 3126
3362 3505
21 3026
4579 3205
3832 3201
1204 2710
2237 340
4746 3997
1112 1103
4230 1258
4785 3360
2510 4658
2146 4095
3341 337
1982 1913
1751 1506
2970 531
3659 399
2694 3526
3905 3329
2963 4229
3242 3292
939 4282
366 2789
458 2780
2644 3497
201 414
899 4624
483 3631
3018 3325
3657 4589
765 3716
1206 1069
407 1111
4901 2785
4033 4967
2187 515
4521 3296
1233 363
4792 4441
976 3813
2390 277
1064 3093
3525 2625
693 3027
3786 4389
4929 4726
2653 4035
3997 1844
1739 4902
2888 3307
431 2114
3193 2115
1250 4194
4572 3349
1360 4012
3941 4262
4752 2281
1187 1187
712 1359
3848 4278
1477 3925
1492 2778
2103 1535
4270 4722
1047 163
602 2116
2608 1767
300 2939
2900 2117
1127 2326
3306 3462
17 3850
2495 2021
4974 2776
4117 3056
1063 2816
1149 3739
3265 1735
2947 111
834 1522
3960 3312
2362 382
139 2064
47 353
4494 1784
881 2451
3672 1388
4210 1390
4961 4700
3729 3407
4143 965
200 3797
3377 1260
4844 2597
2446 2633
1094 4046
1332 4243
2890 885
3070 4157
512 734
3630 3608
3475 3606
4128 322
3219 3587
1529 2082
845 3587
577 1509
3444 2648
2465 2777
662 2087
531 1976
2653 3957
991 2129
2736 4167
4522 4004
127 4922
4516 4645
1055 3517
2678 2782
1180 2339
1741 4685
1349 212
2257 1105
3882 4364
2401 3785
162 3399
3812 1603
2270 2825
3937 702
2321 1414
4431 3949
2752 2791
4047 2734
1039 863
708 3946
3185 2273
2886 3713
3881 631
4286 4230
4819 2126
393 4468
700 2063
4111 2742
1148 4030
4534 3596
2146 3461
4417 3731
2740 4031
3365 374
3083 36
3653 399
2118 4118
454 2997
1555 82
4867 1086
55 4816
3056 4836
3176 6
1517 1226
1943 4507
498 691
3471 775
642 3887
493 4912
4486 4704
4961 3649
3557 1028
200 3902
1634 1782
4985 3207
3830 288
3640 2685
2029 4450
1130 4403
1288 388
3951 4128
4209 75
4055 4238
993 3816
3215 1860
444 2121
3910 4544
3544 521
2903 1192
1740 4106
2863 681
266 1066
2136 3427
3853 715
1741 552
2533 173
2922 811
3279 4796
1297 1473
618 2021
2772 830
66 4724
260 1879
718 4335
4892 3691
1477 4185
69 583
4649 2527
1852 355
1853 599
468 4238
1772 1559
742 1013
65 4783
1985 109
2253 4910
4992 2049
768 1923
1149 225
2960 1419
4992 2636
1299 1068
4297 406
1696 4584
1012 3156
4476 4740
1131 3070
195 4906
20 2167
4068 2200
4110 3686
4126 2697
1749 1015
4115 2464
2106 2900
3012 2562
1321 4131
2460 2036
2719 1016
215 1306
1155 664
4282 430
4059 2060
1894 3173
2697 1970
1519 189
2503 2772
4016 2069
1903 4462
1021 4496
615 169
3294 1872
1244 2633
1421 3171
3960 830
340 2287
3400 2336
4368 2802
2199 2870
743 812
1490 1673
3400 715
2515 2758
3678 1402
2776 3591
2912 4380
711 1655
2328 2763
3315 4256
4076 2091
2707 3888
3220 764
4614 859
423 3944
3491 3778
3268 4891
3637 4489
3381 3571
3337 761
3012 4823
885 1493
4262 408
4353 2480
2161 1991
2362 2205
3662 1884
2838 549
4050 4601
1636 166
2010 2236
4645 2521
674 993
1912 2470
2779 3282
4872 2713
4252 4731
2928 2244
3851 3485
619 2807
3881 247
2451 3371
729 3327
4624 1982
4410 806
255 512
1631 2941
1190 3971
4367 1962
4314 1493
4563 3230
4456 4038
2279 2367
1830 4167
3840 3152
1510 2233
924 2353
1889 717
4485 2074
3720 2751
1358 4667
1186 4369
2174 4514
4708 870
3999 4095
4253 3020
4465 2092
3392 1822
2953 4548
2863 4263
3611 2173
1269 1948
4044 767
3447 3572
1319 2739
1043 4055
4838 4949
3035 1600
1215 73
1813 2959
4811 2246
4135 4412
4877 3533
4539 1212
1248 1703
2049 1030
2473 3806
1923 2120
4260 1812
4520 4794
738 1838
2537 311
5 4790
2 1561
156 630
102 3203
3327 2742
2817 2711
3717 2212
4135 1330
6 742
3220 4855
3044 4822
635 2905
2457 2392
2002 4156
971 2736
4902 2912
2362 2023
1130 4531
272 3046
2834 2872
631 3723
3872 2959
1742 1877
263 332
639 3389
1246 1727
1137 4123
2460 3742
30 4669
3985 2666
1581 3783
2277 1800
1698 4440
2217 4195
1288 1323
1538 2105
1463 4877
504 2847
4064 2089
4052 3564
3269 3788
254 3478
1885 3375
3400 826
262 1732
1542 1469
2705 265
2801 1709
3519 4576
3797 4629
1864 3313
1232 295
1261 4786
1930 1963
448 2001
2792 4657
2314 4913
2578 2329
3794 4070
533 1757
1695 2483
1667 2369
3453 4560
1510 3027
4919 4722
3892 494
4721 3145
1301 1888
4946 3365
4732 90
2846 4796
2821 4517
1549 3068
2014 1106
1686 4078
4368 4930
4233 4969
541 2210
3814 2208
2329 66
1598 900
686 30
835 699
570 804
986 864
1138 4624
4678 2832
2696 1091
1128 2118
2705 1225
767 861
4572 582
2490 2837
3960 802
3531 4984
771 613
4485 971
4620 2802
1355 3011
436 4528
1073 3028
3649 1413
2612 579
3764 943
3081 3819
718 1828
4072 2214
898 764
2872 1068
1971 4216
2412 4741
3731 2860
2001 2483
2317 446
2552 4856
1952 1812
3761 4600
3234 4848
1549 4942
1118 2844
2617 3926
3457 2729
1621 1255
4653 3040
2580 41
4227 3444
404 2626
4659 91
1580 532
1569 4684
781 3327
288 3713
4921 3793
2244 2274
3738 1770
2676 288
4393 43
306 4051
4141 3388
1960 4951
4073 1226
4509 3249
404 4563
744 488
140 3359
3214 2148
785 2515
3941 4847
1253 755
371 4436
4226 1220
3849 3471
1210 3298
797 2187
3660 2381
3736 1567
3242 1529
190 4003
1298 1169
4161 4962
4511 2967
2601 404
1852 94
3429 729
1551 150
2465 2095
49 3545
305 4581
3922 1347
512 4066
1701 716
1121 2255
4163 3232
3912 1869
4248 4915
367 587
393 3038
532 929
1595 1428
3610 2180
3305 3260
1068 4235
801 3407
4789 4395
3854 4163
377 2502
2224 542
3354 316
801 2793
2920 1103
3028 4692
707 487
1206 3027
4477 2718
817 4317
1515 2091
3036 159
1214 826
2250 3719
2875 3406
3886 4947
4728 1564
3228 1217
321 1973
4671 4067
3267 574
1555 1514
4871 4915
1223 404
3075 570
1648 1888
938 2178
1661 4266
658 4208
2110 1630
3225 2899
2999 1588
4803 1552
1170 690
2218 3964
129 1666
848 225
159 1038
994 3183
3541 4326
871 3886
4059 68
1109 800
3833 4951
1506 615
1429 3516
638 638
2502 421
373 1132
3235 3771
1571 671
3030 420
2711 4058
687 4301
2301 4169
1053 3665
4868 4466
3030 566
3010 515
4216 4378
2748 404
3259 1689
618 3549
2732 4823
4727 489
435 3359
1524 913
3268 653
18 667
4219 169
2076 3446
1259 3735
3030 920
4277 4867
1163 4654
526 3564
4659 1904
2856 3495
3004 2610
4744 4928
2709 1621
1742 3495
2794 44
3267 4919
1318 2828
1868 3524
3214 739
3085 1545
3514 3724
2736 855
2489 35
1713 880
4324 1299
4228 4125
1875 1764
1824 3604
4261 893
2308 2334
2692 2989
3586 2461
464 420
4245 3648
3440 644
28 2253
2462 123
2676 3
1771 2937
4142 2804
2094 2680
1210 3622
1954 3709
4499 2593
3585 596
1326 2499
379 4845
1709 4660
4219 2720
2254 3997
3648 1735
4695 3194
888 4189
523 661
1954 4236
4253 3954
3040 4479
500 4706
4000 3576
4449 2087
1180 225
924 4663
4592 4249
2595 2019
3844 4092
2103 2089
511 731
1742 2758
1939 3541
4898 1191
624 1928
2531 1297
3994 959
4573 4264
4144 3395
948 2608
2547 2744
2855 2088
598 1217
3445 856
3153 3924
2779 4113
1636 418
3192 1124
4210 3182
2025 4653
3041 2361
4343 1364
4721 968
629 4538
3640 2100
242 4776
4904 757
1850 417
4919 415
2157 3087
78 617
3651 2996
2129 2962
3315 3746
3910 85
4750 2280
309 750
3054 523
641 1501
4729 2648
4489 3541
3742 876
3380 4491
4881 1155
1906 141
3878 675
3271 4833
2558 2123
944 727
527 29
598 4268
296 2098
34 2659
3595 3471
905 84
2150 1276
2246 386
2463 4934
1699 4883
214 1348
3523 1229
678 2185
2197 2339
4317 4722
193 1093
1406 3711
3905 4735
4165 43
2166 2124
3647 3745
53 681
2454 1485
1228 3489
897 4449
326 4745
1181 840
821 3903
4828 703
3363 4154
2016 1119
2833 2737
1958 4819
2393 2003
2547 1923
354 160
3432 4223
4017 4041
1959 569
503 3505
3635 2126
4786 177
2736 3594
1602 1069
1701 810
723 3053
601 2399
3691 4343
520 3892
2242 2641
136 3048
3706 3030
2646 2926
4531 1156
634 3446
2134 1825
4363 2660
3099 4507
1564 4445
4101 553
2426 4351
4481 2322
505 1450
3055 3387
4643 4431
4139 3494
840 2683
599 3587
1727 1612
3304 3510
1551 4000
4443 1242
1844 3334
1517 1033
1167 528
3854 3719
325 2985
3129 2053
873 4749
4979 4274
2233 862
3133 4328
3628 904
2387 3842
3588 4870
46 2807
975 352
1765 2289
1854 1426
168 3756
301 3556
2559 2215
2552 995
1803 1
782 4420
2129 3895
552 189
643 727
1318 2446
455 1856
121 3471
832 632
3284 264
4776 3133
2108 2666
1537 2101
3076 4632
146 527
636 2009
65 2031
86 2590
2297 3529
4849 239
3059 2383
2828 2449
2626 2634
725 775
4586 372
2167 3388
2933 1443
3684 3735
3185 1580
4382 1032
4490 1197
3563 3571
1183 1301
3334 211
124 2053
1400 4707
4545 233
2647 1723
4445 2313
3385 1127
125 3972
2453 3918
4011 1830
1723 1814
1730 3885
2734 433
1931 3369
2553 3611
2898 296
2004 1130
4963 1291
3167 2353
3072 69
3589 629
3353 3624
3225 3431
186 3123
3999 3520
1042 336
638 4720
1425 4174
4785 3365
1106 3855
389 4943
4985 327
2091 1325
1992 3513
1033 2241
2114 4638
1532 3999
3945 2736
2450 3373
3422 2930
3324 1812
617 3848
599 3833
2344 2740
3745 1924
780 3439
4504 2095
3488 2646
2945 1865
3795 1996
626 2703
2723 2768
4384 204
1494 874
2373 885
3125 2001
4156 30
4417 2712
3532 33
2163 3189
3211 4101
380 266
850 4052
212 945
4954 2542
2883 1800
1785 2494
4569 3649
4747 4552
2357 4358
401 1296
2109 93
2166 453
3400 162
3495 2593
4900 3815
2585 2988
3715 2399
1295 2683
4851 1637
38 3410
2646 3777
1555 484
604 1540
1084 2452
2826 2889
3334 3023
1665 4738
310 2797
3289 4970
4838 4772
2692 3208
3128 3468
2676 627
4866 2091
3790 2382
4258 3003
3048 3016
4977 920
3424 4900
678 4365
1918 221
3989 1228
1144 4061
4273 2943
1821 3437
2128 1334
2565 1139
3484 3202
2515 3048
620 4638
2970 2455
1519 4106
4894 1757
4203 2234
3667 3158
901 4494
4975 3077
3230 3813
1879 3344
3894 4858
2928 257
3772 4223
697 4784
4087 544
3422 3889
3912 4033
912 1335
453 3222
3224 2582
1476 4748
1423 1534
1261 2850
3386 833
2147 4781
4754 1003
3300 1359
774 2277
2696 4503
4250 2923
2578 4820
4640 1758
1745 3750
3166 4881
4396 211
933 2867
4794 1908
1597 4695
4998 1613
1562 4686
4119 324
2009 3142
988 1654
1357 3996
3915 2067
3285 836
1427 1123
1362 4694
35 4729
1536 4930
3429 129
2413 2152
2184 243
3166 4942
1135 1920
4056 4978
1492 1787
712 4461
2616 4505
4996 1536
4848 661
2838 2621
2963 3556
2928 1404
3563 2512
395 2350
4534 2987
4785 1598
2855 4751
4498 3437
288 3957
4510 3142
207 538
3646 1950
3873 4485
3799 112
1954 407
2528 1985
2698 3965
3252 1161
4513 1287
142 1582
4825 1124
2208 863
2716 3801
3918 459
1461 837
838 2727
2731 2611
4292 3904
4444 318
3212 1022
2856 337
3260 2781
32 3746
2893 3709
4623 451
955 2245
2978 3539
3134 2063
837 1376
1184 1837
4803 3991
1948 2304
1531 4018
1090 3751
3495 4648
431 3199
4344 2888
2657 2375
2494 933
1368 3820
927 43
2688 3660
1849 3285
4839 1458
298 1320
185 3683
3502 2712
798 4180
2995 1556
4054 2905
1006 282
3885 78
585 2641
440 3592
4063 1624
2728 3675
462 3811
2995 3980
3348 178
293 216
4227 646
2331 4793
2061 552
4097 333
4116 2987
3617 4726
845 4776
522 4158
3009 1386
42 260
4870 2973
571 1634
4505 4056
2144 4367
909 3873
2561 4543
667 3104
3355 3300
4938 3754
4538 1064
1030 1126
4808 2645
1066 1771
3470 2878
2929 602
408 4773
3873 3917
3701 4121
3293 7
4376 3182
371 1555
2643 1275
1838 616
2516 1266
4767 2809
1146 374
1541 2871
1256 3136
591 12
3838 2904
2691 2704
1798 1051
4508 194
280 2094
2521 4575
289 4714
4620 4941
2074 602
92 3691
975 3492
89 822
3277 1488
3333 1486
3112 3193
3129 1607
3123 597
3055 1232
1583 3740
2843 4214
1715 3221
4951 1536
3040 1789
1409 415
3699 1446
2276 3666
90 2378
1215 1301
3547 3760
4251 3831
1916 1203
4954 3232
4170 1651
948 1764
1795 1500
4773 2237
209 796
56 3800
44 4604
2886 802
211 4834
1336 179
1511 4666
2345 90
2305 2497
3052 393
4575 1764
4941 2010
481 2825
2916 2694
968 657
2641 554
2342 3161
929 1694
3417 2857
4711 4113
472 4923
4791 4141
2740 1138
3483 34
4740 1363
1532 2843
2140 2988
1290 3701
4439 3747
3533 1316
1389 4525
2831 3709
3266 1160
2475 2880
4608 3839
2557 3246
3323 2812
4973 3020
3273 4833
765 4869
7 4340
365 4470
1773 484
2624 1290
4598 4821
130 1080
1435 515
2024 339
1918 3078
4334 3769
840 1443
2606 1075
2969 2198
4967 2881
2577 1309
3366 4856
4647 1956
3887 1417
4465 613
1933 4916
1642 2896
2565 2980
4464 3663
4248 3655
2458 1811
2845 1921
2915 2189
49 1237
2832 1940
1446 2634
4540 4680
3032 482
2966 3293
2258 3427
4080 4400
2930 1469
3217 13
2371 2928
319 3249
916 3931
1460 1903
3830 1701
4316 2331
3648 1238
1071 3690
1234 2291
1494 441
1520 608
254 2341
2074 4693
775 204
3488 2923
4415 4588
4655 1289
2829 2569
3639 349
1504 2368
784 4921
4830 1159
343 427
4511 1276
862 3553
4215 1868
4185 2181
3186 2938
1937 1977
1248 2459
955 1687
4233 16
3602 4121
1019 3488
687 2069
2737 2885
2828 1374
3074 224
2023 1173
4726 4167
4240 405
4006 1825
2828 1576
1893 4258
650 899
2077 3449
3125 1224
1995 4457
95 1468
1744 3554
4242 2174
3920 3766
3532 3415
579 2546
743 1070
822 366
4082 952
3056 1263
3643 2060
4007 4184
2959 281
595 2209
1097 404
1503 969
1190 2030
4320 146
1449 1231
1509 477
2474 4123
4375 92
667 2556
3877 3959
3395 3265
251 2505
1526 2761
2535 1819
3533 1623
4974 967
1122 3601
3853 4602
4456 1060
2031 3184
4683 3605
4644 2093
1536 2484
4966 1120
1660 3546
1389 2075
3069 3628
1048 3566
4109 3071
1496 2789
3518 2797
2370 1157
609 799
3480 797
2564 160
127 3236
2989 1874
1662 2899
2284 2141
3059 710
1377 4402
3315 1572
1684 4091
4860 4267
247 354
4836 3917
962 1485
1461 1041
334 4686
271 3220
1002 2365
1448 1633
4180 1900
1242 4041
3168 3891
1780 2711
3412 3804
4125 228
4391 4066
4012 2986
148 1375
3420 278
3282 3266
3390 395
3067 1143
3646 4846
3093 287
576 3977
3891 1244
3006 1672
3492 3584
3713 4307
4398 781
413 1207
2137 4815
3275 777
805 3335
574 1978
2456 4157
141 4266
1471 4828
3974 3526
2665 2996
2190 1144
1563 2306
4387 1772
36 3757
2020 1222
4328 4918
1697 4428
4740 3885
2298 3749
1686 3600
219 2812
2039 2825
3539 3830
872 1248
1896 3166
3789 4685
2454 1488
988 270
652 122
2422 6
578 4805
89 1222
3546 1149
1457 1570
1953 4648
2480 4071
1752 4727
543 3925
1390 4707
1397 3084
3299 2119
3462 36
2411 3513
3443 3199
1772 2103
1459 367
1800 4027
2751 1676
3028 2450
4760 209
4621 1437
701 4129
4795 4005
3232 2953
2924 3167
3809 2666
3476 669
2858 1101
4645 563
4020 2660
3026 1185
324 2663
3362 3068
3230 3943
4980 79
395 4592
2444 893
3963 2953
2760 3284
1872 1802
2456 2560
1471 2006
3265 393
187 1099
969 249
4198 2530
989 3668
986 809
4093 2921
1859 640
821 4754
1439 4705
691 682
2224 3084
3036 574
268 2396
4035 152
3732 1878
1698 3783
1511 1546
2010 3414
702 799
349 2191
4250 970
3716 4611
4406 986
548 1348
2954 529
843 135
2863 4628
3182 2992
2562 3618
1802 513
4769 1698
3717 4632
1930 568
2970 337
4106 4094
3121 1207
3754 1802
1159 203
3314 2327
475 743
4767 3252
672 1737
4307 2056
277 3989
2400 2294
265 4703
4719 1418
3639 1804
3715 1463
1629 3176
277 3299
1587 2720
2727 3415
3282 3453
2973 2081
2020 4356
4576 1819
143 2192
2715 3257
3955 2290
4847 3080
786 3280
697 803
953 2919
4050 3495
4951 2103
3357 3385
4241 1117
1405 2447
1359 4737
1670 2120
4027 3170
2521 3567
3330 1091
2454 3777
3613 1672
3628 3461
2801 1493
2315 3324
2136 1823
2043 593
4595 2231
1183 1869
2233 123
3663 1394
1536 2191
4119 2526
3408 2626
2272 718
3973 2924
4224 3236
602 4864
4153 1783
1874 983
3744 4389
2737 4483
1365 4909
3378 617
2390 3705
3844 3645
2830 936
1664 3606
1153 2895
4022 3656
3916 146
3381 3242
2433 853
4114 319
3315 1672
3060 2473
4743 2440
1091 2478
2238 1949
3123 2695
1099 419
4791 4132
3969 4167
2469 4380
1451 4111
3781 1919
1508 4588
1204 4375
3202 3846
4122 1904
2630 100
1099 1910
4824 1819
4573 4073
3750 11
3137 2051
2156 1016
2306 4514
2129 2861
4990 3419
4152 1283
574 2425
175 3842
1111 1083
154 1694
1269 314
3015 2883
1710 4836
4079 2991
2887 1922
4464 3879
3440 3871
1625 4197
4152 1828
1881 1385
1157 743
1206 4239
3067 99
4766 2488
714 2968
3000 528
4168 2197
1624 611
981 2255
3561 2488
274 4527
65 2885
1232 2047
3773 2767
122 1034
4599 7
581 1078
434 3645
3496 465
3075 328
2342 1381
1069 3565
3548 3073
3756 4346
2045 1129
3445 2943
3780 1152
4852 3406
3972 1287
4239 3064
3686 4463
4745 2041
2510 4034
2253 1719
4014 1828
1042 62
2659 2210
675 1987
2702 1262
483 4998
3272 2329
2068 2362
4002 2647
1366 3215
802 492
1559 4831
3002 4411
1684 3736
30 36
3322 4252
3686 2965
4775 2656
1821 2946
185 668
4130 3789
1678 2525
2651 4452
4793 425
4889 903
1906 3415
1444 1019
2121 2205
3867 327
834 3133
1916 2695
1920 4627
2391 2042
1445 4636
1589 720
413 734
2588 2175
1904 1082
2475 4292
763 1087
151 1642
2683 1231
4620 1716
321 2400
1083 2741
4600 3890
3633 3335
1359 1191
1978 4314
2787 1903
11 1645
4805 1620
3639 1109
1521 1642
4465 1750
1474 3014
2488 1705
4296 2321
2340 538
3657 2121
4672 2905
4738 4668
4957 1165
990 646
255 352
2895 3479
4158 1432
225 1164
2219 4916
4889 2849
4118 4156
4655 2632
45 484
3178 3348
4474 288
3796 3704
728 2876
4197 3366
3398 124
1475 2624
3281 3780
1865 2545
3010 2792
2111 3359
169 2355
4694 3365
2793 4515
3506 973
4740 1187
2913 14
4579 1474
3053 457
4026 85
462 1088
925 3862
764 1745
4003 2606
3369 4319
2552 3722
2678 3573
4704 533
825 4524
275 3564
3678 4441
1178 837
4496 4251
2643 4893
4207 2038
2496 686
2868 367
3398 2108
2480 2278
4971 2310
400 1549
4324 3661
1595 841
1233 625
4195 1635
4 1114
2353 2742
4164 450
1006 4203
2117 1899
1777 3043
1720 3356
368 3913
1063 4820
536 4068
4482 2924
4308 373
3239 2262
1897 4022
1268 3381
583 1655
1469 1770
756 2145
2743 4180
2799 933
3894 2720
4742 4298
4312 1677
464 1517
186 2042
100 644
1310 262
3925 2295
2802 3544
761 2949
2538 2800
2455 3413
2044 335
149 4154
1469 4286
2622 4896
240 3417
7 4647
2259 4645
2524 4774
2336 819
1451 1019
4008 4911
728 4691
4953 1261
939 1398
2042 1143
2600 383
3462 585
168 834
4388 1958
3460 3091
4635 3265
200 3206
4890 4664
4813 4782
4340 442
3898 3680
2752 656
380 3906
4481 2138
73 1509
4897 3606
3109 1581
4693 597
1093 1158
1771 4544
4425 409
4778 782
1878 2314
2584 631
3325 2939
4472 532
3253 1997
4922 418
103 4906
2544 2174
473 3253
2039 1966
906 1491
543 1925
509 537
541 4721
2348 3913
1152 3209
2952 1399
1792 1550
744 92
4752 2305
2724 4679
2670 2137
3824 2216
4692 2494
1211 4679
2792 4873
1879 3544
2356 2141
1521 2985
4861 2431
1148 2548
2879 3286
192 2338
2055 998
4006 4602
2460 1728
665 4210
1792 3330
1925 3076
1187 2946
3191 216
275 1172
398 1704
3706 3135
1021 4126
4033 3135
2723 3863
1239 1806
3961 1889
3415 4302
376 56
4844 3594
1050 1996
3194 1580
2860 1844
2277 4465
580 1164
3774 1042
4904 4342
3753 152
3133 4838
2064 4150
2687 2923
3016 2935
4537 885
4252 910
4169 4044
1095 4379
872 3104
4908 3353
765 4561
2931 122
1648 3894
2514 725
4001 616
2257 2467
2132 4916
980 376
402 93
4829 2025
4109 776
4351 1782
2190 484
2421 3882
619 4105
4638 1065
3620 1691
3919 4959
35 3123
1785 1224
4375 4876
852 2186
410 4728
249 2483
1448 3597
1699 3286
4064 2901
2604 3094
516 167
1849 3592
4548 3948
852 1937
4678 4174
3319 2057
3201 2661
4808 2554
430 1846
1350 2777
3314 3265
2727 347
3766 2983
3049 1797
1187 4106
154 4714
2335 3187
4275 1378
4560 4867
480 4314
4583 1158
4396 1765
3469 4998
1402 4500
3387 3667
3997 1250
339 1625
243 142
3259 4918
2713 105
482 950
1808 3877
1174 962
1970 2858
1962 1227
3056 3998
226 572
2278 3445
2966 6
2167 46
1599 1342
1612 2532
2467 166
218 4761
4308 3369
1390 2278
2842 2583
2 3611
1285 327
1823 1701
3839 348
1675 4454
2675 3528
2042 1702
2199 2643
2037 2273
3103 109
2211 1850
1130 4201
3002 851
4163 955
1807 635
1867 1430
2240 213
395 229
4807 3675
4178 4288
442 1782
1441 3190
4926 1489
1150 2253
2242 2161
3271 1270
4269 4752
511 1925
204 2145
2787 3769
757 935
426 1724
4548 4758
3061 4200
4591 1153
4028 3219
3876 1210
285 4211
1206 4620
2950 2568
502 1139
2047 1268
2763 4944
87 3796
853 4844
4121 4804
4860 2918
1073 2717
671 3202
3392 4373
1204 3974
886 923
2309 1938
3102 4398
1017 1576
231 3005
4548 4311
270 3403
105 1347
2713 2753
2874 4676
4435 4800
3872 1052
79 4422
1586 1
826 2332
3464 1790
3675 56
1158 2371
1978 4401
2995 1915
597 4837
3721 1679
2532 4793
790 1787
827 4343
3517 4978
3791 2602
2874 2028
1137 1558
2125 4091
4753 3206
3908 4795
61 2101
3302 4457
2505 4169
1504 2118
1847 1773
2754 1722
2415 781
4211 4486
1199 3335
2099 1776
1009 719
2672 2887
3836 1265
1660 1218
1462 671
4159 802
53 2511
3270 3604
2959 2757
2339 4274
1328 430
1758 688
296 4569
4031 1671
31 3064
2183 4712
4670 3684
4 4921
3160 2070
496 4842
1082 1983
406 4113
1772 3286
903 4589
3087 1175
3233 3133
1099 3999
3527 2190
3173 453
2585 4760
1025 4516
3276 1847
415 1378
2401 2327
4953 3413
4359 3735
3464 2100
80 707
1197 4945
4068 3478
1023 877
4554 1008
1154 4001
3418 2143
1748 4798
2232 3342
1558 365
2023 4859
2524 2558
2979 3977
3422 3750
39 439
3033 3017
2426 739
960 33
4890 986
2013 4334
3800 4123
808 1623
2307 3615
3527 1652
4683 1205
1402 2850
1570 3206
3389 4998
2777 1108
2150 4586
825 1861
4764 2947
619 4240
693 202
2011 399
2033 84
2229 2688
448 4118
223 4370
3240 2336
4237 4980
790 2970
3184 2583
809 3145
224 3770
1157 3023
3640 4005
2024 4352
3728 4950
218 3166
3748 3662
2899 1373
592 1788
2877 689
819 1584
4094 920
1932 3126
3971 4569
2151 274
343 4199
496 3217
1563 4700
1539 15
2444 334
3076 3292
456 3937
3287 4548
4081 3144
3510 3338
457 3186
3468 339
2282 929
3520 2833
1192 4236
4480 3637
1074 2815
3639 4717
4225 3790
3482 961
1889 896
2761 4025
2377 3298
2173 1552
1400 4658
4040 4219
1331 76
4420 3429
944 4353
4133 4229
1713 1874
832 344
4694 969
4314 3711
11 1956
2864 4277
4377 1696
2241 3044
86 2777
4713 1706
4440 2193
2251 2108
3860 194
935 54
2658 3822
1264 2082
4667 4842
4908 2511
994 1082
3334 2780
3947 4770
1924 4204
1857 316
340 3514
3423 771
2422 4232
889 4954
3538 4583
2837 1673
1601 428
363 3894
3912 4268
930 2336
2284 45
2848 1395
3531 3538
1134 279
2191 1576
450 1193
3933 4969
2572 409
2658 4330
2447 3079
4329 3057
2840 2853
2675 1586
1803 970
1636 3158
1068 2272
3457 4002
588 4977
1005 400
2040 3762
16 3638
3245 2326
3005 60
1223 1855
53 1053
4488 707
4478 3346
4231 356
4325 2335
2704 580
3428 2319
1521 2539
3401 3469
2995 3223
4823 2140
4282 568
2750 4578
4879 4320
2818 403
3495 2461
2486 1667
900 725
3408 1128
1061 1954
709 4062
2524 4081
3871 4019
620 3366
3747 861
4118 1640
1303 3900
2653 2927
2663 3811
1902 2631
3868 3301
3276 2354
2163 1277
2477 135
56 79
2042 256
29 2690
2701 3184
704 3408
2179 3726
2655 4979
2140 417
4610 2903
3854 1977
2875 4456
1083 4555
985 2309
980 984
4736 3346
1302 1572
4957 2716
2088 3102
2374 4773
3281 3755
2989 660
508 3111
4365 3287
1353 4208
527 832
642 4104
640 1705
802 4513
728 2761
3316 2954
4712 3419
737 4751
3419 2282
177 963
1209 1533
1372 3919
2447 4036
2104 1755
2587 529
4419 4592
2744 3656
360 3930
3098 2818
840 4515
646 3724
1412 2711
2555 3311
720 3282
484 2126
2371 4046
26 491
1182 3543
1007 2315
3876 2644
2345 4297
812 2370
205 4722
3591 411
4689 1205
641 2208
4380 3875
1710 3466
1720 3368
1388 1761
3454 1270
3807 4552
4006 4677
1163 2282
322 483
2272 4954
4806 2370
3552 1333
879 4168
4827 1009
2796 744
473 821
2211 582
3827 1836
1151 1252
4310 623
2142 3253
4206 2901
3738 3036
2874 119
3075 1079
3204 3930
3304 4636
2726 4006
4502 246
375 4284
84 2926
1405 4251
4405 3131
2632 57
585 308
3847 3808
758 578
1280 184
131 4403
2275 165
767 243
2728 4886
4494 4996
4807 1028
1517 3688
1824 1430
206 2931
3691 4044
223 1800
1890 3884
1571 576
2214 1435
2787 4500
4406 2385
3056 978
3470 3286
3262 2867
4353 2212
3399 4678
1193 1765
940 3441
1250 4306
3587 4214
2952 3098
4399 3189
3848 4762
3880 2632
581 869
2858 4721
3022 1072
4989 3271
643 3539
3366 4724
2892 1660
3334 3078
4804 3059
1605 2491
979 2344
1578 1330
4006 4124
1273 493
4744 4729
4124 4416
2784 4284
1256 2406
4810 2895
1669 427
4376 4029
130 4230
2196 4804
2346 3221
4722 3877
1100 1395
4826 4390
2688 3928
3591 3497
894 1303
4507 4677
1313 1331
4134 2485
1215 4894
1447 4307
3740 3984
2103 1762
4885 3219
3815 4940
776 4714
3206 3393
3422 4233
3768 1616
2458 4322
2842 1708
4627 2407
120 3405
1795 1984
3606 3471
4808 1987
1618 2814
2148 2715
903 4547
4794 591
1617 3378
4430 2199
2121 4569
489 1332
2908 4156
4761 3070
4402 3357
932 881
2274 4872
2212 4872
1845 3021
4710 1224
3785 317
3835 597
515 3592
1123 1099
3995 4724
4376 324
1809 3337
327 65
268 316
2186 4573
3249 4013
3557 1744
4539 1241
3300 10
2872 3760
519 4992
2547 3320
1852 1808
2898 1532
2164 3000
2240 2940
3384 4740
1985 1013
402 2477
4224 2175
2131 259
4974 2595
2092 4568
2000 4220
267 4348
3195 1067
3310 1168
645 1305
314 4037
2114 370
2971 3381
1463 916
3498 1090
1696 1894
136 2009
4457 4801
2123 529
2328 610
595 2392
1608 3016
3506 4660
3751 4794
1773 2502
3886 712
4781 1402
3008 928
1274 4213
325 2264
4334 357
3739 1702
4007 1382
2966 2068
1807 3291
2256 1556
461 4282
4323 1343
220 3268
2653 1420
4954 1008
3840 545
3858 275
1214 1919
1699 2365
3704 3397
657 1181
2543 1695
2675 2657
2926 1557
1821 1640
1254 3137
3329 2593
3014 89
723 2779
1181 4336
82 905
398 1847
4132 689
1886 388
984 2310
711 3902
3857 2331
3088 214
3705 1562
1745 1553
3559 4668
4265 250
906 3739
3881 1503
158 3194
2371 452
416 1040
1342 3264
3288 2295
4851 3976
2634 1524
4542 538
630 3724
4158 1890
2678 1227
897 392
4129 3303
701 3348
1826 3470
2173 2246
288 4411
1072 4253
2378 16
4360 1318
2728 4201
3347 344
2783 3342
3948 4840
3675 2536
2392 2359
4123 3436
4554 3519
1350 3769
4388 3165
3039 4215
3356 1276
2880 3889
1046 3023
2740 4844
350 3426
4956 2955
949 418
3798 1023
4302 3290
1779 2340
2241 2478
4919 2115
2443 1912
912 4626
522 3032
1999 907
4953 4828
1733 1059
1669 2236
4328 3255
4390 3861
1930 4794
1019 547
1192 3375
2240 3460
3825 3517
2504 4790
2621 1370
80 1009
4398 2983
717 1725
4184 2417
2421 3391
4649 3503
4433 4799
2780 1041
1163 3313
2118 2478
3766 3557
709 3535
2718 1757
4294 142
504 2922
4914 1382
4033 1612
2198 852
3359 896
285 3282
2510 3959
870 676
4421 2493
3577 2787
1177 977
2053 4947
3601 3181
872 3140
3881 1269
3324 2297
1289 1473
2785 3324
2100 4086
3950 4454
4970 1600
3713 4242
81 1483
2652 2401
4360 2010
1901 3232
4740 4515
4064 3724
1092 117
4272 2651
2450 2104
3246 2094
1584 2886
1692 2465
4560 391
3871 4295
1404 893
3913 2469
3728 713
1079 1832
3618 2421
912 247
1228 2982
2413 1266
1666 3801
3349 3695
4784 3863
4643 1327
4764 4510
4400 2086
4014 4763
3168 2461
3984 3024
2443 1888
2515 3537
3142 4600
1371 1071
1442 3656
1793 2542
317 1376
4116 3572
2303 1687
1955 2116
120 4559
567 1621
2539 2805
2657 1955
4687 3833
3574 3283
4349 3474
2407 3206
1338 4969
3731 310
4195 1655
1712 411
1576 1646
1225 624
4265 1089
3940 639
2438 4429
3317 2096
4037 4839
4370 1629
4680 2312
4391 3202
1439 1345
4248 1764
352 2965
2905 2096
2361 2959
1069 529
1491 79
1094 1772
1474 2287
1798 1189
4132 2814
2420 3736
878 1246
827 985
860 4459
4798 190
1544 3315
215 76
290 537
754 4010
3411 4309
372 3105
1373 3951
4555 2719
4942 1937
1141 4482
2721 2753
2691 2207
4391 4983
1717 3528
1960 4480
508 3779
576 2740
2686 1293
870 4829
1678 2
4862 4614
4587 3224
82 3151
3069 4489
411 3294
1164 3308
4559 2834
2785 4785
1898 4128
2872 4942
3615 4628
651 3106
822 2124
2366 219
247 2967
2099 1987
1185 4817
923 844
1468 4985
3215 3834
2237 1153
1989 3374
1332 529
497 2404
2906 3472
1074 625
3232 4240
4783 4791
4693 202
3114 4230
2051 3999
1772 3042
2630 1560
4655 3077
1978 1841
2398 393
3790 1525
2009 4421
553 1410
1567 1591
1084 2167
3121 1455
4952 4711
3908 1624
4130 399
2353 2904
490 2693
687 2379
2676 2651
174 4779
2083 4474
612 1032
4818 3083
2926 33
4996 4351
4376 4609
3578 3909
2445 2963
3655 3345
893 3169
4776 2549
2798 4016
2041 108
4281 2288
2829 1210
4609 1348
4560 3580
1594 3196
4079 4415
3184 4246
1337 176
1331 1124
1755 953
564 3381
3657 1233
2362 3748
1164 4051
1901 3934
3336 3166
4807 1494
4396 3428
2329 2811
869 2962
1937 3542
2183 4392
484 507
4750 1490
3475 76
1183 2768
4187 3810
133 1153
1528 324
4337 406
1665 4549
1931 2925
4712 3396
4948 2643
521 3625
370 4207
1166 209
438 2859
2044 3778
2516 2924
3257 1280
2164 396
3303 2437
3276 2230
4288 1500
3094 2414
4414 2852
3388 3092
1931 4915
3838 3383
4207 2884
3135 918
1346 2488
983 3631
2061 1875
1251 3072
3691 1118
4130 3360
2265 327
301 4570
1746 3381
406 2536
3636 3406
2014 472
1208 2163
2643 3890
659 2271
1344 4353
1369 1585
741 4956
580 1753
4637 1208
3151 852
3317 3935
1802 2064
250 4512
1798 3483
1041 764
3149 3504
1383 1148
4243 4504
4889 2143
880 3205
2206 2808
2683 4921
2095 4399
4078 425
686 2255
1950 4769
1002 1142
2199 2569
4030 4214
3326 1240
1040 667
3884 1394
4024 3637
2383 3476
1867 1547
3640 4556
4899 1398
7 2383
3499 2006
2385 364
1086 4409
3989 180
2504 4496
4984 3097
1444 3923
1879 298
1910 4043
4356 1962
3288 809
3473 3294
985 1991
544 4474
1116 766
1867 696
2242 77
2395 945
2901 2710
4741 4670
1652 3741
904 4296
3887 3318
631 2892
2369 2687
3549 4910
3454 2096
2428 2577
577 2421
1490 2333
4216 1310
4489 1109
1264 149
1066 3227
4754 2634
2912 2452
2624 3322
636 688
1585 375
4390 3583
3560 657
2395 4733
2293 2159
4951 636
416 4642
4540 2182
1540 1920
2206 1991
3693 4839
3352 701
3846 3144
3801 2585
1941 3621
2654 3478
1124 3461
1865 4714
2067 2149
987 3858
4459 611
2880 1911
807 3521
4631 1250
833 2699
3919 4510
1902 2136
1331 2665
2666 1487
1796 4098
1955 1228
3457 399
863 3626
2420 3781
1635 2930
2286 1311
4713 3022
3496 2319
4558 4692
761 3929
4275 1961
28 994
1400 2313
1012 3188
671 4222
1616 4419
1787 825
4881 3499
2968 2975
560 4639
491 3353
4603 3644
2267 946
4691 2053
641 4379
4224 3215
375 4480
2775 990
2983 3074
4716 3250
3216 1040
256 4677
4966 3248
3662 1047
3396 2757
4171 605
2841 4446
491 186
2097 4486
777 4186
173 2197
4682 2069
942 2653
417 1048
987 737
1651 2497
2796 272
1034 4145
4303 3191
32 3699
2501 207
3417 2544
2587 20
4583 455
590 3087
3214 2308
2525 8
2899 3089
939 1284
4652 106
2899 1022
105 1249
3705 4271
2740 3673
3366 4700
3367 1012
1793 1474
1761 1383
1916 2115
3979 3396
4522 1253
2571 3035
1858 1941
2676 1120
1531 4718
2491 706
1749 2468
4072 593
1368 245
3607 2265
2329 4405
3082 4849
1394 3379
4590 3271
1047 1084
4326 2474
2549 3644
2732 665
2394 2360
3878 2837
1579 1948
1749 4737
3700 2089
1591 104
2674 1630
2922 4146
651 431
3744 3723
2846 428
2210 4877
1960 267
4015 46
3640 3204
4255 1072
2617 4407
2330 4209
585 4947
2054 1116
829 3856
348 4515
4626 3949
4678 972
88 4712
4810 3962
3427 1126
2408 39
2240 2571
2690 2193
4224 2329
93 1591
4377 3010
3363 2605
1936 1131
2070 2197
1939 2543
3833 2408
4487 4045
4553 4914
334 1444
2226 69
3632 4651
4457 947
3610 915
2653 527
1359 4180
4924 3966
75 1688
4326 4428
2014 4378
4155 4907
3658 1539
1144 2205
1817 3168
2455 4472
3304 3902
1596 3473
3380 1297
797 4162
2947 374
2569 4718
4620 1533
2450 1056
2486 4445
4636 725
1433 783
4514 3055
1344 4677
30 663
4773 173
2247 3433
1515 1059
3392 1731
1902 201
4730 2495
3957 2978
2087 2219
4396 953
2078 1670
94 1991
214 4404
3746 3688
1066 769
1626 4029
2780 612
2420 3735
1184 3616
4942 1023
1930 4779
3429 992
127 4178
25 4134
3655 535
221 2503
3057 4055
1010 4164
617 1514
1047 2885
2948 3430
2724 323
3855 4269
2191 1185
2553 715
3849 4379
2917 994
1478 280
1043 2435
4856 679
2227 3454
3182 3055
1075 3920
2198 4482
1509 1939
3220 889
3088 910
2800 2390
2098 1107
3979 3915
1462 1060
3050 3541
571 386
1870 4964
4734 4234
3604 3322
4640 3907
872 4641
2323 4524
3538 2005
876 1449
1655 536
4313 3949
3843 2681
1469 4419
818 4655
4431 597
493 2517
3034 114
3778 3732
3748 549
3005 3686
1342 3046
2326 4809
1332 4656
4262 3743
2937 339
3111 3529
1004 33
4716 4142
3150 3052
945 4723
2592 1404
732 2625
2131 3795
3577 797
4087 4720
265 2185
4663 4946
2280 743
1826 1984
2635 974
1279 954
2444 1784
1153 2229
3326 2006
1817 4771
1811 3461
1418 303
2497 1748
2013 1672
3597 410
1749 3847
2091 1948
1769 2927
1254 2106
751 2991
3307 4126
1084 3412
4439 1794
2050 923
1718 4194
4318 4976
1402 3761
4852 3853
3961 2856
3219 147
4500 3479
3993 4179
4057 4166
295 3036
1399 2528
3713 2962
3445 3849
1504 3510
2804 345
3200 2019
1381 1168
2903 3776
1692 4398
2064 3927
2204 2291
4502 1839
1624 2145
3145 3688
333 314
4363 4217
1422 3309
3923 1593
1372 2620
1105 3892
3096 1968
3817 2355
807 1489
4488 1505
3569 2109
776 1007
2528 1051
2631 4156
3314 3914
699 2048
4732 2739
3103 537
2973 1732
4896 2423
464 1878
3232 1048
3456 911
2181 872
2205 1200
3523 1125
892 3755
1676 1792
120 1837
3083 4976
1198 4986
2768 325
758 1800
3455 2583
1632 801
964 2655
3634 4308
2308 4608
584 1281
350 929
3862 3384
2251 4570
2706 3684
3046 28
4654 921
3005 319
1444 62
4085 4073
3377 838
1340 3000
2261 2910
3195 1743
4421 3661
4004 4254
4903 3103
887 3430
882 3321
4486 614
2686 611
3806 640
1534 4975
1621 3462
3757 4039
2966 984
2504 315
3957 4453
273 401
3965 270
1187 362
1436 450
3651 3325
1216 1471
3338 4673
2957 4273
365 4271
1743 4782
3650 737
4632 1810
4213 2491
4531 1861
4723 3468
4290 3789
2167 3073
2493 4836
11 3278
1598 708
208 1900
469 4301
750 3055
517 4650
4397 4070
4962 3998
4984 3828
3626 1594
61 242
2136 3578
2593 1211
4243 2411
1283 3435
2605 4265
956 1710
4912 3913
2218 1085
4842 4968
939 2064
4685 2878
1736 3594
503 4908
584 4408
4069 1058
522 1916
1389 4820
3755 4423
4310 3521
3168 4588
2764 923
359 4291
937 790
519 4631
4928 929
670 4705
3911 1543
2693 2221
1481 1259
3759 1814
1431 266
1986 2383
1468 36
3072 1042
4620 1554
4158 1580
1447 1306
2321 1074
1487 2745
2220 328
3517 1731
553 913
3339 1560
4537 235
2225 1088
3877 1345
2492 2599
932 2607
3004 1696
3466 284
2153 3129
4772 2247
38 3397
860 1923
2525 3536
1716 496
4511 2133
857 2241
2745 2054
4004 3987
3117 2018
2643 470
2237 3379
3421 4236
676 4595
2951 3069
1818 1890
1208 3841
3999 2172
632 2496
1296 4310
991 3726
299 4153
1954 143
1073 138
3426 1798
237 3092
1894 1914
578 1397
2526 4199
4326 735
3040 2624
2951 3111
2364 2297
379 3067
2196 3742
1018 4040
2239 1215
1697 1086
1965 1704
3845 4904
3480 292
1209 3195
3079 4004
2130 2309
4486 3320
12 2066
1460 193
1799 3560
679 503
3982 2262
4923 1094
698 4978
4579 3812
2915 3457
4135 599
597 4829
950 4549
3595 1087
1601 940
1295 4842
935 4135
2770 3425
129 2166
3714 4229
2383 2342
1963 2559
1175 516
3347 3140
4989 4358
474 1372
2165 3750
3505 3659
2283 3382
1032 441
4035 1560
2016 1665
112 1777
1024 3429
3611 2332
2437 2324
1349 3569
4240 4770
3371 2340
4515 1706
2063 1868
1865 521
2109 4726
1563 712
4759 1087
3335 4902
1801 3386
924 4861
991 4892
2684 4848
887 4013
1008 1675
2164 771
3810 2498
3062 3285
4798 1604
751 2523
4283 830
935 4577
2411 4538
2820 3521
295 1805
4781 3952
54 1255
4340 4812
3957 2965
996 1968
4199 4029
2395 4307
1033 144
1245 1722
1806 1106
3100 1973
1361 269
3401 4662
107 3504
4816 4344
1983 430
4229 4096
1564 415
1448 4019
831 4819
4305 4836
512 2901
4304 3397
2079 1282
1645 3956
4502 1078
3210 2826
4757 3363
4490 3260
2978 2502
96 1077
3872 1835
1048 4606
3662 4905
4904 1099
375 2500
3222 4324
3509 1201
2529 3683
3774 1600
4974 1501
1901 3526
929 4147
3504 4633
1370 3658
3277 3538
574 923
1681 1692
3350 1668
4099 1621
1284 4504
4286 4586
4486 4071
4313 15
2832 2507
2658 2108
1162 1325
4428 792
1916 4305
2918 442
1757 6
1959 2221
1378 4007
1398 3270
3314 2800
4942 202
2978 4191
1409 2589
425 654
2443 1063
2772 4741
4371 1468
490 1385
2120 4932
4227 2544
4543 4272
50 3962
3444 1620
3736 4301
1050 366
3622 4044
4950 1187
4503 1005
3617 1474
2854 1148
4285 1632
3871 1495
4536 3813
1976 1192
99 2913
589 315
3884 344
3466 1603
4720 2318
2864 1419
4229 1214
2113 3506
1113 2765
226 1741
1777 2911
1282 614
512 1661
1499 4116
4805 66
3560 2181
2092 4002
2857 2412
2088 4901
93 3627
1828 1623
3822 4532
837 609
3549 4085
3668 3427
2961 1969
2320 4617
4923 2365
3601 792
944 4834
2100 4040
1501 613
199 1973
3268 310
2831 258
4444 4973
1539 4888
4761 747
4339 643
3730 4969
433 4840
812 2740
2616 4676
2707 3211
4543 4076
2913 3094
4510 4105
2757 2430
4046 1067
2154 546
123 379
3678 1281
4042 1776
785 3310
4863 2665
2231 816
4556 4574
4086 2775
3282 3802
3633 4096
1203 2821
2946 4992
4919 3044
4816 1041
57 4659
1156 1986
449 4803
2503 481
1134 1413
4489 3765
3519 1366
1059 1557
2991 1078
17 894
3709 3116
1760 2828
4219 302
4190 3211
1750 4042
4899 46
3992 1323
2311 4839
1172 4126
885 3276
1611 3561
2975 2918
1641 2809
1478 60
4906 1455
4213 3350
972 666
4693 1185
12 3788
125 2521
2457 2141
2305 2546
3628 4520
4461 670
2369 2234
3044 1853
2807 2148
3641 726
248 2995
392 2622
4331 3154
1875 899
289 4767
565 659
4285 1292
2008 504
1324 2678
3579 3569
1156 1102
2007 3710
1179 3486
4619 859
2624 2343
3826 4564
420 4854
953 4782
2260 3915
2654 1546
2098 4977
1013 4656
2975 4899
4150 2401
1374 454
853 2151
4305 235
2712 4037
1955 2365
2813 4253
1395 221
1983 3383
2057 4407
4826 1734
2681 4942
1144 533
1097 4647
1971 588
2201 856
4426 708
4794 3962
4171 2192
4629 4111
2814 2881
596 3097
2789 1951
1807 4168
994 4926
2867 278
2492 1337
4422 2169
417 2638
1927 2928
4732 1728
2224 2546
2895 3272
4216 2844
235 2716
3823 4464
406 3721
1844 1639
642 3409
1318 1922
4355 1381
3655 3504
2637 132
1055 493
4561 4158
2900 2765
280 4251
4669 3865
1506 742
3572 4294
4132 3888
1024 4967
1315 1119
3998 4271
2129 1781
1463 4370
3106 4745
2285 4788
4410 520
919 4120
4596 2098
3501 1280
1495 286
4617 4625
1509 4177
898 2913
4091 2282
77 2791
1069 4362
4747 2654
237 2783
2812 2873
2856 2735
4858 2447
1625 3477
220 3210
4354 2593
3786 2371
701 1497
4014 2859
2686 3444
3205 1615
3971 911
3390 2687
4386 1084
2195 876
1890 2022
18 1948
1684 312
428 492
4573 3461
435 4594
4320 1490
4979 4248
3533 2557
2703 665
902 3369
4836 213
384 3970
4246 1266
380 664
4587 3237
3789 4197
4887 3485
4989 921
4872 3522
4521 406
4925 1353
1391 2751
3242 4152
1227 1865
281 22
1783 4747
4889 1733
2619 1868
3111 3424
4277 1548
4915 4540
2135 1069
1335 3018
2541 2752
3911 3378
4771 1973
1646 1304
4534 2851
3440 3948
1190 2879
1188 3725
4083 3808
4265 3728
1386 1823
637 3431
1879 172
4155 1772
4212 3477
4132 4543
4637 2470
3482 3982
1306 4505
978 2447
4134 545
3328 2201
3800 1051
371 3311
927 4514
4330 4445
2087 4560
4957 4950
323 4926
3915 1504
4023 1304
900 2701
4266 2518
1896 3600
2899 2796
4303 3843
3176 3449
3230 4165
706 1735
1136 2070
2940 1758
1652 1061
1248 1450
3768 4413
4255 2781
4734 2499
2084 1652
1398 3712
4273 4549
4313 1149
1097 637
3639 4237
17 1544
2391 4553
3023 2226
3825 4899
1876 615
73 1443
670 305
4899 1494
813 534
2986 2668
1896 3084
4502 3956
1317 2357
4500 4822
2765 4094
3765 3829
4492 2232
1391 3519
2149 1384
784 1434
2065 2952
2384 517
2761 1515
209 1610
4504 2278
2784 203
1280 1260
1031 4657
87 747
1877 4138
1721 1802
3917 2211
257 2374
2187 2107
2082 2123
4066 1758
3733 255
1903 1844
4976 2777
3722 289
1252 854
1848 3328
1797 1262
1742 3772
1096 313
2155 3329
3239 582
4500 1439
4056 4096
4476 898
4314 4152
3734 4298
4469 2350
4997 3970
4179 4996
1597 1928
4985 3276
1187 4653
207 1674
1209 456
3853 741
121 2476
1732 1486
4567 324
1177 2895
4215 1311
3768 4324
2582 1069
2055 3028
2888 1417
3609 3633
3455 1044
372 4304
2320 1500
3802 3199
1813 1909
4385 4768
3516 462
2735 4349
1641 2375
4697 2482
2112 928
2326 1128
2781 3656
3709 510
2769 2815
361 1260
1621 1743
339 1000
4928 1572
2088 2860
211 595
4482 2499
2246 2591
3530 1638
246 3702
2449 562
2724 2737
2278 1547
3534 4253
520 4045
3846 3419
1624 1376
2359 4534
4731 1297
1074 22
865 2731
38 736
748 3641
1094 555
2880 3826
3002 3414
403 226
4404 1847
531 3330
1401 1669
3547 1290
484 487
4556 3570
4392 4214
1704 2297
4065 2140
233 2465
3919 1969
3100 4981
2292 4363
2151 1000
2454 1485
543 563
3287 4013
4397 1484
3832 2504
3347 3862
782 2137
1280 1886
4313 1868
2598 1877
4137 444
2135 2533
2885 4942
1134 2938
2530 537
3813 4674
4591 1626
3894 4292
2953 409
1204 1522
3782 3737
17 3518
1248 3787
1630 4152
41 4310
1203 2547
1536 3839
834 2671
13 2188
662 4731
1870 2963
2954 3733
4674 3708
834 1661
3506 2030
1795 3388
2012 1577
4107 2933
3030 1806
3306 3341
4308 122
3230 3877
933 2948
3652 1128
383 2931
2239 2880
2679 1887
2402 4474
3540 4691
1918 4654
1001 2360
2271 968
4070 1676
950 3321
578 2225
2967 3293
3617 4384
4302 831
849 4048
413 2327
4212 4639
4183 3195
3474 4040
1339 1178
1898 4128
1027 4889
3610 3922
438 3968
1082 4165
3081 4346
2503 2727
3224 989
2399 2859
809 1555
4310 435
2651 344
1366 1024
1762 4877
1258 2789
3423 4599
2251 2974
3634 3295
4756 4123
3458 1352
123 3232
452 1388
1244 2984
4114 1474
1088 3956
500 2011
1823 735
1411 1174
654 3941
1368 2751
2578 570
3826 3977
4170 516
2818 1470
3276 1213
1828 1188
4107 1673
4118 1718
850 1077
3853 1702
4437 530
192 4390
3957 4761
2196 3572
6 3169
2630 2798
4075 992
1185 2355
3995 1921
4662 3595
3923 2643
2238 3502
3034 4593
4811 4934
2420 1221
2851 2693
677 2200
504 868
91 4071
733 3617
4698 3988
3844 1278
1885 2932
4231 914
1347 3230
188 3544
806 2337
3884 1569
3751 4946
4005 3400
1359 4991
2406 3905
2032 631
2159 3102
792 3222
667 208
2366 3060
503 1468
4855 2533
2779 1143
1020 4012
662 1459
3571 1987
3626 4937
2851 2046
964 1590
1179 4570
3006 1046
2190 380
640 4559
214 953
151 2559
2931 4888
1397 4804
2937 3846
4622 1869
2490 4111
1462 4290
2129 4345
967 3311
4517 4209
1292 3318
1768 2904
388 2995
3823 1447
1941 4679
4610 3212
1066 1483
3291 4215
4015 928
2955 953
2023 3727
3521 4967
1071 1810
214 3173
1309 3098
4827 1644
1453 1993
1907 1593
1080 4457
3856 3418
2415 2841
606 263
4575 2759
221 2119
2594 4059
4694 4130
616 4309
3463 1120
2645 1837
2563 2522
3602 1670
4863 3674
4735 4193
3852 4997
1748 518
2339 4103
4281 1645
3337 2914
4950 3770
3970 3266
2332 2478
1169 4410
4889 1593
1188 1806
3357 3683
242 83
2497 1131
1170 142
4343 473
348 4987
1332 2269
1427 1158
1179 423
867 2266
3424 190
1264 1010
801 2818
3288 3967
2860 830
2588 1372
2067 1141
3405 3058
664 3070
288 1886
4564 3769
3642 471
1804 2859
2198 3439
2178 3516
3266 2891
3543 402
1101 2546
1821 176
562 4395
1300 3561
130 3571
2394 1240
799 4462
1543 3874
2297 1710
30 1715
4558 3015
4267 3768
1927 3680
2933 4612
2822 4518
3626 1494
2965 4492
608 4328
3517 3910
2634 2351
1906 3139
4765 1274
1003 4959
3226 1458
1796 2720
1473 826
899 725
2851 1902
166 4436
4716 1126
2305 3267
933 1563
1698 2251
2856 576
4685 677
2517 2140
4982 4956
3145 4982
1505 3581
1205 4248
941 3935
4330 3385
908 2747
4619 4930
2533 844
2370 4883
2636 529
502 4577
4226 1815
1975 2151
3245 3018
1206 1642
1728 1075
285 1670
366 4317
4701 4395
3892 4020
2655 4580
3459 923
3289 1782
2916 1502
2926 413
3817 960
4248 866
756 2027
1373 1028
3371 2053
3873 1139
2994 1224
3365 1293
2909 1064
1965 4455
2971 3947
403 4668
3878 3666
3245 2008
498 681
4396 3344
1000 2921
2872 4328
4996 1929
2802 958
4502 259
736 2973
2909 4401
3465 3610
2488 3602
3257 326
841 1292
3393 4499
3668 781
791 2009
4843 274
653 1160
43 4209
1219 792
4758 2378
4845 2199
529 1946
481 1824
4864 4757
4445 900
3275 2667
201 4526
1819 1526
4967 697
4885 965
4119 2761
3682 2060
151 3359
3246 3455
1393 3815
3778 3741
2113 1633
2519 848
1743 4789
3712 3403
3424 4487
447 4897
2251 4228
4716 3762
2668 1316
4887 1433
4247 2422
1148 2772
2232 3632
1536 2606
4151 4621
670 2179
2313 37
795 1227
2622 420
1480 2923
711 4386
4282 2464
710 4089
895 3315
4953 1982
4081 3156
2129 34
1934 494
593 2548
192 837
839 3078
3692 4111
2631 4084
4662 1682
1234 4035
3676 227
1680 1600
4939 4283
757 3327
4482 3485
630 2066
1377 2336
4757 1527
688 3549
4814 111
1357 485
1737 2058
1805 3504
3961 3845
985 3105
253 226
4888 1235
449 332
2169 4950
4141 4380
4060 3781
2710 4740
786 2665
4232 9
2190 1404
4961 3769
1647 4096
3084 2350
1556 4227
56 585
902 1825
2157 3080
67 36
3571 3788
2744 2731
3057 3889
4360 4508
2927 3702
2913 2525
4273 2773
4282 1965
1297 3076
4411 1163
1435 4369
1317 3979
4536 2726
493 3071
2535 4657
3058 4365
4182 2995
1300 2316
715 2197
3786 2885
1909 300
4274 3432
497 1989
1116 4035
3625 2596
4682 4383
846 4553
4283 2730
2483 694
603 3827
1133 3924
1791 2649
2537 4377
1827 2871
4283 2321
1572 2954
1340 1760
1098 2329
3044 1069
130 1990
2120 430
2038 1688
2902 3438
3399 4215
770 2455
4517 2652
1820 1862
4903 4625
1565 2747
1305 2581
3182 1086
310 4029
1609 2796
4970 4593
4019 2593
3823 2920
2708 4582
420 2005
4545 110
978 4735
3222 1754
390 3355
2938 3893
3232 2014
4586 1735
3936 835
2430 1690
917 1061
455 1170
4055 879
2480 917
2698 4924
123 2273
3725 703
1945 3458
1505 3868
1355 4742
1408 227
1589 3632
74 4753
945 3109
4104 2591
3755 2452
4935 4077
466 2988
4122 1916
4177 4987
2955 1074
3869 2655
2168 2595
4913 964
3932 3777
1979 3795
475 2059
2858 4924
545 160
935 2580
2127 232
439 4927
2913 1723
2284 4064
4513 2973
4817 1086
4903 984
2419 3606
2517 2838
3816 4619
1724 3726
1831 1439
2826 3000
1933 460
1377 174
2988 4436
3702 806
4387 4712
4158 4483
1108 4730
272 3628
277 4223
4994 996
2329 1167
1919 1206
4713 169
1673 2785
3717 1851
1604 740
4874 2224
1976 3074
3371 3998
1118 4347
2453 1341
2342 2317
2079 4214
2038 1532
1154 4275
2915 2252
3345 1550
3875 3695
2510 3893
4000 2172
162 372
3944 527
2925 1522
2885 3305
4407 1394
2913 2880
3901 715
2413 2869
1669 4936
2584 2368
2293 3349
1338 2933
3462 637
2922 4693
1998 295
1812 1837
2022 3104
1136 2407
1962 329
2425 4640
3545 2948
2075 4768
26 3121
848 507
3356 1939
2288 47
1489 4500
3593 1076
2798 3864
731 2643
4523 2454
4695 4704
4948 4978
4241 1604
4901 3110
4269 3659
1798 2711
2127 1015
4021 1666
14 2599
333 2927
746 224
2981 762
944 4577
4227 2713
4990 831
4309 3728
237 2502
894 166
2934 3331
4490 1869
4993 3565
3090 2470
947 73
4628 3840
4822 18
3311 3998
2816 403
1264 421
4451 2112
1301 2129
4233 4646
1941 4229
2545 2490
965 4195
861 2104
3439 3188
3567 3744
1097 1145
900 2215
2903 2856
773 4388
838 3796
4773 2810
542 2621
58 3910
3946 4754
3730 3591
3713 3217
1257 2664
106 4812
3476 4137
4575 4354
3190 1709
2285 1042
3289 2482
2185 3409
4098 3021
373 4496
3362 4140
1379 453
2959 2072
4369 2806
1844 2373
3237 4538
4979 4251
4563 2131
4612 4381
4414 4598
4136 4134
4195 511
3676 838
1044 4671
3228 2558
1423 2570
1331 1497
456 434
2819 3085
1998 1788
4920 1929
