2000
2000
1166 437
232 554
1483 1607
1285 650
1616 1924
1607 1949
1678 641
374 1625
827 1225
1882 1237
22 48
383 1076
1032 70
1370 1838
760 392
891 433
1821 811
1368 389
1061 250
514 1250
401 1018
1483 1229
299 369
1612 114
301 317
1426 264
390 245
1657 673
355 1540
1740 1295
1441 1947
270 1836
875 36
1871 1751
1658 1094
304 559
411 213
205 1033
326 1270
1556 1426
1569 1437
521 1430
544 1902
1970 1088
777 1985
580 1092
293 1892
1836 283
401 1013
526 92
801 1000
738 1360
1848 1669
558 835
1770 1319
275 1253
1488 852
834 579
1858 1819
1520 1497
1103 1080
989 509
474 1591
1873 1971
1272 657
819 1160
393 1077
294 1185
759 504
767 1735
12 1188
946 1845
547 1414
1545 1079
589 1513
446 1694
1088 313
1114 1230
1798 1230
1188 1711
935 629
385 1412
1133 1729
467 1107
1449 1190
1522 670
1100 361
507 1966
912 1770
409 455
1004 1841
185 185
1888 818
1098 662
978 767
1624 1737
280 275
1827 1600
1714 177
1455 60
396 1941
1214 227
487 608
1904 1158
1356 270
337 665
1413 387
200 1130
1108 474
1064 28
1221 1881
1983 1759
1969 335
1391 85
350 1018
972 423
1204 721
996 1047
1969 1286
854 1106
1594 383
616 1638
1264 51
1770 769
1031 558
910 932
1262 1063
390 667
1114 1834
790 980
1503 882
1280 100
1345 1165
688 1146
1755 1618
1816 1268
169 931
413 1007
1576 336
1254 1558
636 825
783 1274
1684 1638
263 1152
618 1428
1930 627
1433 1668
236 1833
1300 392
1828 1686
1475 1000
893 1067
1191 1676
1188 1492
555 1964
1831 459
479 1194
1665 361
743 129
90 1130
1959 407
688 1259
30 1801
1220 654
518 1183
481 1078
225 1905
800 709
1568 701
1309 288
1520 1682
766 342
129 1005
594 1551
1876 564
980 663
467 1339
1568 1512
1241 893
1737 64
1127 634
1890 52
1800 1667
139 1025
177 1679
1894 642
184 1531
888 187
880 1790
845 275
1885 645
878 381
1002 357
1253 1667
504 630
1563 1745
853 255
1723 1736
751 1395
99 1434
971 1370
1314 131
998 874
934 1335
1204 1062
1533 1854
1027 135
1787 1474
1312 1995
20 676
703 234
592 1559
979 277
1895 1828
1334 919
882 660
1894 446
1655 990
1611 271
1759 1360
797 1516
1221 1685
369 1534
383 1188
144 386
1351 205
1675 970
527 1091
195 1330
323 1688
252 1528
1896 1510
193 139
1842 607
929 1683
848 520
969 620
1566 759
989 342
509 36
1382 942
1924 23
411 1487
631 263
1137 962
1679 677
1499 814
641 490
784 1754
1120 172
1904 1687
1896 980
785 1915
214 1320
1475 1595
1564 443
227 1835
1605 629
995 461
923 863
229 1954
44 1839
1224 1712
503 1160
577 1886
1783 616
1269 38
1370 578
974 1737
218 1842
1210 770
39 1391
649 1920
940 1138
1901 1201
1595 1344
52 1112
1313 1115
492 956
1781 408
385 681
1562 1188
106 242
450 219
1040 1442
147 375
1135 876
666 365
250 528
1169 45
446 1447
1220 25
803 1810
1274 1023
1780 673
1938 26
558 235
1687 1350
105 1399
833 1957
1683 1108
632 1699
80 656
39 1701
1309 1807
466 1984
488 138
434 171
858 299
1109 525
79 1961
825 374
104 1241
376 48
1238 1622
1611 1772
40 1596
756 149
98 719
1124 524
315 415
959 211
1982 1694
1498 791
1234 977
1301 26
1780 1225
653 1567
1554 1853
590 363
813 869
321 317
1941 1379
1270 205
1661 136
267 55
767 998
787 616
534 473
331 861
1785 797
179 1944
1247 306
1598 235
975 521
1444 911
1759 148
1677 1819
1492 1066
1324 724
1400 877
1652 1620
1585 1442
1753 349
527 681
1821 931
634 1139
566 1099
587 959
528 1098
1032 1427
1256 1799
1986 1914
1455 1237
228 102
268 1975
222 1801
65 345
767 1000
1544 1084
1743 1081
1316 1904
304 1322
165 473
1463 1715
669 813
1274 673
219 1358
1105 1451
124 1173
63 605
1753 268
1431 1503
956 236
963 1802
1914 76
638 704
32 1346
748 1461
3 1858
1740 703
1068 1560
1264 236
1142 1299
129 1194
571 96
1676 194
117 331
1099 452
484 1268
1819 732
1904 755
736 1242
755 626
398 782
312 1087
1341 1118
584 1569
352 1040
1503 1000
1574 1362
1567 990
1613 116
106 12
1048 69
807 902
664 827
42 1797
828 154
1282 500
1511 1844
168 443
488 1768
888 994
1589 1862
1211 1507
1937 564
1850 1909
278 889
1557 668
1036 1878
349 896
1427 1534
924 857
190 1978
1982 1361
1093 1034
773 1774
317 605
218 828
444 833
482 1135
1640 533
129 149
420 1308
761 1229
658 277
25 1416
1954 62
1064 931
126 1353
382 301
1700 1656
725 1243
1258 1424
596 230
1346 223
1780 698
1760 1449
1300 373
92 1063
260 1868
1852 817
1474 1884
1535 1988
508 296
1314 1668
1006 412
1705 12
803 803
1066 1205
451 1090
956 1152
452 65
1373 853
955 982
1067 6
1644 1670
1340 1034
460 1702
1908 1837
1847 837
1034 76
1194 1510
1435 761
582 1034
1501 672
340 1908
1720 398
1555 1578
583 1894
127 1424
1481 86
324 1684
52 810
560 118
262 1614
1739 917
87 287
1263 882
283 953
1933 301
632 176
579 1747
870 778
78 540
1168 1926
1361 1696
1021 1477
1770 191
1401 1718
485 1684
945 495
1180 908
1323 540
438 1968
407 1806
269 1242
1258 58
1492 1572
256 341
1203 1600
1692 1027
571 770
1170 775
945 511
849 329
161 424
812 1618
1616 1372
390 707
1503 784
352 293
1476 942
19 1755
530 688
761 787
1833 495
167 238
342 280
325 177
335 910
1014 1655
1500 790
1580 1642
1676 61
586 612
1300 1444
1472 1092
1629 949
1326 1141
578 1772
398 1103
516 726
165 50
1825 376
416 752
1807 1099
985 680
619 827
1850 393
1571 1976
255 1226
1657 1212
284 1245
1486 990
731 1114
390 1086
1383 1969
577 1424
822 1427
1129 1504
981 855
1856 120
992 759
290 1606
1096 1603
1962 28
45 1074
1145 672
1623 376
40 1832
1369 1450
671 797
1892 1827
614 1373
1447 1400
1393 394
627 929
215 292
1039 1983
123 1613
1691 1843
626 993
403 799
1879 173
1618 1912
1724 1658
521 911
1886 922
1989 32
1442 1557
1978 878
173 1782
1384 956
502 1686
1197 1044
1759 834
1302 627
1245 796
290 1053
1121 1788
1142 1588
1350 1147
1336 528
129 1598
1756 554
953 141
784 41
1649 984
1297 110
1301 818
162 354
1361 1133
799 1252
1511 174
828 808
644 1415
1 496
137 1076
698 1344
1492 1118
1518 1989
446 815
1684 1926
953 702
1912 678
1281 105
815 1379
516 88
1082 1846
1808 741
1682 1152
1017 384
492 1529
1990 6
1220 1537
549 315
1683 846
418 1741
480 219
771 903
1726 871
1617 317
1851 861
770 1623
1257 1666
43 1005
1449 355
968 994
1812 274
4 1275
1462 983
169 245
748 1611
701 899
408 1016
353 1867
1347 1565
1513 1502
736 1722
1037 688
388 1664
1486 967
594 1083
1223 1462
1068 546
1977 1049
583 844
1079 749
770 1408
507 1554
739 1188
530 471
890 22
1191 71
1060 1794
390 736
564 1015
1571 634
937 1786
898 965
408 1850
453 1229
101 819
629 1833
353 1768
1473 609
433 1035
1908 1242
831 1749
476 1884
1599 685
433 327
1023 1288
66 273
415 89
501 1330
1959 1721
891 1795
1192 1752
784 893
880 1277
304 1529
456 855
1614 283
870 851
144 1172
78 1485
1346 1687
173 1071
1871 348
43 924
1790 298
1766 1572
501 1365
1617 1252
401 1408
167 1403
1040 1839
749 1199
541 960
1318 103
1020 1315
601 1642
432 1114
1803 620
1323 488
1782 1979
259 619
1523 1610
990 194
428 227
911 636
1934 1563
62 1630
542 1106
106 1899
1328 1520
1208 846
807 1099
973 1451
1272 534
329 611
3 302
255 999
141 239
1553 1754
1064 330
1703 415
579 842
234 720
1261 984
1243 1378
76 461
1605 81
1134 1370
1732 490
385 1165
1514 323
389 33
256 1204
327 616
1663 1074
690 36
531 837
785 1323
247 1624
395 358
570 1668
1315 1687
261 953
825 1966
789 857
1738 483
779 495
176 674
461 1624
253 1151
393 658
1984 1207
1960 341
1744 651
1280 1689
1129 949
92 840
1397 985
1160 577
487 1985
1585 1684
146 1959
899 1019
624 1451
874 1796
169 869
1779 305
1033 496
770 1288
1196 1990
1070 1413
205 1183
1525 652
631 1076
62 1235
974 1063
566 1092
1749 1773
1180 1277
171 941
890 995
1344 1340
17 313
43 219
24 567
1505 147
272 1805
1817 1486
768 74
32 1957
1074 1550
784 896
198 1803
509 587
676 34
42 301
419 1987
462 29
270 1370
189 1785
1055 975
143 706
971 576
543 426
151 1601
1086 1806
629 1054
318 1453
595 570
669 654
831 1837
1535 1192
1238 1262
1773 1712
84 306
193 1580
987 781
880 250
148 976
1922 756
1018 261
1778 1066
834 1157
574 1180
523 1177
1736 717
487 659
996 736
679 769
1330 1830
789 1234
508 1676
867 1447
1190 46
283 792
1444 1921
936 1614
1975 1119
1988 147
503 1396
779 1319
376 110
1999 1600
181 1039
1944 1694
144 1512
703 469
10 845
808 716
84 949
1462 352
1017 407
329 251
338 501
582 1555
344 1419
187 1809
1984 901
1033 1358
53 1890
1898 1656
404 1387
910 1896
256 210
1422 110
155 817
1689 1345
1353 583
1834 1700
482 693
198 279
650 996
494 1603
1675 1843
1997 1007
1919 1329
1386 1338
1971 484
1849 488
1117 238
1054 901
208 1161
1658 224
641 24
297 1776
493 143
1325 1808
1207 1687
1306 562
81 1322
1806 1677
65 480
1071 786
789 216
437 944
804 1892
1340 1384
212 352
1107 1984
1904 1966
1485 1770
1923 1554
1979 1572
18 1817
1203 495
1948 251
992 1198
591 1373
1589 11
1854 626
921 1402
1544 1150
1981 617
758 1799
931 193
1282 460
574 1443
1234 568
369 1123
1346 344
514 410
965 30
776 672
571 364
1817 491
904 431
202 1559
1854 1166
347 1681
1886 981
43 1039
1151 767
185 516
1863 1178
1465 1652
1159 1796
1982 492
1450 1914
795 628
1087 734
425 722
122 1043
524 957
16 1505
1838 846
1472 421
1691 1212
1988 1713
1846 875
1011 537
867 1920
169 1156
1882 40
1500 1443
551 1344
56 1318
1976 1059
1699 1382
1541 1820
694 1534
632 542
564 1317
1683 75
1135 1709
75 7
850 775
158 665
291 1661
1363 1528
102 1864
827 1824
760 1949
361 1779
138 1987
240 987
289 606
1656 1990
806 538
1043 1611
1392 1805
1145 1836
296 1058
1436 1801
1099 1210
1961 580
1794 839
1047 209
954 39
116 1250
361 555
374 423
1725 956
247 678
1566 683
448 1506
1533 427
892 1168
110 527
1399 1305
984 1236
854 300
23 476
916 315
872 1267
506 831
1367 1554
219 564
1596 948
1695 1743
553 963
949 1881
671 1168
1677 1921
1799 126
1493 1376
1636 1628
1813 960
648 1375
198 1438
1147 590
847 318
69 1488
496 394
842 1802
781 370
1142 913
959 1339
1512 821
226 861
146 429
1940 884
1166 1392
1075 1258
87 1454
656 1518
648 1225
658 365
1096 1265
1424 1575
1061 1171
527 1518
474 969
1678 1237
1154 1955
1357 730
1030 1864
297 1402
885 1189
1171 1493
757 1094
1827 455
1476 820
208 230
1420 747
1314 1764
1915 1366
512 1235
1224 1604
921 1683
1606 1909
1676 491
66 447
92 871
1580 1583
183 1822
339 1014
1291 801
1028 1756
1403 794
769 1494
1248 592
1991 738
693 823
33 1401
441 321
1211 972
1410 1401
845 73
1713 411
916 1932
607 1584
958 1736
948 787
122 1666
1115 1101
391 1074
119 1138
862 715
1528 917
22 1605
1002 1488
1605 1929
634 1244
1467 100
510 13
236 1186
1278 1435
611 466
664 1088
1145 554
1596 54
1659 146
1522 435
1697 695
284 75
1569 1331
282 1489
767 626
464 1747
812 1054
469 507
605 461
1279 1740
61 1619
8 1718
1777 133
1273 881
1980 1875
909 1083
210 1331
1931 606
493 853
1324 1957
549 1675
1066 414
450 915
1967 447
534 1908
1835 42
1504 1508
1040 864
819 689
1458 836
202 875
357 782
1842 1134
1183 1794
1431 533
1902 340
839 622
1541 500
1415 662
1607 870
932 1662
682 1822
867 45
1386 403
1260 805
1774 986
295 91
262 1883
1112 939
282 1716
731 192
933 142
341 399
0 1397
1576 1482
1313 971
1066 1474
1490 1796
249 465
1999 1522
1028 388
356 677
1370 860
1234 400
1942 305
815 1248
1509 343
1738 1536
306 828
1320 1699
1077 565
1424 243
497 65
666 1894
1853 727
1187 341
932 478
1422 1464
323 45
283 1605
766 995
329 1865
231 881
1258 1626
677 848
389 535
1471 424
40 1023
838 1492
635 507
994 289
1097 965
1684 1270
1840 150
394 27
1023 1956
422 238
828 813
832 694
618 0
963 1709
131 896
996 1868
1593 935
1975 409
1033 218
283 1648
1601 1682
1260 1784
1857 1119
216 64
1526 469
317 499
937 1593
1885 347
1969 1128
1466 274
218 846
1431 1576
743 255
116 1089
1886 1167
1730 618
825 1120
514 490
809 277
1771 1968
340 1806
72 1978
1666 1262
808 1501
868 104
136 1754
235 51
106 129
1415 1598
1969 1633
1096 789
1513 1119
1731 681
627 1348
1992 711
1905 1013
597 1277
1135 965
57 735
1909 608
786 1683
118 915
783 57
1013 939
1488 374
312 1166
333 1901
1662 1164
1861 547
1467 718
1205 414
1060 246
1304 1652
891 482
575 1780
1614 1213
1844 97
601 1460
1241 570
1719 1573
1064 275
195 582
588 255
1878 593
905 329
1126 301
1330 1003
830 167
925 1510
870 798
1723 1942
1185 1281
182 359
810 657
1001 742
923 1362
1209 324
1337 1493
1926 1184
223 1012
403 1331
1955 182
121 1410
503 975
468 1857
441 716
135 230
545 1160
731 1291
1105 522
174 105
1632 1790
1498 1289
1815 508
1060 540
1636 487
1135 1309
1047 203
1878 293
16 213
305 580
1262 915
928 12
857 1930
577 787
970 1801
643 327
1793 786
1537 1751
617 1701
1679 66
431 260
1822 1928
639 1737
584 555
1729 231
104 1352
1396 5
1850 1504
576 592
288 1271
288 77
1369 968
1793 1846
900 1260
666 1079
1899 739
477 14
478 1872
1496 1234
211 1531
591 1154
582 1855
284 507
475 299
100 308
1844 686
1849 465
1532 1834
1233 172
1156 1305
1297 514
586 971
317 1685
1951 1757
1456 1075
861 1298
519 1920
630 265
1461 249
974 1455
367 679
1023 1803
914 387
1146 1165
261 1830
1800 406
1299 470
1262 1620
1101 1060
1372 1738
1108 602
1243 240
453 126
986 77
586 10
44 713
497 1702
1616 1278
1431 836
143 120
499 470
1593 1958
1431 591
1508 1180
1824 627
1692 1035
215 611
1256 1247
1536 79
1226 369
3 1046
622 1861
146 927
1388 1497
63 560
1059 922
83 239
36 1229
709 1286
1062 173
654 1155
1452 1288
1723 1409
1061 1726
1164 486
1311 143
1003 1189
228 785
1544 1499
785 1865
1629 1250
42 126
1362 688
1857 983
570 1497
1087 1355
1869 988
1964 509
522 1973
1718 1060
165 664
1498 1691
1139 1870
697 1775
1572 1591
104 37
1853 1996
1940 524
1630 710
1113 271
1140 1736
112 1415
1336 1333
1724 1587
1831 1795
1809 1389
1289 694
855 150
469 745
514 780
731 945
1121 1950
976 1812
844 473
467 990
1595 259
1374 1385
1141 1431
451 735
330 537
374 1740
530 1043
638 1262
687 1896
1216 1927
1827 1568
779 1022
1322 847
1400 570
805 260
609 18
392 1190
384 917
1155 1439
627 782
1973 252
1930 1920
1515 588
1449 1096
1003 1969
594 1974
1994 221
1686 1331
191 531
1054 1020
884 123
418 1460
385 175
1167 1554
1559 740
1291 1903
859 1486
1459 226
1768 1854
1564 1832
275 1115
1803 288
923 1307
19 904
1888 1094
1180 532
157 1045
372 975
1095 1926
206 80
1415 23
1894 157
1245 1435
1550 1198
1200 329
476 1961
795 1789
1552 824
1727 13
791 310
1144 1358
1710 495
1260 1362
181 1008
1392 241
403 1331
1864 1590
666 1060
885 1926
747 1666
1056 82
558 581
1117 394
111 626
1208 1462
73 373
11 913
468 1216
1078 498
1583 185
1602 294
1174 1479
397 1874
1593 47
1860 312
76 171
763 212
1736 972
433 1792
34 1161
1298 448
1657 1541
179 787
306 831
173 457
903 1484
1866 1766
583 1896
1782 1917
1173 1798
1305 362
565 1662
501 1885
970 685
1252 1594
1067 1819
1738 257
582 996
1880 106
1954 744
19 1728
409 1589
1307 77
1758 711
1840 156
1793 16
1069 454
87 1605
142 1722
430 23
419 1601
1997 1714
1553 1592
78 350
943 1961
1489 57
15 510
134 87
793 1133
1302 682
464 1501
260 1168
626 113
1738 1912
854 1333
1507 1700
1200 1797
541 1859
903 730
354 1871
1558 1979
289 1152
1899 1785
1480 953
57 1261
1186 1454
1946 36
1490 161
1109 189
798 751
1992 1428
1527 557
1015 458
1931 1562
1742 909
1202 268
1116 802
1873 712
780 1023
350 726
1283 46
440 1644
792 33
836 475
435 951
1572 965
272 1760
617 1398
781 1535
1664 1195
143 416
519 586
1558 500
95 154
1362 1627
462 1426
144 276
1042 1035
886 1901
483 1508
996 1772
461 1502
1110 184
1069 1566
671 922
600 1187
226 12
584 414
1431 1276
1330 1052
975 831
1521 1008
357 396
1074 1512
1997 117
1605 1565
412 1833
1824 473
1048 1549
1350 1075
1983 899
1908 694
1721 141
64 780
1441 239
1971 709
1763 1343
472 108
1545 619
1814 379
1696 1307
208 53
1890 1405
1991 181
518 816
1233 1827
128 636
738 795
1511 57
887 1402
1686 1311
1164 1594
54 1741
1095 505
234 134
904 797
336 1658
163 730
1272 1416
743 1563
441 1201
1123 642
828 456
1332 716
1806 1169
666 1498
1743 1360
236 1464
1774 644
1112 994
74 1026
1852 1504
796 414
913 1550
989 552
1379 375
1707 203
1985 495
1944 613
1993 591
1748 1363
1909 801
1396 1372
512 621
158 1753
1994 837
1667 287
1728 1309
715 1019
348 177
1334 982
685 505
1991 250
1953 316
646 1429
1637 363
1257 996
1435 26
1953 593
410 1165
1740 1967
1458 1485
1025 570
1452 1299
322 1301
61 215
1635 481
711 1983
1552 1241
1530 1973
1715 1792
240 587
1646 675
425 532
1446 1166
1899 524
59 1512
294 26
136 621
1734 93
1251 484
754 1337
1546 277
1717 379
328 134
281 329
332 602
213 810
1523 1202
1738 1012
987 792
1885 835
1728 1542
792 523
775 1611
1708 77
442 526
1710 1142
1562 1898
401 699
470 1523
1730 1498
1729 299
564 776
876 1930
865 1711
1398 1212
434 1446
715 285
1790 1763
57 1799
1117 156
1048 403
636 1914
1896 93
55 1744
1628 1455
1075 613
1717 507
1521 55
1366 1242
1619 351
1801 1175
1395 24
1694 530
134 79
133 1162
1369 1998
1389 879
1124 1833
139 365
126 396
959 343
442 1362
1531 513
1179 265
294 129
131 860
1715 713
1329 630
1524 900
1898 260
329 431
126 1431
401 1325
1020 1675
270 418
1075 113
1318 121
796 154
711 1005
399 1306
1763 410
450 1781
1309 1426
1742 473
1944 1661
1106 910
583 319
332 418
549 614
474 1878
1314 1924
314 1486
1011 1543
1720 1578
1815 1403
1681 1982
1470 165
438 828
1194 22
874 315
998 407
1573 1200
1090 953
847 952
1984 1649
297 355
394 207
1208 72
480 569
204 1451
695 638
1123 297
685 159
643 1003
411 683
197 26
793 584
1227 70
5 1997
1690 1803
300 69
726 1636
1956 1125
1803 385
1472 710
256 591
970 355
58 1039
738 688
1279 553
30 428
1640 1388
1204 1321
269 974
919 563
1520 191
1532 1598
901 849
1244 1524
586 444
471 1025
1656 1385
322 511
1460 1275
1622 996
1241 834
118 1731
1769 1977
1067 21
397 272
999 842
1787 268
550 710
1793 174
1182 839
926 1641
775 1907
639 683
1979 1560
813 1956
829 552
864 971
783 384
1642 1537
75 1451
351 1845
1469 546
726 782
1338 1304
1078 1233
1006 606
34 59
56 441
1670 1117
119 642
839 1810
962 322
1783 995
559 1094
1017 1677
997 1447
700 398
966 1808
1486 1374
1147 695
1928 158
1404 1893
1021 1368
1889 776
1475 1112
1663 976
1253 1655
1168 350
253 1482
1613 728
317 722
409 115
1560 1561
43 576
1836 433
948 371
1536 355
118 1765
1372 915
834 572
1588 1821
52 1098
621 47
1468 166
1742 1437
1153 1199
921 1276
1283 1064
772 768
1504 891
770 560
1023 995
1335 647
670 1847
1785 1426
420 1445
1330 503
1117 1368
1113 404
1735 1853
602 1345
171 74
1618 8
795 479
1748 1958
1079 314
715 783
1779 284
