3000
3000
2439 2509
845 1287
1767 2799
2453 2806
25 1480
297 2126
2515 879
90 1395
2036 2519
2264 2546
1099 174
853 890
110 1906
1762 1780
2398 1134
2484 1717
1574 1586
611 913
1581 1360
1548 840
2167 2330
428 1921
1200 796
2837 1455
835 1807
24 531
1536 2685
2464 1134
2677 2670
1676 1033
2552 2203
1579 472
465 2107
781 2257
204 1303
708 2748
1182 2639
1370 2847
1630 1655
2788 114
692 1042
397 2240
2795 1672
995 1535
1918 2174
1152 860
898 1890
2701 1445
1087 2342
2569 2951
444 1184
2244 823
2691 840
489 2071
517 1306
1368 362
1744 1757
671 1233
85 1222
150 1823
402 2499
482 1362
345 508
789 1840
2194 717
708 2591
2532 185
2737 683
81 485
571 2029
2362 2153
1611 451
2921 1361
865 2691
631 2519
236 2952
1977 2512
432 951
2883 593
1857 1489
1319 1049
2023 557
1124 1948
748 128
2401 771
196 698
144 2003
653 664
1268 2046
1650 1246
83 34
2654 1831
2985 2123
1646 1742
1998 1362
1297 1323
1227 1900
574 2050
120 2535
2198 864
1733 6
547 2889
1570 568
1968 626
110 2033
2742 558
1914 2923
53 901
855 2455
2154 1774
1017 2434
2220 2195
548 2659
664 1303
2662 1313
749 2761
261 1365
1888 2978
49 2198
1429 138
1018 1694
2571 37
1846 903
1129 1332
1516 1582
1523 2599
842 769
2102 141
498 1357
1861 2110
971 806
1431 363
1563 330
2879 1677
2100 976
570 909
1609 2673
2116 2740
2734 1670
1932 1243
246 1658
629 2801
2798 3
1690 203
1986 71
451 1936
41 2890
545 231
789 34
2956 2525
1740 774
927 1509
2797 1737
9 483
669 742
693 2327
180 591
2189 2599
629 1295
2905 993
1537 819
448 1660
2480 2770
2677 1388
1739 1581
2401 531
731 353
1893 1111
1868 499
2140 965
2456 744
2461 903
1990 2627
2753 2228
2570 2847
2156 2464
2663 2301
478 1034
979 1513
2581 1429
1689 2911
2947 326
2513 2517
2026 1042
1354 2929
2868 1411
1295 1331
843 2347
1923 480
726 2554
2814 1414
2113 751
1568 2209
821 2946
2265 377
1582 1556
200 2234
2354 1914
1935 1407
2016 111
1075 2458
287 738
1910 1316
1596 1158
2788 2807
1360 1172
551 828
1683 463
2135 1188
501 2921
1791 2191
243 2939
1097 1678
2148 1765
280 553
1598 1090
1442 589
2371 2109
2297 2728
1914 1016
331 263
1810 2675
2299 188
1313 2578
1418 2272
2823 2606
1711 2564
6 2126
1343 885
1855 1379
2251 305
1569 1661
924 1626
2241 1783
367 575
143 291
651 22
2021 633
828 907
1997 2049
1273 201
866 2168
1427 1879
1060 1359
1378 2664
2043 2419
1826 2951
638 1721
1509 1440
1310 421
2696 954
2813 1562
1219 1444
927 2199
1472 1180
1463 2146
2838 301
560 2650
1776 2130
1928 1484
1299 1002
1031 1111
2175 1297
606 2734
719 425
2662 839
122 2306
2009 582
2014 1431
733 2537
1517 1955
2478 742
676 599
759 1015
2956 2889
719 1800
2827 1334
2517 793
851 195
460 1990
2876 1864
83 2718
2658 198
1878 606
2612 1370
559 1877
1602 527
1519 2503
2487 986
183 2295
2206 1461
276 841
1597 2951
2540 1397
2415 1488
2333 1900
2182 2118
1502 2509
1850 2559
356 2076
256 2406
580 1176
1277 689
718 295
2052 690
961 2618
2802 667
228 2344
2962 46
390 1116
858 2396
1250 315
1459 786
2389 484
1825 1450
1704 2462
296 1698
1703 705
1809 4
162 1160
2156 80
1368 22
2249 1869
2204 2795
188 1606
1396 2955
1620 956
331 1886
1419 1093
573 694
1121 2368
2665 2447
2826 1073
750 1310
1197 2687
2625 2576
2765 796
1721 1582
594 1830
319 2744
1445 2085
726 201
2234 2682
1342 755
1167 296
467 337
435 1820
999 2399
968 636
441 2831
1049 1921
2562 1148
1392 1725
2896 2291
269 2364
1650 113
741 630
2528 1714
1350 1872
2568 1793
1518 2486
1371 429
1569 240
944 1096
1313 226
983 527
1216 73
2575 1619
1680 1874
1714 1851
1077 732
156 1155
554 1373
2718 473
2599 177
233 48
2504 43
628 1087
562 1274
913 1815
2561 290
2973 2637
1884 246
183 1746
361 356
794 2898
2484 1523
2901 958
2044 2200
481 2098
2855 576
2430 1619
2756 2571
362 594
1192 688
2962 176
388 889
2262 1805
1751 2819
453 1419
1258 1015
2681 516
641 2310
1582 878
780 2456
1007 2063
2317 1232
1614 592
113 955
526 1350
1691 1996
160 2167
522 592
1951 1970
1389 1133
779 25
1596 1456
1652 702
2933 2191
914 2027
2712 2534
49 628
1322 310
2279 712
1158 210
1482 1115
1065 2462
2498 984
2176 838
1724 1494
2059 508
1096 1203
816 805
206 644
990 1375
70 2178
2888 2616
1778 765
1551 2003
419 2964
370 2215
572 2461
664 1434
862 1629
1975 2827
2590 1052
1942 1233
356 2597
1588 2596
756 1520
2593 2633
336 301
891 1323
237 1704
7 1481
2529 2859
897 155
2931 783
2004 51
1868 620
2368 1415
2168 2509
2454 671
795 1286
959 788
2001 1380
1995 1423
197 1841
2731 1480
1716 1035
1349 2432
122 367
788 2716
2351 613
1438 2807
2275 1965
2957 919
752 2202
2283 1326
1203 1783
2687 1359
1303 1050
1782 1430
334 780
1320 1383
1847 1843
40 265
440 91
770 2506
2255 705
399 219
2777 2087
2359 1865
2762 1697
2161 250
267 137
133 576
1964 2759
1479 1209
2794 669
2156 1913
2203 1521
124 888
1720 396
201 1358
381 611
2335 610
1239 1075
705 2857
2021 669
2935 2716
2528 2809
2418 1806
2602 1070
403 501
1691 223
2115 1213
98 2535
1155 2800
2352 2848
2866 2457
2276 2371
732 81
2754 1669
333 1267
219 2952
566 228
98 2117
2421 2528
2583 862
2269 249
2349 1255
1039 2082
1439 2633
1317 2446
2483 143
2732 2793
510 248
759 2568
2707 2722
2428 222
1324 491
2906 829
2287 2000
564 137
2839 1928
1390 710
1843 1626
767 264
1940 527
95 572
1196 960
1597 2906
753 2265
413 590
377 2211
2844 2730
2607 1102
2998 123
1521 2690
14 883
2019 2754
2229 255
1442 1856
2508 1550
1624 2601
2654 2431
2205 1591
1812 2448
1180 2798
2822 2453
1307 1634
2138 401
148 108
1106 1032
2722 2381
195 1560
547 1036
1082 2766
2445 2335
2414 344
1996 142
100 1728
1247 1696
269 845
2786 405
1271 1521
649 1446
989 2626
1986 2360
1719 2757
519 1804
764 2264
468 1622
1269 379
682 2338
2827 1482
1002 1868
2264 2625
960 2596
1386 461
197 834
2471 1428
2296 1359
1880 2947
1011 1648
1653 1313
2277 523
1399 2209
1324 1329
1928 2940
878 1497
1068 1762
2589 1104
1883 2231
2012 394
2432 1289
2124 1328
787 865
2836 959
1747 2304
1142 2712
993 748
2617 27
2425 2895
2985 1057
1671 2768
387 1420
618 346
403 1916
25 843
180 698
2301 2832
2 607
2927 2673
274 659
528 1730
598 851
2933 1326
1566 1780
2106 219
2386 356
895 1511
2836 1881
320 946
435 32
500 1248
2846 2995
945 1876
1127 2527
2973 1870
2431 1734
203 1004
2804 1243
1519 2338
786 1947
667 1918
1782 1355
76 2344
857 849
2339 2455
1361 1819
900 1454
336 1673
605 1931
278 209
2835 1863
206 1704
1432 30
413 2727
391 1297
202 728
1940 1997
1471 546
1361 2356
1076 1565
233 897
2161 613
171 1940
2417 2155
1351 2218
1712 2941
1952 302
1260 945
32 1515
755 2088
2572 2582
1495 2404
2236 379
2056 866
1794 215
672 1238
2714 1434
825 1210
2838 1738
1371 2361
2855 1009
2308 1373
1415 2758
1125 2235
2001 2457
13 311
1435 1541
2043 2164
1482 1608
953 279
1336 2031
1965 1256
201 2687
2960 734
86 2938
2826 199
2123 971
1787 2704
2739 2043
2226 333
712 2576
1222 2122
1919 680
383 862
1570 2088
87 468
2887 1960
2850 2136
2033 430
2994 575
1006 833
2912 2679
1094 2487
2430 2810
1984 1149
1202 1978
2178 115
2459 1441
170 1493
215 1725
1386 1395
78 1758
2823 2476
635 968
2015 731
2081 2224
1979 496
682 2883
1442 2595
2604 2074
1868 177
2601 852
358 1130
964 2063
1133 861
2039 2526
503 2884
886 1271
175 1723
1198 2955
2419 2160
2201 2387
313 1354
594 811
2308 76
1801 2780
2524 1626
962 2635
1616 2318
1446 2254
1095 1024
2655 2385
1458 1682
908 928
130 913
653 2248
1294 1019
506 559
991 1052
2888 789
398 735
2068 2435
612 2642
1713 222
515 1532
64 693
2719 65
1364 1264
2006 2736
2286 869
1876 1597
2166 1755
2171 404
2815 1199
1087 2777
2804 1358
1141 405
1875 606
2623 2680
57 2698
1942 752
1720 1825
2630 2176
556 2977
902 127
2759 850
1565 2948
2897 2317
953 173
1423 1050
566 1617
2189 2090
1116 1006
1334 1013
739 444
2772 106
2011 2522
2532 1414
123 2500
921 919
2953 713
471 937
242 521
1792 1554
1688 764
2448 1306
1033 2981
1746 667
2763 1338
2958 1813
2466 1031
605 2629
12 158
2637 2157
1415 1511
1851 91
1746 1452
757 980
368 1949
2254 467
401 238
2449 2804
2873 1761
84 2824
2118 1264
2226 548
2420 2850
104 2220
2817 2787
547 1628
830 1747
1689 696
443 1385
317 498
1979 1016
2051 1144
1254 2169
2965 1270
1269 2798
1060 2263
1459 2972
1007 1302
694 2416
1206 56
420 2
1011 1227
2441 1761
2699 926
772 2650
1579 858
1679 2799
1139 2815
2211 1190
596 810
1724 2793
2708 112
1770 421
2494 1891
76 364
688 752
638 582
662 1073
947 1122
493 629
1822 2152
2465 488
798 1177
2899 800
1447 2465
1506 73
2480 1410
529 2371
2491 479
614 2734
37 1318
1683 1626
1390 2133
1082 789
2572 75
381 2741
132 379
2346 2613
174 2886
2379 2658
712 2003
1391 1771
213 2968
1845 1703
2072 685
1774 2391
2704 1243
1305 264
1568 628
988 1429
2255 591
1448 310
553 1486
1251 2237
140 619
163 2671
481 112
1551 2550
2046 2186
569 1219
286 1489
542 2101
2966 906
1096 1274
2522 106
2049 2016
1894 1499
1228 1042
1085 1826
2388 2970
2028 596
1096 75
1820 1799
1532 715
289 2979
781 1478
1859 24
2820 1455
1889 1251
979 483
1332 367
2758 1237
1112 1917
699 581
1951 1666
1514 675
613 1638
1227 410
639 663
901 232
1596 321
2229 1161
481 935
2513 32
2731 2538
2990 1439
1032 2622
40 766
1869 1808
2584 1251
491 1302
914 596
1737 2610
575 457
421 2547
2780 1925
127 616
522 718
2710 2542
1665 1773
1100 1404
1546 1334
739 1103
764 2957
1540 2859
1511 937
1064 2383
143 2764
536 2930
2208 80
493 2816
205 2309
182 832
723 2952
1815 1304
372 1799
2920 226
927 204
2501 2679
106 166
1485 723
889 2164
424 1976
27 2770
2912 44
891 1257
1403 2360
375 466
1116 902
1534 2549
1538 2460
2404 1040
816 44
2485 567
74 1818
71 97
256 739
2813 2997
496 42
2953 112
1211 2886
1623 119
1051 335
1921 2786
2065 1290
2283 2368
2841 637
3 2295
318 2781
1309 1970
1084 1225
435 2453
46 2072
2040 455
670 573
881 1154
1474 1725
1903 2581
2735 38
200 2755
188 2716
1150 2833
661 79
1839 2942
958 830
1163 59
661 282
2020 1016
2779 1243
1418 2104
517 572
1913 2482
2816 677
2837 1302
2395 758
882 2211
2509 1961
2527 1240
1042 2716
274 270
152 2157
578 2802
2277 768
1304 2071
488 1825
2230 1488
1007 1932
1099 1353
1868 2642
761 429
2148 1732
224 888
434 1949
2506 1198
1629 93
214 1576
28 2035
1103 368
477 318
2629 2419
1998 2385
2930 467
2736 77
1825 1558
2254 1932
2937 1417
992 1429
1222 1241
1604 2856
213 2181
766 1808
2087 728
906 2908
594 2459
941 834
1912 434
521 364
1770 2016
1042 1086
1650 453
1867 107
2168 108
1926 1617
457 1125
876 2648
716 2893
787 1141
1771 1777
460 2725
2985 2521
1205 1453
594 1008
2665 1296
2423 1416
2089 325
1456 895
801 451
2124 2029
510 634
2574 2265
2210 1876
1404 1516
2214 56
2679 1447
917 388
2046 860
654 1692
1885 1152
745 1171
524 73
2563 1542
2392 2066
1566 1369
1773 1164
656 2807
2641 2735
2480 2931
1037 845
1427 898
2577 1831
1049 2293
745 374
2360 666
1870 969
2176 2614
80 1511
659 2349
147 1193
773 1622
1379 1539
1084 29
1172 2961
1881 2016
389 629
1972 201
784 2804
2894 1895
468 2305
1711 1552
1303 602
373 2186
2314 33
2571 1875
1693 739
519 2909
1542 2068
1366 2512
1458 2185
1790 623
784 1489
1396 2353
690 2814
2551 1612
2093 239
635 149
2120 282
584 2231
1038 530
2947 2549
2710 2507
169 2029
2971 1493
1883 1567
1273 2045
2833 2573
730 708
1772 465
593 2952
935 851
477 2866
149 2682
1086 2280
1589 852
1429 2881
1746 1547
2347 679
1583 434
396 927
47 1649
1810 2224
284 2062
2359 1149
2493 2355
426 2200
2620 426
2232 1104
2829 1022
199 649
2508 1097
2474 2271
439 1608
430 2335
2475 1335
2009 2104
631 2058
2842 2901
2716 2893
2549 2541
1464 1081
2381 598
1827 1222
1057 2798
2749 2708
2491 1942
2325 2167
844 1926
1335 908
753 1538
2913 2202
1579 6
1581 378
1482 2763
2586 864
2364 1306
1240 1804
2088 541
1886 2806
1235 2458
2933 366
17 99
1868 2751
2925 1458
275 2812
2125 2908
287 189
1755 3
706 1420
824 1692
1589 2824
1209 2732
1554 1976
2771 1589
2784 457
908 1507
2715 821
2117 2451
1860 2387
1574 0
2307 834
2034 975
1887 1038
526 2752
629 1013
1868 2980
815 2999
509 2837
2033 1250
2698 1874
1602 2055
2658 1288
128 1347
1639 2028
587 2787
143 1446
2183 1034
557 779
2001 1669
704 782
1793 814
1166 506
382 1268
1095 2204
627 1979
929 1264
1951 2014
2950 839
985 2900
1939 400
1262 51
528 2048
2522 668
660 728
2333 1781
1338 551
1156 781
1695 2079
565 2249
1456 925
349 2554
2692 2783
330 2272
1061 200
365 1893
2032 2048
1795 1566
1095 395
1489 2674
342 764
881 2500
1500 1221
863 333
1236 1122
571 2351
1559 479
503 2006
1864 555
2679 2092
1908 1950
1449 2914
2018 2335
1295 1940
1521 2999
2502 1492
2680 148
968 2225
2147 1662
2000 2150
1223 2809
1214 1381
1549 139
1849 1638
97 1496
2853 383
1105 627
1793 160
1119 676
1629 552
887 243
2042 2207
467 570
183 1931
576 1858
2762 1359
1079 2114
2911 2891
166 1601
510 2099
898 2008
1435 2374
1774 2441
653 1766
2457 1892
1387 1037
2531 2064
1522 2770
2299 2588
2194 554
325 2917
984 670
1674 690
441 1552
1939 2556
264 2556
2508 1799
1284 1159
2702 2264
2090 394
756 803
2719 1259
1045 942
590 332
1387 1759
2537 1374
2274 1166
1155 2285
2720 2502
1403 1720
1170 945
1687 2219
1699 2110
545 2086
600 451
2348 915
1915 2685
2054 1257
1505 1767
2946 975
2408 1528
1419 2619
861 1850
1069 2137
269 2356
703 2193
1278 2157
894 966
341 1045
216 1307
717 1696
2173 2971
1805 170
2281 2625
2259 149
908 2323
2828 44
2860 2119
1397 152
2468 603
1160 2858
2972 33
1107 2851
2634 2243
954 110
2387 752
1615 473
1089 1186
1345 2018
1303 971
2029 1594
1779 1495
1532 740
211 1409
2711 1276
2783 2385
2574 1006
704 2394
706 891
2846 2350
2861 876
1579 1942
2159 619
2585 1250
2767 1237
1372 539
840 1816
2588 1311
740 45
944 1748
672 2829
1904 135
2537 2250
2289 674
257 1123
636 2537
337 2601
921 616
2413 250
687 2486
2681 489
2157 181
247 2520
1071 1363
1534 1401
1464 1087
747 1308
1588 39
176 2397
719 794
1863 986
1117 555
2367 2261
814 2334
393 1693
573 1744
2722 798
1814 1568
660 1324
2819 652
461 2012
1480 2519
1860 1266
232 549
2481 2592
2623 2743
2353 2091
1985 1800
2574 822
257 1340
464 626
1033 2485
2480 1579
1158 1198
2917 209
1046 2828
2177 2386
1236 1478
2314 278
354 2533
771 1808
812 2798
2248 1479
1783 2653
958 2790
626 1339
2337 2520
1786 396
1092 2098
1625 2212
55 70
2015 1876
1183 1477
1696 1051
99 2689
279 2644
1815 2233
807 931
2619 446
1824 93
2808 2180
2702 2730
823 2501
1336 260
2336 2397
1261 1038
2061 428
2968 2100
2271 1511
302 2684
2633 2745
991 337
1273 673
1945 339
2996 2238
1869 1947
1697 1784
556 753
2025 1212
1899 2268
34 895
1752 2556
2958 2038
1015 1275
2142 2600
1074 1209
77 2814
417 1004
1919 15
109 2150
1066 697
1607 1991
2616 1807
1945 288
2171 2424
2184 405
193 683
2822 2196
1667 2894
1485 2768
2124 248
2471 361
1180 1182
44 1612
2378 1774
2139 2567
454 1646
744 1
662 566
1705 68
2275 669
2108 1242
590 1787
2562 1803
2546 1403
2874 1142
188 1405
621 2145
1756 2542
1904 998
868 1288
1699 436
2383 1933
732 1350
293 1501
2253 164
802 2336
2654 1686
1646 421
2911 2081
2030 199
2774 858
155 1718
362 1285
2199 727
2264 728
1628 2003
1473 1301
2568 690
1887 1631
2408 2221
488 1702
520 1363
2182 792
2332 2672
1988 2285
1618 976
585 132
1865 501
1048 2007
2152 647
1348 1707
640 389
1179 1938
2546 1113
2860 1668
2883 2323
1199 598
1969 2871
2125 2162
1595 496
677 1379
640 1127
639 2110
2020 201
816 2731
996 723
579 1510
1613 915
2210 519
2965 1005
184 1609
1361 2303
1804 1657
2747 1916
555 2556
389 964
1928 2240
325 1797
1926 2184
448 1592
407 1282
2462 878
1242 2993
2251 1015
1116 2159
428 1687
2878 1340
2109 2051
1548 767
2457 2302
1453 1421
1745 2267
2089 308
2709 2443
637 177
88 2854
1125 383
1311 1011
2362 94
671 659
881 1036
800 2331
889 371
2096 2760
127 1594
469 666
2520 1789
927 991
1573 161
175 973
1601 1598
182 1004
895 377
2480 2605
1681 1007
257 374
1533 363
318 2952
1428 2700
2662 1528
2289 2071
5 2796
316 1921
780 42
1636 1866
1980 1333
2495 2594
1951 2189
674 1922
223 1270
1402 211
1960 2822
345 751
993 892
1587 1928
2573 1320
602 2163
152 1779
2357 771
41 933
2600 2807
2147 2679
1033 470
2327 2934
2082 2565
1603 2222
308 746
1530 2777
75 709
2849 1439
2793 248
1491 255
1947 100
1160 1424
1615 2814
1985 192
2174 1628
2337 242
2182 929
1027 1547
2534 2688
692 244
2974 2847
1493 1667
1545 402
461 203
1361 358
1020 44
1096 2886
1940 2845
39 1585
199 300
2377 165
701 1789
2429 72
786 1687
1921 695
889 1751
822 420
2840 2752
2982 1436
1869 1690
1103 762
2517 2357
6 1048
1181 38
1577 2313
2099 2591
117 1499
542 2109
638 2389
2374 1675
2344 16
1677 505
21 2156
641 2977
233 2441
2286 1203
1388 1366
133 158
186 1186
1227 1587
1581 859
2423 1026
571 1985
1095 2450
873 231
694 217
1664 498
2432 524
455 779
551 1169
319 1853
1244 1880
2460 1903
2962 318
2267 1300
70 2936
2600 1854
981 907
2031 2909
2898 721
1092 477
2136 1913
2969 2831
483 2273
719 144
189 601
354 859
2167 1988
2871 1996
1902 2573
260 2203
2597 2270
1868 1374
2200 2526
2818 1155
809 238
2710 2174
2515 1472
1682 1072
313 2085
2475 2441
2202 2679
1151 1999
2274 1611
1799 563
73 2616
1707 2152
983 552
2902 1934
1605 609
2646 344
1259 1136
2909 2757
1372 1923
298 1931
1051 1913
104 878
889 1560
1797 1395
2740 1206
1035 323
204 2826
719 330
650 2170
392 2903
2601 240
21 1744
2842 2991
1280 97
1685 1570
112 1494
2897 1536
374 130
1674 1919
1272 1311
572 2851
566 2889
237 2579
2789 2766
994 35
852 1984
660 793
2799 117
2005 651
2772 152
2204 631
401 2942
1057 1732
1851 809
1556 1489
2782 1967
2249 2107
646 2889
2413 291
1409 2742
2995 94
417 2180
1938 2308
400 319
1458 1738
1841 2626
2164 2806
2957 2702
426 1430
2504 722
1590 2836
2064 1267
1784 1850
2826 2190
1416 1243
2515 650
1090 2597
1648 1951
1086 2759
902 2006
1590 910
433 1328
46 2076
258 947
581 2891
1087 2513
262 881
1061 1909
325 2768
1257 574
615 1981
834 826
1922 2192
356 2512
2315 1819
1069 2830
1211 1119
1677 2008
1301 170
2663 371
2010 506
2091 1559
344 2194
1085 2512
117 2749
137 525
1798 897
723 1890
1719 19
1385 740
153 2905
740 1197
1753 1715
1435 2708
400 2433
1682 1111
2590 1007
163 1609
612 1984
2028 698
2525 388
64 2874
695 629
2875 46
2266 1782
391 2366
2900 928
2726 1565
117 436
1128 2768
770 663
1418 625
2617 1850
71 400
1277 847
1209 2794
2966 2249
208 1975
2165 2234
1962 1800
1001 1908
842 2901
2616 1647
1192 1410
299 1738
10 2681
188 1455
907 28
463 866
2387 556
292 377
2742 2572
71 580
428 2639
2157 533
1343 445
685 1945
938 133
68 2191
1246 1234
1559 2801
2707 2661
1655 225
2107 1492
1510 2089
2692 1775
2427 1698
2968 596
2428 1731
913 2691
7 1966
1543 1699
2963 1691
2303 771
2400 2688
1441 1243
1220 1144
2435 2948
2216 618
1812 1178
871 1583
1682 1941
2087 2293
1101 726
178 2429
619 2073
1974 1793
2305 1321
2234 2120
770 1185
69 1379
1149 2193
341 1440
127 884
1559 676
205 2254
1366 2177
1422 2185
188 91
1747 823
2641 1961
787 1623
674 672
1422 2016
1504 2101
1311 181
2436 1393
2144 2010
2369 2550
1371 967
2793 2704
1731 662
162 1850
2393 1449
1003 1810
688 660
37 1677
2613 33
1353 2740
2550 2630
644 1040
2490 2752
211 622
2446 772
482 1051
1707 2470
1088 541
1422 328
718 916
1042 623
55 2084
1347 18
2190 255
2781 1749
2582 1439
1411 1501
578 2766
1688 831
2359 302
2789 1669
538 1218
2699 2394
1387 1436
652 1333
2063 2756
209 1982
1808 678
757 254
266 1542
58 1234
2052 2674
1418 1523
1656 692
2854 712
44 17
1748 2089
588 2084
1485 1136
1912 1124
569 2792
2711 1487
2835 373
2594 2094
66 2285
2860 2107
2363 82
505 2378
2635 1016
1278 998
1381 788
1207 690
157 1297
1133 2731
1238 2104
2036 2560
2596 2092
17 66
412 2918
1681 276
2193 2766
2020 539
2181 1603
1707 2995
2402 2229
1605 1659
2377 1755
826 2678
573 1193
2057 2108
2054 717
2066 1555
1915 1887
2360 2160
1648 243
974 30
622 2177
2464 1318
1570 512
1089 2533
2695 267
2386 2633
2138 1672
2716 2355
922 1219
1895 2111
1730 2641
476 2499
2220 2794
920 1425
761 1675
715 2193
1333 2978
2347 2343
1163 166
2790 2364
358 265
2300 925
1947 2082
1949 1305
660 22
91 1835
2542 2177
2891 498
1595 1022
1736 1778
263 1590
2593 2911
291 2705
1161 1278
1429 430
741 398
2216 1884
484 977
105 2716
434 2486
224 2803
1983 2961
1420 437
1190 1102
2583 901
989 2543
200 2086
2391 2980
2090 977
400 2785
744 2133
1892 1551
425 2690
2746 2057
289 1848
2785 1016
2931 678
2931 1147
2888 1600
2699 728
392 1909
1489 305
2512 1250
2204 2147
1571 745
2408 1726
56 1228
1532 70
369 2736
2389 2698
1836 316
929 2882
2909 1932
2253 1423
543 867
322 2946
1987 701
996 2167
2124 224
475 1937
1 2089
1358 59
525 2702
529 2100
2766 278
2808 2578
1089 2253
2096 2495
1409 2291
1739 2711
263 216
2868 374
2715 836
1152 1214
1200 437
1951 2381
903 2568
530 2743
83 1070
1071 2329
340 1570
1659 53
1895 272
2453 2573
789 2465
629 1217
736 1072
1707 846
2885 2465
631 1824
2859 1650
1805 2863
169 2453
2871 400
1453 2511
278 1946
2076 977
500 1795
2351 396
255 2700
579 1205
1392 109
351 2376
1500 2241
2115 284
198 1433
1016 2436
1264 1011
825 526
2516 1286
125 2458
2895 213
297 1822
1577 612
2616 1011
664 997
978 1767
892 2095
2503 146
1932 2390
2728 325
727 733
2243 827
832 2189
1533 1708
2681 1022
1640 2751
2210 1568
630 1434
1950 1747
2584 796
2941 1068
1152 2356
2269 1211
244 1524
279 1244
2351 676
213 2970
1161 1032
1503 555
1303 2512
1157 129
1770 736
195 2702
500 1340
735 2852
2045 1077
231 1109
1787 2498
2766 1717
2804 1522
2167 2289
2852 1949
297 2589
1758 1057
1497 1065
580 821
645 2360
2109 1826
2662 1710
191 1902
1189 2535
290 2323
1349 1756
714 2090
2048 2973
2372 1805
6 1228
2752 16
1888 74
2739 2525
2640 1967
980 486
2152 1674
2500 2099
667 1276
2625 797
2189 676
290 1787
114 2175
1403 1847
1815 2890
2833 798
2028 2706
1613 1510
419 1081
395 2783
2446 2327
158 2761
647 1532
133 1793
35 319
2990 2455
1381 1212
2143 1164
1686 924
2758 116
1746 194
1142 1971
2620 218
1371 2846
1696 2258
2677 56
2994 2781
1070 1176
791 729
1275 567
2181 57
1528 1796
838 2396
1198 2178
420 790
507 2164
1301 1875
1078 143
2357 1104
2536 2635
1370 686
1355 2959
1122 1175
2448 2578
1118 1916
853 698
1529 217
1113 2150
1157 2489
1365 1004
1684 177
2589 951
1536 1635
1061 2255
704 343
2034 1496
970 2296
2645 2110
921 2456
638 1802
2358 59
1447 1316
1004 2079
35 2616
316 371
861 2563
2114 828
2799 1049
2366 2763
781 2392
41 2614
1424 2810
1311 2095
1486 408
715 547
1095 1432
1636 268
708 2556
1557 2404
281 940
2770 2355
463 1735
2071 801
399 893
884 302
2177 634
1550 2058
1151 873
2346 1886
2353 919
2359 619
1957 1954
1547 2018
1511 2755
946 820
1212 1383
1444 2406
2385 1402
1751 1737
1151 581
1991 2343
1914 1207
273 235
650 1208
1183 2242
1440 1279
1061 1940
2524 2823
2058 2704
2791 2286
175 2021
2257 1964
152 170
1372 381
1017 77
2902 998
1169 943
1121 1310
439 1926
1336 161
15 1970
2682 120
2382 2972
2936 1550
1013 1142
436 2660
2164 2167
2042 1453
2742 1840
2642 134
2149 1595
2878 1313
905 2562
107 2215
2934 626
172 1037
2573 1833
2844 48
992 390
413 2979
816 87
531 1467
1825 1417
2594 2440
1808 2020
1524 297
2216 882
334 2157
1360 1886
2729 3
1574 622
2468 2395
2563 1930
589 1524
200 2444
1526 41
173 999
710 964
1213 549
888 2849
1985 1268
599 323
1786 1873
160 2123
196 1618
1333 517
1583 1002
403 1189
2086 1856
2043 457
696 268
2117 200
1212 429
2859 2461
22 137
2327 62
1577 565
1972 517
2114 239
2259 236
2029 2343
938 781
444 2341
755 736
173 2772
532 1200
2548 2982
2743 1689
2319 697
2730 586
2404 1764
773 361
1385 2057
171 912
1334 1058
1904 29
135 2090
2425 2841
1046 2491
1977 1484
344 1523
2491 1915
1069 486
36 2802
1755 659
1487 2191
1606 671
858 2431
185 1078
1073 1470
2733 1268
74 2757
2764 971
677 1540
2937 965
2154 2931
2020 701
2794 1304
115 313
1214 1378
636 2117
1426 2834
2307 2399
564 1702
1227 586
875 635
1645 1036
2120 2751
1588 2989
945 658
2801 1740
317 2044
1339 1372
1889 928
1077 1268
1032 2963
918 1083
1339 2505
1259 2436
2221 1914
1360 1377
2200 2243
2747 576
2432 1830
1950 59
1937 762
1326 210
1942 373
2879 2958
205 39
2040 2199
203 2405
357 25
2905 1830
718 965
1712 2578
2441 1736
956 279
2907 122
469 2340
2647 2075
1810 1758
152 1478
1941 784
1900 217
1252 1523
2397 1520
2011 2260
1372 1297
157 2176
2494 1517
199 1400
1072 2247
2837 231
2397 7
2031 2537
2619 331
480 1449
715 1028
1179 34
1016 866
46 2316
46 1854
1733 421
470 2868
102 1395
2506 932
1728 2762
2575 1919
2124 2149
1315 912
2967 744
173 309
1148 429
882 384
1558 2987
2622 1348
204 2776
1877 555
1717 2893
2306 1831
2145 2808
2821 2937
624 2676
2502 2704
1724 2751
1063 911
2876 2700
2171 1057
2947 2912
1327 596
1286 893
954 1254
618 136
375 1988
2134 1876
2966 1276
1565 1097
2595 35
1988 1080
669 1894
1393 2717
837 851
622 858
171 2820
1158 2413
2343 1623
373 606
2164 1983
460 2330
2595 1409
699 2558
119 1007
776 1734
2116 1699
2939 307
728 2619
652 1330
2683 1568
1590 473
2350 1086
2898 2039
1174 565
2163 346
117 1262
1482 386
706 2457
835 1253
1219 288
690 2012
658 396
640 692
1066 2261
1958 1995
548 1815
109 1354
1803 2765
2434 449
1536 1018
2529 1470
2350 484
2949 107
538 2674
1570 1067
1042 2527
1000 2417
2540 2730
2651 817
335 2728
1067 804
406 189
1033 1526
511 1560
902 2724
472 1937
1172 1614
2543 2246
2356 2182
316 1279
131 1161
2089 1550
1455 1996
2452 1889
2526 1699
1521 2119
1039 1491
1057 41
2919 2120
1502 1010
2688 1325
2808 2705
366 1308
1385 2254
654 1430
2840 2229
2185 2763
2767 1130
2814 2830
2127 1178
510 1590
1291 1203
1732 1822
284 2322
2350 503
1208 783
849 2712
2254 2207
504 1338
2638 1087
2474 573
1268 2742
1752 1606
54 351
694 2214
2891 2908
275 2088
2163 708
1136 2056
2080 29
2827 1586
2098 1717
865 864
478 2252
346 2965
1351 982
45 1494
2114 2840
1514 2946
1044 308
129 106
1176 625
937 1820
2435 2167
2943 316
1459 2067
2303 383
991 873
102 2127
975 259
507 636
2618 2046
853 1167
1606 653
1359 228
719 2013
357 1880
1030 391
1582 1695
1816 2959
481 918
1028 2638
1154 1795
2354 436
2137 317
654 2468
2981 634
102 1942
1718 1346
1014 2576
2817 2287
806 700
1170 1032
2237 238
1433 1181
2851 1219
1126 2129
791 353
1161 479
1700 520
836 126
1587 2695
522 1368
280 551
1722 621
2907 2418
2648 2798
1433 1904
1464 2015
513 317
2551 2070
1802 2823
847 2497
1777 227
2200 1297
2899 428
2633 1326
957 1086
1374 2824
1554 95
2971 119
1525 185
875 224
1455 2931
67 1587
2323 1918
1043 2077
2506 76
157 2790
740 574
2493 2285
2561 2086
2599 1621
2184 301
1044 677
1084 2615
736 833
2527 1164
2778 2918
1069 2748
237 2405
668 2224
2063 2698
1758 1334
1422 392
0 243
2998 1856
1250 2246
50 2350
1295 1599
1579 1640
2757 1502
1304 2032
1316 1695
182 2579
2590 2857
779 1562
28 2719
1618 2775
198 2219
1052 1341
2239 2271
2379 2928
1886 47
102 1370
2990 739
1149 2760
2881 865
222 2862
2069 2558
1247 419
1530 337
1607 225
90 603
255 2963
2708 2819
2926 1110
2882 1439
401 1939
213 2778
847 590
1755 2605
83 2664
1135 504
2341 1691
2679 2888
1832 2511
1653 192
998 2899
798 275
2820 1116
820 1864
2839 723
2762 66
736 2134
1836 1998
611 453
2754 1167
392 66
2940 568
1400 919
2634 2660
2825 905
544 1692
1125 2140
950 2939
1145 1898
1746 1833
2348 2649
1886 32
1046 634
2410 2662
722 201
1307 1667
1137 2436
2574 2315
2676 922
38 2079
1666 1194
2193 2134
2783 2858
2765 1410
787 20
34 899
11 2316
413 2779
346 1737
1552 1856
2022 1655
776 1422
658 2568
2131 2364
2356 452
628 1147
2868 2146
540 652
2710 1747
1955 831
294 644
1374 271
1923 2809
2686 1238
1100 557
1802 1571
52 638
1595 2412
360 945
2121 2020
2683 1771
1029 2812
872 1909
2953 1696
638 2678
677 2793
647 1743
2358 388
616 674
2251 318
479 1326
1720 1663
2750 1533
143 2823
2276 762
2776 935
495 446
365 2567
1355 2352
2604 1367
336 1652
354 2693
2197 2372
1027 2194
2234 999
2575 1540
1122 1993
2 294
1179 2803
2906 2978
1680 2581
987 768
2051 301
2745 1065
433 788
231 2412
820 2698
1759 1830
587 2405
88 1498
2036 1777
1595 626
1134 24
1571 246
2371 2904
2152 1025
402 708
2613 2327
1564 1078
2352 1817
1865 1386
1663 1021
1653 1802
2801 832
839 1848
1154 2353
1312 185
1675 1803
835 1426
416 2345
2038 1189
2869 1317
1479 1784
907 2746
2396 1371
1747 2497
377 1055
2885 2249
1941 1324
1375 881
2374 1454
2933 193
1950 1173
1815 1998
968 2297
1894 2713
2654 496
2925 256
2044 593
1861 2628
1074 918
1964 302
2732 54
1739 2255
2996 1939
168 1037
733 918
1130 1002
1555 1655
131 2281
1172 1171
1700 2950
2313 595
2055 157
1663 1390
762 1838
1471 2730
1190 737
2211 2667
1263 407
587 2896
1362 697
1082 729
2052 2012
515 873
2790 106
2849 1426
2236 2477
1379 2839
255 2257
2600 1761
2963 2568
1443 260
2460 657
2199 99
2605 1511
