7000
7000
4062 3154
2156 3790
5350 1043
4894 1040
3341 6522
6701 5804
3000 995
364 2707
1428 1408
2186 5162
2224 638
6687 6067
110 6007
3193 4022
3791 2641
4889 6780
3515 5508
5033 2182
413 5649
2748 5035
4043 2958
4217 5675
6609 1026
2877 3659
5435 4593
5703 911
4428 5345
3008 1190
4726 691
6286 4485
3476 6890
4268 4818
4978 3730
5356 5444
2073 6867
1635 6415
410 1248
3974 3005
468 2550
1736 290
4010 4662
1822 2548
821 4850
4881 538
237 1248
6791 4653
3197 1560
4319 807
1768 3589
3450 6976
166 2552
4975 5671
4873 4401
5019 3662
4443 3986
2099 5963
1374 2616
6410 6308
149 6251
4123 1687
84 1054
4062 3895
771 1577
5994 1451
1105 3516
4301 6949
3261 2953
1364 1304
6931 3961
4097 1698
5320 392
4939 1029
4537 6959
2199 2731
3033 5314
6226 2311
2043 1644
6616 3674
1523 537
6028 5431
5304 413
776 3537
4141 3104
5046 4723
5551 5977
605 4990
3161 5564
2586 2094
3064 6215
5465 4218
893 4084
903 3410
5639 3798
3867 3331
982 6231
1173 2182
2865 4659
6797 2995
4919 6231
5675 4217
4212 5275
1035 1527
1537 6721
4410 4658
6424 2204
1806 6413
5130 4661
2020 1725
3009 5975
2560 5881
1239 6188
391 2029
1948 5640
2542 1792
2557 358
5293 5426
2664 2895
5233 1614
4714 5302
3747 143
6441 1319
5826 310
2542 811
3197 6798
2947 2790
1950 2005
4523 3529
6763 3647
3556 644
6102 3981
6657 6196
4377 4610
5472 1640
4454 6981
4446 4802
3565 3245
2238 434
6539 5485
3302 6864
799 4106
6939 3240
5134 6649
5209 50
6141 3640
2084 850
4259 6379
1511 5788
4928 4858
6636 1562
4369 1779
5169 2449
5342 5886
3823 258
718 2801
6075 1654
2255 4279
3481 6900
4084 5378
3640 1178
4202 5420
4519 594
232 6737
5524 454
1614 6085
1264 3925
2791 5806
5162 1935
3112 1454
4874 1378
3740 3012
2000 1430
782 5465
207 4856
4321 688
5237 1629
987 6314
4219 1136
6241 696
2223 6302
5124 3618
2104 3579
4690 893
2997 3699
5336 5514
1567 5873
1262 3824
4546 2274
5838 4772
6880 6410
5056 2821
6541 5103
2843 2804
4318 2486
4276 738
4412 2635
6434 4766
2199 3550
5805 1816
299 2129
2741 125
439 5245
2481 2432
1878 4507
2150 4574
3287 5204
5025 1625
3927 1852
5818 3346
6315 4779
1714 3550
5065 1475
4489 3657
5607 3009
363 1956
192 1116
2140 1056
3405 849
3989 4913
1824 2066
155 4853
4773 5919
5658 2070
3069 4088
6662 1177
5346 6004
5596 6577
5403 2733
6703 3776
4858 6304
1978 2038
4241 4304
5759 4084
6695 243
5965 1042
5577 3318
3086 1740
6795 142
1054 4338
383 3494
5948 4259
4197 3297
6812 4554
5289 670
2696 5111
2129 2315
3818 1967
2744 5717
2810 3931
6150 706
2286 3318
229 6061
716 1269
3641 4364
3443 1197
3123 5923
2420 4162
4063 679
610 2943
2385 6499
4863 247
2108 4420
4991 317
2102 5280
6401 728
5994 6869
3993 6158
5148 6427
4860 526
67 6215
2102 3886
6646 6054
5168 1954
6793 5648
3014 3427
5905 2498
717 1596
662 1903
5119 4280
6858 987
1232 5263
3727 2932
1404 6230
2398 59
3952 3591
1654 1817
5473 2916
3892 4377
969 176
3779 4854
4405 3893
3162 1993
4613 2695
5712 3493
6836 6750
2297 1506
4316 3422
5491 3916
2984 2843
171 1630
3783 5288
3538 2632
2971 5324
2812 3869
5952 1559
675 4072
3743 5734
839 4187
114 3272
6055 1523
1314 672
6571 5879
6276 6263
2980 4676
3587 4207
295 3845
1352 3919
1935 1411
2659 6024
2775 4471
3996 5780
997 1056
6815 6532
5354 6122
4204 2345
6252 3419
780 5230
3051 4374
4184 3364
1441 385
3553 2247
5965 49
3252 707
36 162
5398 1778
1657 2288
6405 1450
6739 6828
185 433
218 3450
2595 5990
686 4345
2030 2845
5885 3407
940 4954
5326 822
177 1110
37 749
651 1344
4149 716
5376 3963
6177 6328
6778 279
5344 1525
1879 1093
3729 4954
222 5474
1188 669
5657 4192
3561 3602
6840 796
5174 3186
2677 6778
5067 3554
5020 4835
5419 5268
3533 4431
1634 5685
5257 1399
3307 495
4989 2593
6145 2405
46 5566
3902 3062
5118 6589
2804 4575
1649 752
2739 1073
2781 5678
2332 6028
1911 5667
6946 5920
2038 6823
3430 3471
3910 3865
2037 695
3815 6258
1326 3126
2624 5825
3948 6859
4840 1727
127 6144
3293 4593
1979 4677
2688 20
4185 6951
6498 2886
4452 5147
6099 6350
2892 1086
2480 345
1415 5180
474 5151
928 2156
6697 4500
5298 973
734 938
3634 690
308 298
188 2693
5852 6741
2906 517
1231 5117
4373 4465
3965 6773
4068 3214
6423 4457
4482 4756
3667 2783
1030 4100
6651 6648
818 2289
113 3470
5850 4664
3551 2548
267 671
1680 3827
1700 1121
2345 4950
4408 2354
4615 1058
6888 2148
285 3168
1937 3909
5384 2541
4689 604
3293 2275
621 6227
5759 3380
4447 1756
1972 1097
3854 679
6179 3475
4986 6028
5790 3122
400 5907
2220 2433
3592 444
125 915
3110 2813
1621 2315
3660 6052
2320 549
2455 5980
5632 1977
4648 516
3523 1905
1017 1628
2509 5849
5944 6057
6153 2557
5307 554
3805 5018
262 4307
2613 5500
1173 943
6256 5326
5471 6865
62 1981
5799 4581
3681 3806
1222 5840
6183 2968
3377 6493
5949 4512
3847 4236
4025 2285
3081 5067
3890 36
773 294
3517 2179
3335 5210
2366 4062
6563 390
1164 698
5183 4096
3847 3822
719 1055
1490 3283
6346 2570
2056 761
2895 5102
3684 5270
5077 3250
6790 2967
1420 5693
4999 2178
5245 3933
5663 4938
5223 6570
6453 2302
2647 6827
2468 604
6622 2079
5523 419
2318 3577
1508 3974
2557 4728
4684 6833
2907 2953
5773 2323
2697 305
6622 5581
2080 3282
4542 3591
5988 4896
1753 5684
3369 4795
6519 158
3558 142
2825 4952
6983 6574
1906 1326
5689 288
5074 6547
4005 334
308 6374
2150 417
1829 6999
5244 3597
739 3801
924 901
436 5323
3786 1875
2694 4657
6754 2570
1231 3697
737 4159
1003 1589
4607 1171
3379 6868
4181 5159
310 3799
5209 143
757 115
1950 3226
4090 4062
3774 1021
5742 1600
6791 5096
2315 97
2072 5
997 3325
4243 4824
693 5482
1677 2560
594 2415
4965 5598
6983 2969
4073 6346
770 5
5403 3321
6852 1370
5548 2056
2298 2694
6864 1259
2915 6357
5958 402
5866 1218
6296 2473
2868 825
6416 5267
3071 4062
4949 6629
176 2833
6501 4690
5735 1708
6790 2575
2230 789
4715 1104
2232 5358
2737 6152
3512 6080
5222 5646
756 2210
1950 5988
5238 1840
4230 4338
2065 4238
5245 1994
1210 1387
3981 2471
3277 3707
2128 4445
6071 6404
5108 4812
6878 3066
344 6334
492 173
5219 4918
2120 2313
2806 1655
2666 2747
6309 1765
6372 2777
3074 1585
2801 4534
5141 6010
6095 3092
3469 5260
6269 3259
3679 4622
2075 2817
1546 2815
1288 2219
496 6652
362 4146
469 1384
2646 954
6753 5266
4425 5559
4933 6144
2557 4876
26 4160
5065 5049
4333 2931
630 6989
3067 755
4666 6133
3335 1089
3748 4063
1677 4854
545 1839
4830 6358
144 2834
6672 5440
2776 3013
5941 3180
6756 2933
5173 6459
2746 6579
1592 309
6607 6889
2304 3408
4790 1885
2330 6055
4379 5686
173 2650
75 2321
4709 5356
4436 702
1341 6368
6504 2640
4491 4349
2110 1635
3458 1166
3633 3404
4859 914
569 5301
3693 2761
1604 5032
699 5706
980 2678
979 4870
4073 4681
2799 501
6569 2602
222 1357
4563 6144
3389 2224
6384 4477
6597 6471
3139 3161
3369 706
5047 2524
3211 4477
929 763
6346 2617
1592 1308
1272 5234
2440 2538
149 94
2513 5141
33 3211
5272 1356
5681 1033
2469 968
2233 5415
5986 4637
6050 2828
529 870
6145 4105
6496 467
3349 4160
4444 106
6385 4649
650 4056
3007 630
5317 6157
2410 6565
2061 2370
4614 4671
3086 64
5283 1150
5964 2613
5793 5079
4351 3724
3777 2251
4216 5197
3709 1235
78 6745
2941 2723
803 3325
2935 1441
1366 1546
5042 4115
6485 5015
1264 2805
4681 3197
841 5477
6907 4083
3046 2012
2097 5058
1121 2923
6775 5897
5195 1894
1588 5531
4740 1019
2290 4735
4110 4489
5770 6813
4554 6763
2637 759
5743 2150
596 1720
3752 3463
2819 6168
3878 6516
2542 2696
841 1279
3638 2246
6147 445
588 3005
799 6298
4287 3485
1833 495
5698 2357
2215 1756
1622 1894
945 1895
1074 3344
5048 6398
3250 3062
5117 5448
1385 5322
1441 1665
3437 2778
1798 2944
4252 519
4819 184
3686 4404
1086 4440
6921 526
3773 848
2892 2940
5326 6941
5353 5325
2045 981
6488 1685
5387 6288
1883 5550
6894 1463
1862 6815
2298 3632
3756 6210
4024 5041
1422 4404
1960 1689
4880 4494
4521 946
6941 3335
1346 4421
3993 4916
5741 6666
979 4974
6935 94
3943 837
3515 4751
2149 5983
5437 520
178 2965
5464 6572
2834 28
1545 1301
1289 4469
6090 6927
3231 3174
5598 2642
1428 5468
5672 2274
4645 4887
6600 5689
345 3698
4334 1232
1283 785
4756 950
5738 4795
4587 3883
5846 6859
4310 5144
3813 1752
4130 1500
3413 6386
1682 6763
3337 1686
679 5593
6682 5824
6405 184
1806 775
5794 6504
1480 2401
4873 5852
737 1918
6496 679
4654 6009
803 4152
6319 3499
1875 3789
30 857
4545 244
1316 5493
4762 4964
459 6564
4757 3717
6252 1464
6319 4897
1286 5829
6852 2210
4742 6962
1352 2822
3674 6850
3985 254
741 6401
4312 4289
2554 6545
1618 3327
1268 6301
5466 1212
809 6553
4846 6245
6680 5407
6323 2445
5056 4465
3612 2269
1746 122
5419 2331
5731 1954
1298 723
3220 3059
2966 2981
6557 6979
4432 5655
3982 6550
3860 3579
4966 4422
2469 4630
413 6573
1781 4820
800 1545
6924 1164
2009 1248
1481 5727
3975 6920
3775 5263
684 2607
617 4903
3393 1103
3101 5853
1442 4395
5225 2886
2354 1954
2140 1892
1091 5139
663 5433
2829 3196
6076 1408
4428 3718
4139 3509
6128 1110
5314 2748
6010 2908
4817 3193
6014 2274
6600 3665
464 1100
1743 1152
3676 6143
2889 1806
6934 586
2655 6824
5691 6289
30 2807
705 3286
1161 624
4947 2153
50 3574
1713 2868
4677 174
1191 3663
4306 6160
2380 5986
1946 3083
5296 3418
4030 2938
5817 5632
3801 4645
6192 681
5349 4860
6101 373
1959 4739
1954 6692
6409 3777
4181 3875
902 2238
5132 5051
6432 3737
4495 492
309 5553
5864 6330
1787 4151
731 674
5014 4421
6736 867
4553 6076
361 4628
5234 5262
828 5964
3590 4520
6446 2028
265 3392
5608 5130
6631 3862
4633 4434
426 5157
660 1633
2819 1974
1424 5509
2027 3704
6655 656
2132 5894
3448 1459
2421 773
979 6184
4172 3546
1365 3731
5244 5523
3778 502
1344 3700
1110 3615
4253 1364
2326 2979
2959 5029
4437 5849
3605 586
2897 4814
3793 83
980 358
1074 4421
810 4268
5248 3861
5933 2927
5072 401
118 3203
2823 908
6833 6885
5427 3220
4212 6626
5511 63
5084 4028
3925 3492
1371 1727
3044 2752
3133 2228
3029 1184
3347 6967
4878 6509
4774 1593
3556 1612
417 6523
6436 5850
1133 4651
4004 3898
1854 4540
2286 5398
4275 5057
4693 5277
886 6951
4686 1759
5391 5503
3221 875
5949 5411
4424 6326
3076 389
4475 3663
2718 2363
2712 5316
2697 4906
1360 5820
336 6980
2780 198
2389 5341
2666 4118
280 4740
2393 6738
5675 2290
1730 5506
6777 5888
1747 442
3344 2339
6424 3140
5801 1268
5121 5834
6575 149
5936 780
1657 5899
6349 5495
3295 4403
3738 6122
2383 4495
6468 1727
4839 5150
1385 6937
6738 5429
5396 3674
1306 2171
6812 3826
3104 5133
2896 4671
3477 1645
5314 2765
6573 3206
2974 5198
4504 5955
6572 1736
1793 1156
238 6922
1336 5236
2337 4709
5822 985
4810 3644
4542 3422
4257 934
2216 3367
5414 4965
1273 2691
1200 3849
1115 6706
3766 569
6253 6904
6781 5854
3386 1935
839 4702
1854 4388
5992 191
1719 5189
5083 4711
490 74
4776 4881
2044 5901
4800 5545
4590 5759
5820 294
4499 637
2264 1129
4511 6848
5357 450
4545 6268
219 6408
4249 1651
4086 3759
3006 6040
5473 5487
6165 6247
3797 4555
1449 6793
1772 3410
4788 2889
5226 4063
4640 1967
4025 903
6977 1068
3257 331
2250 2496
2199 4586
3893 5829
144 6566
2326 1001
2746 4434
6674 2065
1645 2946
4405 2975
367 3812
3075 4928
4364 4047
3929 5329
484 6234
5399 1717
1103 1689
5455 5541
5033 616
2175 4244
1384 390
6670 5184
577 4321
6167 4016
2898 3372
3416 5489
4554 2075
986 6906
3313 864
1801 1005
628 5069
3268 258
986 905
5682 5702
4790 5451
4024 2318
2632 3392
2575 558
2090 4837
743 4966
5217 2183
6855 65
5023 6516
310 4771
1377 2235
3537 6914
3641 5337
2721 2171
1247 236
2712 835
4337 198
4992 3533
306 4411
4180 2859
3356 2572
4140 5655
2514 5869
5551 4097
5275 4675
4881 688
2992 129
562 5321
2074 2492
2352 5647
3453 305
2231 3354
1324 839
2355 5247
3287 4903
3894 143
560 2917
3530 1140
937 2291
2902 5794
1877 1889
2805 6360
3541 3359
5397 6007
6034 506
4288 4317
3316 3364
5418 1786
4653 3217
4155 3601
6157 5459
5505 4885
1680 2774
5940 6098
2753 5818
5286 4576
3429 5564
3312 3914
4325 2607
2260 4614
6595 4634
5315 6737
4865 536
5772 1256
3149 3853
10 5856
3912 1686
5243 6446
812 6193
6023 5724
5749 4567
4429 4751
3689 5708
1497 6652
5407 5528
3696 2530
5094 1724
95 190
4432 6673
1038 305
5874 4883
4546 3298
2969 4148
3507 6689
2430 1510
5851 3552
492 3466
4632 2730
836 6892
630 5949
1958 382
2828 5176
3738 1787
2304 1954
4295 4222
484 1296
886 4882
109 6988
4622 5909
4787 5862
2705 4216
4345 4084
1723 6122
1488 1057
236 6761
1930 1204
6479 2867
5116 5274
3522 5551
2600 6980
549 2794
4541 5652
6836 807
751 673
4404 6510
6153 778
102 810
2176 3295
5781 728
2195 620
2516 4622
249 2988
4477 196
4390 1780
2461 916
5299 904
2736 3570
770 969
5899 2576
4734 5801
6289 2301
2023 3370
3398 6243
5500 903
5114 871
6464 3633
2267 365
2911 347
3623 2307
3591 4199
1137 3593
3676 4005
4287 5260
6322 3056
662 6371
2293 2965
2937 1342
6171 3988
5630 287
1879 367
3335 1706
2403 1577
5388 4220
898 2402
3347 1384
507 2787
2192 737
5668 4726
3428 5989
2108 3068
345 402
6896 1256
4797 2571
268 934
3929 5579
6406 3550
6786 1208
992 4377
6749 5051
1468 3438
2084 1047
1692 4712
2821 285
3051 6851
2880 993
5366 5934
4933 6416
3605 1938
6708 3311
1224 3836
2560 4892
4465 615
5101 843
1411 4956
4269 3251
3766 4983
2452 2455
2249 2445
459 5079
4013 6015
3129 2334
4891 3368
2906 1241
10 4265
6713 4103
4378 5777
4151 1214
747 3339
5304 3105
3162 6247
6345 811
2090 3746
396 157
5303 5602
2775 4817
192 5462
994 6155
6205 1925
204 5160
4131 3937
5333 4055
1179 4090
192 993
4575 5375
5856 3701
1368 5607
4794 6786
5191 885
1844 5685
1955 2601
413 6701
6924 66
6051 2349
3471 2203
1818 2328
461 5177
5770 6390
702 2717
4027 2509
2563 511
5408 4740
6003 6190
1361 5124
3170 1580
6251 928
4795 4154
2369 5185
356 4036
2530 3368
2441 2623
6052 3033
3106 1029
2048 1245
2944 4627
2878 143
4171 1779
5274 3267
3006 340
4197 2184
5042 4765
89 4152
2274 6876
4924 2102
2370 5258
4587 4993
3831 1068
1687 6977
6937 4759
6853 2229
5877 695
3139 3680
6156 504
2812 3133
5559 3195
4092 910
1697 1516
2656 4782
3441 6410
1654 4248
6569 3476
5987 6844
6300 2922
1232 5170
5813 3806
6416 4261
5639 4828
5925 3090
917 1115
3032 3863
3849 1708
1142 488
536 1614
2695 6121
6080 4029
1922 6311
6468 5999
6699 6156
4778 1626
2107 1061
6585 3572
5879 622
2432 3868
1607 6676
6320 5107
3975 2130
3612 966
6952 1021
1537 2480
1432 2982
5500 2877
285 849
1616 6913
347 1390
3395 6718
2208 4664
2905 6460
4724 6105
1627 733
6972 1785
178 5702
2192 2913
3921 4275
3276 6675
2054 159
1553 5571
404 2856
3573 6190
5122 6994
2659 6296
4221 1148
6147 1325
2285 2940
3086 3605
381 4346
2812 4999
5432 1514
2790 806
1185 3196
5161 5943
5328 3702
227 4684
534 4637
6197 3937
95 3289
3395 3346
5319 6739
6746 4255
507 4183
1476 12
1968 6695
5804 68
5799 6820
6293 2044
771 2422
4246 5353
4213 6184
5260 5033
2664 3482
5597 4545
6618 6937
3592 4769
6237 3396
6120 4301
4493 1161
4589 5423
3132 2759
1015 3556
6774 4365
4957 210
234 6764
3780 5465
3927 2315
5849 6056
6921 5334
261 5375
4680 5672
6392 2401
975 4510
1618 1230
4464 2229
2360 6093
6140 5172
5290 4677
5910 3951
866 3596
1910 3285
5394 6781
6819 6465
6930 3783
1641 3535
6049 882
3022 658
3782 1610
1764 838
3234 795
6052 3529
2224 795
2153 3646
5587 3289
1723 4041
163 4197
6016 397
6298 6489
2883 3638
1981 3891
3705 5338
2159 2086
1837 4672
5189 3816
3385 4133
2429 4080
5606 5836
744 6057
4989 1565
4547 4138
5508 5774
6958 2442
813 3554
4524 3895
6146 6463
6969 6338
4935 4964
4153 5479
2932 3293
4163 2929
389 3368
649 697
5605 686
5611 4618
4960 6116
5899 6641
6905 6470
6584 3156
5022 4334
956 4992
1471 911
3837 1347
2728 5354
3254 5650
5715 3367
4064 6843
1392 6453
1466 3391
5382 5784
3939 2772
3729 4377
1978 4915
3989 4542
6849 6031
3967 1868
1043 710
468 3638
6248 49
5578 4475
4660 2698
5850 2414
397 1245
183 2615
1604 4210
4991 2436
6202 6692
6739 6734
3548 2036
3825 289
5197 248
590 1502
6604 3243
5876 2020
792 1215
6599 585
6087 5668
1011 2722
2629 787
2297 5671
3661 1036
3419 543
4462 2144
292 2656
4684 5547
6356 5058
3858 2281
5859 478
2028 4509
4227 2448
2856 5765
1817 4449
6163 1799
5966 3246
1930 2223
151 4057
2039 465
1586 884
5094 3726
1920 4219
2045 5465
5868 3079
1625 5417
870 459
4927 1854
5493 3943
4031 4804
5376 1205
5017 2029
6224 5476
2448 3052
1484 5552
6316 1237
260 6666
4943 5133
3202 2214
2194 1897
3465 42
324 2898
1423 5079
1727 6183
3209 6196
871 3397
3080 2755
676 5002
1682 1454
4470 2625
3174 2799
1590 1152
1905 399
2631 1042
563 4015
2111 1984
2261 2102
3389 5843
2042 6933
3503 1529
4644 3914
2384 2011
708 1600
5072 931
2021 6306
6088 5557
5678 921
4932 4229
2899 1671
6501 5654
4154 2830
925 4883
2005 1507
5918 6973
4900 2871
1069 2843
3754 5728
6982 386
5361 1171
2810 3707
687 4706
4411 3718
6668 6304
5266 181
1646 766
5541 2892
6150 1131
6018 1715
2972 6790
4491 1481
4455 6331
2936 5447
1724 1938
5286 4428
6325 5683
2407 3804
6782 250
766 2582
6800 2117
4793 4312
5107 90
577 1504
4936 780
408 3619
5390 3925
1524 6351
2435 1513
6235 6005
6438 1775
811 4082
1549 1844
4544 608
276 6548
5196 6233
4997 4359
6913 4035
2863 2363
426 672
3231 3216
6903 983
2896 6314
6127 2754
4050 6407
6876 3607
3776 6688
1489 6449
6144 2009
475 4900
3099 1375
1594 5199
3227 3799
2963 6136
6636 100
1980 2532
3710 6016
4359 6875
5732 204
6481 5180
532 6136
138 5272
4068 3674
4400 3223
2742 2355
3407 3893
6070 6605
3463 2559
2520 3120
1980 640
2634 3402
1262 6022
4465 5580
1204 1769
3585 1072
2782 3381
1048 4572
6235 142
3752 6025
6338 182
1449 1586
1740 4901
4642 5196
1134 5453
5410 6605
1766 1397
2921 2893
428 6062
5901 1362
6095 2250
4418 2716
3086 2413
2316 4816
3671 4694
6943 3789
4476 4613
721 4888
904 8
788 722
5246 5888
6136 4941
3305 3827
2785 5308
3117 1069
704 1553
4334 1339
2463 3570
4688 5716
5597 4184
4766 4547
3794 6352
2566 118
3513 6593
1189 638
4452 1271
3585 3286
440 6531
3879 419
6241 5996
4843 336
6740 2874
5721 5915
5887 2849
6814 2360
1063 795
424 2267
3012 521
4335 3914
198 3549
2318 3104
3130 6106
1933 1617
1370 4769
6816 697
5323 1947
6742 609
4197 5674
6224 1887
5783 69
98 4675
3439 4756
130 269
763 2473
5365 4003
4255 6589
5163 6299
2295 425
2699 5222
1907 4954
5331 5337
6750 2524
1503 6337
2504 6708
5553 6999
3526 1665
6204 1306
1618 5069
5941 4397
2134 4990
2382 168
6899 2368
1464 3879
2520 181
2328 1129
2845 2324
104 198
5153 5560
6129 3845
5872 4842
1459 6866
1960 6625
1136 512
6322 6845
915 6105
6470 6753
6040 4175
1349 1310
421 2296
2874 2932
144 3804
4538 6633
2423 2032
32 6267
1259 2308
2739 4368
3395 4088
2468 813
2942 6015
2649 2055
3100 6667
1609 3990
1150 1712
2926 4328
4895 6713
859 2556
4625 48
5833 773
5537 381
2957 1349
4570 4241
3784 308
2274 6154
6268 4095
5365 2275
3227 6763
174 1859
6171 3522
6525 1470
5443 4455
4560 2513
4409 6420
6433 6080
4425 2235
702 358
6917 5162
4761 913
4814 6482
814 6097
3972 3766
5365 3988
4100 3540
657 6508
6143 2471
1451 5227
3070 1820
3280 2483
5908 4151
6096 818
6431 1157
3395 5511
5082 2320
3884 4765
3242 2194
3007 4887
5719 3539
4724 82
5991 3596
6532 5281
3353 1212
5269 4480
528 3215
2006 3354
971 6733
963 825
1679 1927
4647 5842
6899 3927
6514 6014
166 2555
5711 1694
519 4218
1094 1280
628 5488
6863 2058
5273 310
6566 3291
457 5912
369 1253
2151 4076
2292 4783
2500 1745
2856 2011
6562 6486
3078 6221
381 3006
952 6911
2457 2195
691 6136
2976 3393
2618 5117
2346 2764
433 2228
4185 1944
73 2234
4258 4628
5929 2043
453 6434
33 252
1489 4398
3358 1077
2734 2560
3900 6636
3171 5176
5667 3582
5784 4636
4787 5023
6674 5089
5671 5305
6290 2997
5797 1022
5823 833
1996 1890
542 3531
1286 3185
1866 1140
3542 1269
4839 1488
5573 5243
1380 344
3322 2422
3214 1680
1583 2620
4075 2770
6777 3522
5288 4719
6525 5088
821 5326
4413 1224
4355 3672
3737 1215
3221 3035
2833 5593
1014 307
6841 2379
173 3332
2579 1599
1738 1996
4420 4044
6780 3452
3731 6784
2707 2260
4019 1060
742 3256
4511 1280
1552 3600
2530 1802
3475 4158
3105 1767
1037 1818
2096 3275
5205 713
4199 98
4147 3792
6161 2828
1416 6365
3308 4606
1614 5957
4005 362
6192 99
2681 1250
3030 6224
6757 6315
6695 3128
183 2003
3706 1870
5142 5297
966 4339
3764 4876
2115 6766
297 4920
6553 4781
776 573
4932 5925
3076 5466
2630 5138
5871 5948
1017 800
2391 2576
196 5433
4957 4210
6047 6125
4836 524
317 4542
5722 3742
718 788
3402 6433
988 2268
580 3385
1257 3723
4184 5993
6954 507
3051 6057
1426 604
2870 4789
5940 6589
5486 4008
5064 4482
6626 1293
5464 2331
1428 2975
1872 6058
3817 6144
2402 2583
6040 4305
3540 5952
3997 6876
3090 5042
3232 6145
1138 6428
5939 6579
6592 6582
6539 4295
1863 4023
5876 1616
3073 1867
1112 1747
5691 205
5430 2015
5616 2288
1444 6556
6257 2676
1439 4225
4913 3336
3744 2212
5481 1991
1555 6215
4666 3984
1448 5114
4088 4507
6489 1305
1941 5224
4724 5067
3339 2694
2227 1008
1605 5952
1113 1023
2382 1417
239 5389
586 197
4846 3567
1648 5407
2537 5288
4753 5695
3798 3713
715 2191
4985 1109
2553 5916
4589 139
2109 6423
5735 5572
3309 5481
2811 4919
651 6441
3691 1890
6357 4822
1982 3136
5679 1467
3309 3062
755 3124
6021 6204
3199 5825
2685 4628
1119 5784
2461 3954
3330 2674
4112 6833
2395 917
957 2454
4089 6606
1151 2905
3362 2950
152 2555
4926 5541
4331 5776
2620 3726
6277 3026
470 3850
188 5665
4491 2691
263 3374
31 18
594 5871
2425 4854
29 4489
1769 4425
6183 2142
559 4889
1336 5206
6159 1607
3254 4838
5310 3764
1813 4463
5668 2819
2799 6768
269 5754
5744 2349
193 211
4886 4924
6274 3855
929 1288
1678 1713
4842 348
3653 6665
2955 3028
5062 1022
5673 635
780 3870
2916 715
865 3419
1347 6400
5108 1412
2205 6428
6709 5048
1677 1183
941 4163
2268 1658
2354 3652
6444 863
6321 1799
5394 3898
2508 4174
5150 6336
6600 387
4423 5922
1048 6491
6737 2939
6465 4310
3081 5320
4272 4967
5745 3338
6983 1406
1820 5966
5230 2981
5468 2668
5820 4605
1191 5164
3133 6437
6251 3033
6402 5678
1166 4453
3580 3178
6329 220
5740 3410
2065 4180
5416 5328
6043 2163
5858 5401
3875 6680
6011 4876
4769 6926
776 1363
3844 2938
2145 1632
1099 4070
6344 625
3103 2418
2261 5631
2456 4538
51 4370
3425 4701
5544 5220
715 2618
5670 1666
5759 6168
1267 5136
3186 3835
2227 5728
3156 2325
6546 732
6242 524
4159 2070
6943 6863
3179 1454
2213 6102
6702 4664
2715 4078
346 163
5241 6909
3486 2787
5199 1709
5825 5499
5577 5787
3169 3227
3840 1752
569 5433
867 6746
4495 3037
2176 2383
3097 1207
4703 4900
5839 4652
3438 1215
4341 6851
1538 483
185 5424
1813 5680
4895 1329
4672 2643
3340 5553
3927 1171
905 339
2638 501
4881 5705
1687 4214
2805 4474
2078 3829
1150 1889
2617 2975
1273 505
2062 6372
6342 1937
4580 3157
1290 2749
5985 6865
1707 4829
5917 2583
3627 1644
4454 529
6715 5191
1053 5958
2642 5338
2787 5826
6334 2685
147 694
5823 897
3678 3834
3903 4424
3763 6604
4818 6469
1384 60
5798 2717
5385 4888
6282 2403
753 216
5394 3251
1215 358
3753 5718
4277 3654
1593 2930
4394 3547
2177 4359
1715 3268
1910 3477
2148 4225
4403 1519
166 499
1547 997
4526 6446
757 6274
4011 990
3527 6946
739 5589
4365 1246
3786 2849
2033 3203
5205 292
2447 6299
2995 1815
5552 5093
1926 1264
1804 4312
2062 243
5617 4118
6628 5517
296 2437
3989 3777
3974 3797
830 6716
565 816
1457 3303
3762 3542
1462 6378
843 3452
5525 3437
4945 3648
1966 2153
6260 1069
5955 1438
2042 6767
6815 6115
2930 1456
4874 277
1581 5531
4324 5920
5043 222
2980 1059
390 1141
280 104
5903 6837
6142 2424
2025 1182
1629 3836
5701 5624
1897 521
905 255
625 5854
178 6550
6040 4376
3163 6097
3203 4097
6102 5743
2149 2388
5180 2573
3476 494
3135 3335
2910 186
1556 5739
6391 5391
4742 3381
5119 6729
4130 5622
3512 6906
5081 5207
6439 1128
6988 5161
6651 4605
6539 2903
2190 2484
2987 1256
518 5953
2165 1874
1907 3868
1002 3491
2887 1150
4367 4209
5167 2861
1761 1126
3818 1372
4952 1771
5136 3327
2463 1966
6271 305
4323 4066
2432 4653
5915 5273
4432 2960
1829 1386
1675 2945
711 1180
4055 1577
3697 3914
5701 3040
2620 6829
0 1123
5827 6225
2634 521
226 2417
4237 1801
5549 4495
5791 4603
4803 5638
3980 925
302 5795
1130 5908
1267 1034
2603 5716
6343 4899
6951 968
5713 2715
5127 4002
135 1387
6200 229
5226 3758
664 895
4351 1333
3246 3317
1514 2244
4677 692
1027 1770
6045 182
3117 4477
3927 1231
811 862
435 1158
768 6166
6071 6788
4474 5199
2158 5159
4194 1076
4281 3758
1437 2074
5121 1435
2093 3259
92 2231
4805 1611
2994 6174
2044 367
3160 2925
3640 3478
2063 2032
4946 2803
4687 6003
6451 4841
6697 695
4781 3904
4707 1177
4823 178
1036 2788
2959 4603
3508 77
4975 4193
6522 6853
3996 4471
3179 697
4452 6717
726 2879
1940 1935
6690 5649
4427 4453
1747 4464
2790 3743
1184 3440
3170 2886
5638 4141
2764 445
4402 4729
3420 5881
1363 4410
6582 6126
1704 1404
1176 5316
2317 6267
5205 3482
2822 5577
6655 6085
4387 4466
1942 3369
1625 854
6432 3272
6289 5308
80 2801
863 4684
6303 2449
4554 3832
1827 2948
277 5630
553 6499
4976 3147
6119 586
6482 1137
3798 4068
5954 6566
5553 6283
262 5280
452 5973
2349 5790
6303 2791
4469 818
1811 3270
1746 5320
2230 419
701 1482
4634 6251
5765 2373
472 4616
3871 640
2157 5898
4861 3711
5784 3161
3522 2454
6335 6611
2042 5925
3748 2595
6860 2283
2462 1796
2195 6223
2866 1134
6379 3722
6400 5150
6633 4810
1736 1620
5431 2011
6689 4655
4412 671
2606 106
6769 3493
6601 6034
2802 5079
1819 729
3984 2666
232 1988
3371 1593
1383 1335
4562 3209
4155 5114
5694 710
1057 3293
2473 3779
5459 6134
1031 2739
4662 4214
3104 704
3052 6804
3917 3054
4151 2458
700 2731
4173 5489
2698 2034
6000 6832
5383 1818
2412 1903
577 1448
238 5043
1705 1129
521 5010
4151 3524
3466 209
939 5854
2078 4440
2727 4883
6815 806
3326 3699
1397 1946
729 5432
2247 3591
4570 3963
2904 6240
3195 5650
3159 6315
771 1652
2352 6474
6937 2127
4263 480
6050 6384
3914 3492
6090 335
354 1124
1217 1620
4442 3206
891 4411
3904 4482
1220 6325
3551 6548
3057 6190
4187 1449
5482 5290
763 3969
6489 3422
729 6829
5986 2381
1528 2039
2088 4832
2349 976
516 1981
6166 6979
6923 1759
6377 3189
3407 2361
6579 5551
4433 4735
4462 6304
2272 2459
589 723
1224 2438
5356 6170
2376 836
1336 1071
4795 4463
6589 3004
5724 4452
6371 4499
5971 4244
1765 3721
5213 488
5482 538
4289 1025
1542 4836
1924 2964
3203 3075
835 3305
3004 3786
4359 5162
6108 5164
433 2385
2613 2697
4072 6580
1242 1220
4610 6969
6562 3286
35 5015
602 6663
2241 2278
5836 3272
5706 3561
891 2181
6683 6407
3787 1463
6726 1755
2943 6966
5804 1251
5132 3519
4575 6343
2437 1905
3466 6352
3772 792
2778 20
227 1869
5305 6608
226 226
5485 5419
5633 6207
2582 4627
1994 2318
3953 4492
6603 6431
3990 247
6286 6293
3773 6449
5994 3853
6781 1628
1815 5832
528 3187
6061 1406
6017 3645
3789 3565
3147 2859
3225 5944
849 5568
924 5379
1861 6462
5157 993
2584 227
2986 2143
4727 6928
768 2215
2718 2810
6091 2692
4666 662
3326 5187
5927 4426
5871 303
3854 5147
1492 490
4591 6422
55 1198
3124 1975
466 5240
6312 4160
490 883
4384 1457
3937 932
3835 6655
302 538
4825 5446
2015 1785
2280 2974
2493 2072
2557 3275
6328 6336
1798 479
5170 6705
3513 4033
5471 3175
3521 2044
1031 2765
5979 3755
6225 644
4399 2454
1696 718
3938 6154
98 2405
3763 1839
5181 4714
1617 916
5648 5131
5253 5711
469 2372
5382 857
5509 1251
2965 3705
3120 989
3841 4562
6852 721
2241 139
1839 3477
688 5811
6592 2110
238 3498
6121 6469
2960 2668
951 4203
1901 6756
4991 2392
4370 5521
5568 6204
5447 1979
2664 2543
6817 6781
3768 3646
3881 1277
2486 3575
3153 589
253 2432
6393 277
5160 1265
1405 4509
4236 1129
3576 1071
1374 6403
3786 3162
2130 6075
6115 2942
5344 3908
186 2376
5388 5220
2617 4857
6053 3839
5154 3370
3749 6857
4697 3406
4038 2694
2013 2228
690 451
3578 2111
4376 3426
3392 4158
58 6465
6998 2241
896 6488
3542 1687
3382 5178
4671 1203
1284 170
5827 5721
3493 1199
6313 2974
4114 6071
5840 3530
2608 6378
2383 4777
4058 978
3434 974
2400 1610
6992 3533
467 1822
21 3988
2669 1443
2556 5597
3990 2530
5721 2799
2833 692
2604 4568
1683 3129
1377 3289
6945 5827
410 2553
5734 4711
707 2545
4208 1363
5008 737
3264 3314
2133 4786
3623 2162
576 5591
6623 4723
2155 4049
5762 2249
5527 5125
3652 4716
3694 6305
4449 172
2504 6476
109 4644
555 3449
865 4941
6572 4444
6815 4752
3037 4705
5390 6206
6716 5933
649 5443
2789 4258
2000 4309
4584 2936
6921 433
410 4383
5938 90
4681 5089
905 4706
5228 3297
6796 1459
5699 3041
1044 817
5955 1540
2491 5803
1387 2872
1255 2281
175 941
3566 3274
4755 2618
426 1692
6320 6529
3369 4791
6057 1647
2751 2969
670 45
118 1142
2565 5433
6006 2091
3455 5645
3418 3337
474 6416
779 5507
3266 501
2273 4579
2337 6509
2462 5175
5873 5894
5877 3705
1361 4690
2636 3683
3204 6273
946 404
5721 6016
1346 1452
2984 476
6145 6963
2145 6846
5877 4903
6835 1677
4894 4865
6134 6248
3527 5302
5642 6754
4708 3389
1694 6885
4429 3915
2319 4714
879 1798
4691 5387
6470 3419
4120 405
4996 537
6322 430
206 3133
3622 86
4511 3805
1940 3449
6165 3140
6656 6080
3730 6324
1934 190
3858 2198
1284 3177
1526 1079
4385 5549
2242 6557
3942 747
3732 6275
2319 2860
2353 508
1390 2404
6770 5067
3588 723
5259 4148
2214 3182
3469 994
227 2523
1806 5
6343 5378
2745 6328
5365 229
352 4739
2072 2557
833 2511
2939 6903
3901 1157
2330 4381
4744 5872
1576 2290
6221 6857
3942 4205
2987 1367
2307 4126
5574 5595
3165 439
3708 5527
6730 6452
5310 4615
5281 3391
2685 3279
6781 2995
3643 6046
6868 2306
3402 5002
142 5358
5433 3333
1332 2733
2734 4450
3830 2431
6420 5171
3861 6552
810 1978
1371 6297
1297 5005
4098 4557
6916 1940
3868 5791
3435 6719
1676 3201
1813 1057
5652 1694
1290 3613
3731 6455
133 1702
3206 6003
3414 4338
3967 6096
3233 5752
6157 6580
3989 2581
3136 6295
4085 1526
3598 5281
1359 6953
3745 1339
5137 5672
831 1970
4039 4298
2961 2471
2498 4388
2197 5947
2072 5284
6185 3202
5722 1174
5931 4182
2326 448
2501 3356
4223 239
2409 2393
2354 6003
2199 211
3349 969
4869 315
5276 1018
6105 4502
4861 1869
2092 3422
6368 6695
6377 1941
819 912
1532 2776
2311 4837
4360 3439
2406 5520
1119 6622
6226 621
2028 3908
6769 5092
5098 2423
6608 2030
6262 925
1780 5519
3946 4313
5701 5718
4073 1937
5584 5031
4834 385
570 3143
1555 6129
3312 3351
5955 5989
782 3952
3497 6031
920 2140
1604 1433
6829 793
2683 1780
2379 5599
4288 1193
2704 3523
3404 915
4530 3951
3307 5340
3953 2190
1634 2503
724 2012
2306 4052
3246 1248
6822 2787
825 1114
6098 6662
2496 5093
5195 3215
5301 3006
6078 1494
4140 1749
901 1205
2448 6881
362 1647
1840 1510
5157 6647
898 330
5870 388
3510 2075
759 3819
206 2894
6441 3789
5683 6937
5648 6733
6052 6686
185 1353
6568 3268
843 3182
4178 2318
4246 1234
458 2208
6913 4544
1175 3439
1314 634
5415 3239
5652 144
3242 5961
1267 2706
4174 3411
3483 4232
3352 6110
2619 2539
3780 4051
2472 4126
5504 328
4610 5758
4270 5431
3101 2826
2276 5903
2302 1737
2790 3722
482 1906
6171 2446
2743 2729
3681 4211
3390 741
4481 2856
1152 3629
2031 2154
1939 597
6167 2007
4096 380
1658 6128
3909 5998
3968 6181
5667 6959
4010 2001
215 484
5846 1798
503 6434
44 4453
6094 1362
5757 6203
968 5276
434 6673
5424 3347
3418 2248
1379 2824
2456 4964
6074 1239
2314 3940
921 5615
3683 3308
6538 2441
1385 3011
1830 4183
3993 2519
5654 2362
3911 4505
98 5185
548 1458
1420 5540
4005 6884
3407 3140
2313 373
6451 5319
3681 4844
4904 781
3910 3960
6007 2755
3135 1738
5687 113
5042 5751
105 5369
4556 5986
2 893
6297 513
4868 2163
3452 6332
6578 4937
1611 5452
5722 4070
4394 3495
2748 5720
1425 4737
5724 227
2299 3860
4891 4579
3897 289
1202 573
1304 4091
4386 6502
485 1019
862 321
6447 1755
1207 6170
3565 5819
6767 1825
5454 1555
300 1647
2733 798
5309 2783
6712 6332
3631 4943
3691 4782
1049 505
2396 3843
4889 5857
6445 5911
2827 5162
59 6125
6050 3045
5115 6449
5898 3317
1902 5405
4013 313
6709 717
618 6993
4444 3451
5797 4268
2961 6982
2444 2302
4716 1636
3205 4054
446 5686
1682 6551
386 794
795 1047
1812 6252
6750 3925
5055 4808
6930 525
6911 6860
4772 5180
4234 489
6913 5156
1557 1087
3207 2024
4997 6125
5212 6304
3883 5298
6002 3160
4327 3980
2116 2475
5587 2811
5479 2830
1205 1300
3855 4855
2438 794
2028 2093
270 2224
3604 5671
1715 3206
5426 3305
1351 6285
3849 3927
5978 1158
2781 2627
6773 5060
3723 4264
4389 3495
5090 3757
3708 4188
4862 4822
6812 3594
6714 5293
6895 5871
4220 5580
5770 2975
5581 3610
6054 4822
3826 5300
3569 4256
2595 4104
5659 4807
3502 3798
3222 286
2781 5332
6292 265
6227 6088
3449 4336
4300 917
3943 1187
3520 2099
2881 1986
4910 4463
4897 461
1222 2665
2635 27
4858 3294
3511 1241
1433 3583
6274 4343
4013 4792
1502 5235
6668 5774
6904 1503
4806 217
6688 5752
584 4130
6885 5602
3542 1145
2446 6963
674 998
6049 2381
2021 5052
5100 990
4475 4382
3314 1139
5330 4424
6698 2839
2471 6322
4462 6399
6738 3057
2907 5778
1372 6342
583 5934
2366 3726
3771 3550
3368 4991
3562 3396
1424 380
2597 180
1640 3954
6863 3298
536 6323
2721 6955
6723 1575
3275 4402
6250 6441
1255 5696
6214 4001
1800 3178
1822 3302
2893 4852
5865 3198
6829 2826
2302 6257
6518 5905
2834 5309
5705 2597
3912 5482
6843 5125
2411 504
6232 6298
5485 5710
6148 5532
4616 543
4564 5921
2052 1364
4236 114
1066 0
4698 5601
2973 2286
266 3516
6344 3392
4059 4950
873 864
5690 3223
2170 3042
4708 6846
2860 3193
3635 923
4386 1970
4099 185
922 638
864 4389
3155 5276
2744 684
6150 4827
4841 5307
3955 1058
2803 1000
6448 1523
1881 2913
1827 4219
1516 6960
5856 5549
1052 843
2818 1421
5456 1353
4284 5859
3810 519
3272 1519
6041 2786
359 2117
2662 6803
963 3495
2116 4076
2472 4079
3333 4679
6365 6259
1664 2274
3378 3945
1281 3581
5696 4352
5240 2971
4344 2704
4532 2221
2686 3931
4747 1657
5577 102
2401 4867
3618 3287
3862 3093
2085 5511
5240 3660
68 4813
1492 6789
851 2152
427 1549
1586 1748
134 2083
6165 172
2392 11
1694 2356
3037 3837
2025 3556
4133 944
5592 712
2950 2700
2843 1521
3398 2349
609 4192
2871 3197
2339 6926
463 6461
1969 2444
473 5648
1184 5548
6768 6625
2865 299
835 4261
6275 4751
6990 4776
3957 4458
1949 1577
4711 5256
6465 5848
3876 6049
787 5484
6237 4679
6599 2601
6121 6679
1175 4083
2773 976
1649 1756
2349 6925
1331 1271
3620 2137
5282 3971
780 1203
2825 1684
1340 6053
4577 887
6744 3294
4316 1299
6439 418
6289 1575
2307 1103
1056 237
160 3933
3108 5939
833 855
6011 5840
5929 6175
6079 4346
319 2170
6691 2161
2954 6651
1813 1553
3808 390
6606 258
5480 1803
2257 5777
159 1816
4440 1038
4630 2316
6575 5680
6904 1017
5258 727
1741 2224
571 6686
6473 273
5588 6676
5244 1960
181 5783
4813 682
4780 239
4981 5126
283 5641
3908 1269
4716 2256
3508 6158
1093 800
3470 3620
2457 3252
2360 2777
6163 2722
6233 4785
2288 5044
1326 5601
334 5859
1330 5610
5142 3476
6313 2516
5261 2553
60 6882
399 5310
3766 4900
4369 4200
943 164
4931 3765
6181 4525
4196 1759
4811 5474
900 1582
5861 242
6097 1119
2401 616
731 1573
657 5002
459 1094
3639 283
2442 873
5758 2069
2231 4694
2185 5118
4622 4455
6931 2851
4074 4399
5183 3775
6899 2568
2515 5763
3348 5937
2310 1039
3945 6865
1327 6567
3042 3695
5345 1913
36 5629
631 1185
1331 3055
4007 226
5492 2269
6945 4388
6826 4766
4628 4055
5461 574
2255 1671
4151 1299
5766 6907
1671 3744
6013 1901
6798 404
2174 5906
995 5150
2391 6808
1612 1269
821 1021
1862 4976
2877 2649
1101 1221
1279 2303
39 1886
4249 3176
1182 6891
6679 2086
481 2085
6186 2577
3091 4785
3632 3299
2579 2176
6562 360
165 5845
4007 5793
3943 5504
2537 2353
4964 3152
589 1820
6911 987
3658 6511
5271 6484
891 4731
6711 2919
1764 4823
3196 1556
4823 4718
90 4905
6832 2992
438 1844
4663 96
127 4795
1745 3682
4893 1948
3896 5222
1833 6095
928 3419
1485 564
2466 5247
5513 3866
453 3336
6626 4794
3497 1103
3876 5003
2948 5599
4044 5650
3780 1872
534 6874
1081 2202
5272 1507
6180 2923
2154 252
64 1216
4239 4542
2504 1943
4807 6695
2808 4319
3016 2867
5845 4437
4893 1531
1245 2331
3619 967
4140 322
1400 1977
105 149
4387 5662
2974 4113
4635 5990
2211 3295
3621 5908
2841 1750
657 693
5560 4172
3786 320
1641 2103
6180 1673
2912 955
3614 2538
6435 4912
6248 3674
917 5626
6463 6433
2080 1284
1107 5165
4698 4186
1345 4739
5069 2596
2069 1901
1012 6971
6378 6259
1135 545
1817 6667
1136 4962
4615 3138
6217 6368
2009 44
629 5162
326 413
1003 2757
3708 2602
2844 5664
5261 5944
2781 4333
642 3025
3818 2679
2308 1977
6596 4630
3357 6611
6870 6522
6848 1019
4468 4635
480 1138
4570 3159
582 6802
5195 3412
6419 1754
3894 6494
5344 6139
638 1615
2285 809
6529 3453
5623 6773
2981 3272
1772 6869
4878 4726
2495 3367
1055 6986
5949 1358
922 447
6970 5581
2857 3821
6105 2633
171 5187
5417 1600
4570 2495
5798 256
841 5448
4100 1839
1672 6847
813 811
2645 5516
2889 2727
995 3040
6068 1936
869 6114
1199 14
1586 3597
6792 4336
5067 6146
6476 3760
113 3345
3734 424
4633 6333
1762 6312
344 1551
6630 376
6656 6498
4329 6517
2821 2024
2212 3268
1524 6206
4776 4972
1802 5534
5548 2924
2775 5476
871 2706
1543 3466
6832 5726
4127 3348
6584 4838
5410 1106
5034 1248
6281 4524
5413 125
3445 6239
3730 2009
3004 4119
3103 5783
664 6390
1096 6473
3461 408
4126 1486
3321 1422
6155 6231
6809 4087
2114 211
3866 4632
5275 763
2898 4819
2243 6965
4368 1366
3987 6568
3700 2532
3638 4493
5117 4835
4181 2744
5318 702
3843 6433
4967 4988
5904 2811
6456 480
3613 1885
3275 36
6750 2764
3750 2674
5257 3303
6291 5756
3316 5975
5508 4827
4964 5773
1463 6392
5103 1575
5500 5679
6605 4900
33 3076
2447 3771
665 5420
21 5759
1702 137
473 2383
3982 1525
5971 2100
5302 525
456 6335
6597 6357
106 4603
2865 679
957 1084
3901 1802
5977 3401
1972 4845
2774 6426
6664 148
4346 4677
6042 457
5253 3998
1323 3897
396 3805
497 2253
5589 5761
5627 4856
4788 6189
5229 5556
4167 1390
3747 3117
2254 2424
1034 3041
5270 2909
6975 383
4270 5851
4837 526
694 1944
6144 4831
953 2076
758 5117
805 6047
3229 2836
3812 5802
4312 6195
625 6730
2489 5468
4469 5544
1143 297
4024 2692
6875 4256
1605 5428
6705 555
1680 5668
3085 1039
755 4637
6042 155
2227 5294
870 4234
583 3317
1052 444
2976 2442
1183 6659
4192 4425
1918 562
3824 5682
2667 6809
6149 2783
4956 775
6318 3390
5832 2587
2136 5698
1734 1960
575 1173
5827 5417
6509 5078
2045 6623
2189 152
5197 3656
2392 3244
3695 3168
6748 1480
2495 2016
1690 4948
3080 2082
4002 3054
1261 2729
3141 4580
1392 581
4083 3100
16 856
6434 5666
2980 1512
1347 3066
3337 3524
6645 4076
1252 4055
6551 3614
5402 1936
521 5943
4766 5857
5665 1318
337 3739
835 4721
1393 5645
4761 768
2491 3623
3610 383
5981 803
6894 4475
3152 6165
6055 1053
5092 6615
2050 5571
4287 1279
2598 6143
2430 4516
641 471
6768 5785
4346 4549
5854 6391
428 4202
4949 4932
6591 6735
6977 5785
3557 1371
3790 5447
3049 2602
1962 3617
26 3927
3284 4163
1886 2613
2534 3441
1495 2948
3841 6674
5535 575
3778 5428
6355 4424
890 889
2015 484
6491 2140
3550 5768
6617 6875
6182 6956
2297 6876
6525 4316
1804 4828
2091 4945
651 6961
3432 3312
3659 2833
1400 6600
1858 369
4617 6323
3762 2049
1068 4344
4681 6094
2055 1202
6121 87
349 5201
4295 3726
6135 3484
4918 949
2289 6647
3508 3426
3438 2378
2122 2880
6843 308
6775 3289
2262 637
2375 548
6041 3011
457 4294
46 5994
5591 822
3405 4684
1819 3163
4319 1401
4177 4397
5500 2248
565 4941
5905 328
6811 6167
4131 1886
1474 6276
5096 999
5645 3611
3891 3619
2772 4176
1703 3468
5912 363
4867 3159
1827 937
6448 2407
1479 6670
5255 2580
1710 6838
5751 507
6593 922
2649 278
1384 2066
3906 5298
3771 2880
340 1514
6492 1832
372 4256
4072 6114
6770 3654
4705 799
6285 4478
4880 4296
6473 3705
6279 2640
5392 2154
4322 5401
3449 1235
114 4155
1611 5770
3191 5748
5417 1662
6865 4356
6399 6491
6711 6877
224 625
943 2341
2574 3406
6568 3160
2069 4197
3737 3152
5604 6194
5856 6613
2830 3483
1594 1179
1995 4801
3060 5216
3663 523
4040 433
2387 2887
1145 264
6159 3876
1678 4416
6787 1609
725 3395
1121 431
6042 947
2245 4876
2950 1034
6188 3496
6312 6876
3037 3404
2363 858
4004 935
714 5848
5185 691
2352 4611
4509 1177
4325 4375
6023 717
3845 6092
5804 5422
5482 3821
6763 2788
212 1408
5654 5243
1553 5308
63 2954
807 1917
3685 5138
4548 799
6882 3941
6775 1089
4771 2847
1591 6643
3267 4540
5359 4089
5920 6843
2299 5907
2404 6829
2957 1101
2500 6044
4777 5124
5429 5032
580 40
724 2338
1594 5396
3883 1690
5004 3072
3137 5645
2084 2538
6737 359
5003 2184
4489 2871
4206 6602
3984 5509
1196 224
4654 423
479 281
747 2111
5262 1839
194 4674
1207 1999
5120 4664
1233 5276
4553 5839
3180 1405
5172 1224
2002 5311
5980 4109
6509 4374
5032 3269
3779 6704
5339 4338
1681 2599
1552 199
2180 591
6092 3284
6648 3414
1866 2811
2739 1183
658 2891
3046 4168
3215 5204
3041 4049
6538 667
3405 2102
2983 1063
5424 6142
484 3335
255 5237
2203 1217
1913 5747
83 6567
149 2595
2431 2729
4386 4300
4756 4709
1750 6786
5670 6293
2135 3328
2458 5693
229 4689
2977 5257
2646 2762
4981 4467
4236 1956
3440 1615
4601 22
5281 3733
1509 6752
61 815
2629 529
3447 4552
2617 670
4141 3269
5713 1876
5291 6102
6556 2758
2374 0
6890 2807
1404 5319
4859 6957
728 5574
2779 1351
1270 5394
5736 1891
6701 629
2225 1915
4104 5888
3505 509
788 4921
1058 1561
2642 2342
1586 6635
2561 2065
4950 4916
4118 2227
4206 3206
4753 658
4541 2744
2610 2610
1965 5292
2124 5208
5102 2485
3465 2980
1773 3133
1946 6314
3692 1577
6858 1194
1683 400
6427 3752
6100 5726
5958 3422
2277 1318
5170 2499
1283 6733
211 4747
5419 4093
406 3536
3130 4346
1485 4833
544 6304
3756 1047
6514 1548
4532 6253
3173 949
5472 2820
5800 5732
978 724
5710 4074
4467 39
3874 3155
4094 3214
2227 2481
2507 565
6906 3492
6511 1228
4487 902
5523 4886
2824 4381
6395 1489
1581 5504
4203 4669
2658 6941
3699 438
6208 1515
1195 5511
3452 2026
6006 1258
6378 2533
2549 6047
6052 3292
6360 3849
3303 2263
5405 1265
2697 5031
3166 4106
3799 379
3117 6230
1397 5696
277 5545
4110 1364
3607 676
6445 3428
4029 531
6262 6607
293 6204
5656 4414
5655 5619
5416 6977
4299 3020
6932 816
5086 62
5451 1462
4173 2363
3230 1893
235 1236
6349 3718
6839 6872
893 2857
3327 557
3200 4909
731 4057
5460 5534
567 1707
6339 215
1206 1861
2254 4078
284 2261
5172 5623
4570 3900
5706 6193
2752 2098
1160 4241
1920 5059
6741 5782
2857 4556
4314 1672
6487 934
656 4130
5519 4515
2709 5582
2745 5960
5579 5853
3978 840
1297 6608
1408 2085
630 1549
350 2961
4905 4691
4561 2341
3565 547
1732 2357
692 3031
3902 5922
1820 2238
6466 5560
3579 1832
1878 3047
2691 4519
5602 1370
5182 946
695 3540
2342 1406
5501 934
4789 4287
6274 1928
2521 6564
439 1874
5858 4338
5533 5410
449 6027
6107 1180
5846 2788
653 607
4914 5760
5032 3215
5457 1070
1663 3745
5489 5705
1835 4306
2648 868
4047 4052
5149 3880
5575 4309
2634 1639
4649 5472
6266 6423
2637 2203
4517 14
4494 3698
1278 674
4713 5430
2560 6448
5496 1778
1883 2905
4147 5449
6792 3160
39 5
4649 6012
682 2205
4428 2821
3224 1322
4389 6188
3557 5668
5491 2381
5122 3435
1829 5404
5942 2116
6412 883
752 1593
5243 5546
99 3955
2015 1999
6255 5153
4813 2752
66 5933
323 2258
1965 4387
3157 3973
4988 6391
597 4405
4124 5950
10 6815
4285 836
415 6073
4398 1968
284 199
2194 2781
6575 6464
5901 4618
5960 5779
1442 5123
3000 3398
1473 6420
6272 1326
4725 1516
3725 3641
5567 4599
6677 6262
534 1463
2483 392
3878 5977
6352 1507
829 4521
3867 4454
4373 4337
4013 2883
1906 535
6768 6108
2638 3522
5087 6712
4211 5978
1398 2427
4642 2373
5482 414
3119 6009
2965 4756
5716 4842
2195 3404
5440 2421
4572 2751
4980 5946
1720 123
2024 2163
6824 2961
6185 4248
4284 2440
4384 1596
2430 3719
6203 3946
201 1984
5374 2560
61 1336
6768 1464
5161 6114
3547 1041
6702 6051
4440 5341
5384 4327
3266 4474
5830 1323
6163 4801
4447 3288
3530 758
5576 4614
4223 3734
3920 4834
2790 6110
2803 254
5157 6274
128 5919
5810 5717
3411 1817
6477 1667
2429 6826
5096 1894
4437 1273
2446 795
3164 2805
1438 5941
5887 362
3163 4051
4432 1514
4931 4868
6943 1993
6019 2723
943 2228
6283 2136
3230 915
1958 1428
5644 2567
2531 3165
6926 1032
5586 6274
443 5620
2720 3037
1011 2755
88 2475
561 1231
6806 2312
2352 102
1248 1879
5773 5437
2779 1168
5173 5178
1780 3033
976 3372
5056 2482
169 2584
3989 4467
4695 3443
6518 3888
3172 790
797 3763
3167 5013
5957 3368
6275 2135
5938 6415
435 6205
3876 3252
6403 6068
4220 1341
2080 5958
4704 6908
5804 6714
1703 257
2436 3431
2480 6142
5139 3925
3070 289
3445 4785
5594 6440
4944 2873
921 6961
71 3199
3392 1688
5598 1030
6550 5381
4992 3363
1308 2759
6209 1496
6746 2829
2426 4666
5213 4926
5024 6138
4151 552
4096 6880
906 3700
3474 5673
291 2100
1898 1976
5175 6862
678 3051
1704 2982
3358 6224
2278 456
3489 3336
4755 2614
5633 5003
5120 5543
948 5332
1079 479
2071 90
5937 6431
2038 237
4190 6624
4548 4103
215 5151
4311 6512
6424 3824
3614 957
4073 5684
1246 5799
6833 2537
656 656
1493 765
3716 1980
147 1961
2165 3643
319 5143
5435 556
3462 3321
3448 1931
1630 3653
5452 6401
5465 5843
2728 1257
5274 6928
4129 874
5438 5541
3030 4583
5737 5811
1964 4863
544 1953
4435 3371
4317 4487
2875 3022
2534 5794
1868 4304
4740 2835
5079 6555
6227 557
3080 6471
2890 2312
277 2430
2999 1256
1583 328
30 5024
2117 760
2539 1949
6277 1676
323 1922
4232 365
5173 3166
4484 771
3534 5928
5387 4940
6647 220
5874 816
2151 2532
3097 515
1440 3245
6361 3541
903 260
4649 3648
5598 2829
3446 6763
6714 1823
299 4546
1364 3789
3934 3545
4265 5077
3363 268
184 2955
5845 585
3567 4507
2034 6189
2529 5120
357 2285
5058 6683
4190 5421
4129 2127
2125 5810
4834 1880
2142 1416
2918 2416
679 685
2652 6819
1793 5992
3310 243
1955 1282
5077 5994
4868 1042
4444 4072
5471 6753
3345 4491
2328 5246
5026 6258
285 6420
1905 3898
118 1467
1464 3363
697 393
869 5721
3793 5317
706 919
4652 5821
1287 1494
4603 760
3615 3318
4020 3032
4598 4662
1261 1887
6636 6134
679 4829
1307 6177
1298 542
1680 3144
3690 1812
6287 457
6776 2627
6732 1252
6719 5173
1975 195
6174 6580
3602 2789
2743 6577
6360 49
5852 4445
5461 4217
892 4947
1266 459
4752 3388
200 5924
2477 4194
6578 4097
6235 4132
6229 2704
4473 5528
3012 1695
1597 5302
6121 5982
4259 3083
2964 3502
4267 2637
5185 2922
1229 1634
3363 5129
4832 4132
1880 6922
5128 4443
4416 2032
3176 6207
4934 4022
4296 3097
1840 6209
1316 5507
1759 3962
1478 3232
3739 2465
2720 2358
2431 3130
6483 4357
3462 2850
412 6387
2797 1601
4118 5365
376 1786
4204 4120
4060 3028
2508 2052
6639 1868
8 5380
198 3108
5526 2074
6163 126
1401 913
5957 3789
888 5147
1595 3438
5220 5735
3623 1253
2734 3842
1244 5696
951 3379
3267 1799
3332 3655
6712 5622
4512 5015
6437 890
1774 432
1802 3120
241 3390
4968 411
3106 6722
1161 2141
6988 1869
6821 6335
307 1240
4315 1136
4080 4186
6240 111
5669 1192
4226 3488
5258 2634
3837 548
6993 5625
452 2455
4477 6890
1120 3928
6040 6580
253 242
3165 2541
6552 1480
6038 6443
5961 4705
3715 6309
6783 5697
5023 666
3570 3991
4574 5828
3174 5727
956 901
5427 6932
2910 6091
3596 4541
1127 5359
706 2382
1319 3954
1368 6468
1799 2539
2016 1637
5070 2544
1902 4192
4932 4264
4151 2826
6607 3229
6967 3052
2066 1698
1985 1646
4724 5739
2488 1168
457 1298
3840 2876
5134 1655
1038 267
3321 2420
351 2540
6061 5898
3355 5849
6854 4191
4818 4498
874 1821
2417 4900
4597 256
2500 6180
238 6404
2397 1808
4222 835
733 344
5538 273
6758 3858
4078 5388
1450 3482
3103 1690
3073 5248
2649 4064
4948 800
5607 4668
4620 1719
1528 2868
5089 5138
3576 2502
3776 2438
3334 5288
6513 6300
395 6076
5164 4579
186 1316
3714 6060
2819 1062
6377 6308
4635 5547
5214 4533
3015 4185
2745 3159
3365 1089
2432 3840
34 1387
3256 2098
5448 4672
1794 3189
1393 4368
6000 1101
3388 6270
2091 2637
3303 775
3383 6586
5565 3575
6658 3533
773 2353
1589 978
1391 6747
4177 165
5441 5332
674 4957
572 64
2840 5307
6166 5719
6438 3935
6271 1663
3702 2983
2939 3246
1901 1499
4663 1314
3385 5080
557 4696
187 6455
4677 3760
5254 1199
2474 6579
3991 3655
3367 2984
2313 1437
1780 2591
1622 2548
3853 314
3076 5884
4635 747
1413 2821
5593 3300
2539 4052
3371 6783
1668 4256
4252 3768
4548 1897
4301 6226
6077 4881
2534 1645
358 5678
3351 6693
3178 804
6382 6096
3988 5912
4412 3819
2373 756
3280 5582
5156 1113
898 6010
3533 1874
6863 4457
5906 4802
4818 5195
5494 6370
4180 1154
5672 736
4676 2156
1245 3003
1606 3904
3208 1861
5037 222
2595 3823
4468 3595
2302 4031
2398 4787
3516 4785
6781 6146
4923 3895
1381 2662
1916 4431
322 2926
4116 2650
1123 1012
3427 3362
3936 5701
5014 2892
1270 4214
1655 2592
3474 890
3809 4572
4379 1802
5004 3100
5342 2194
1531 2020
2531 682
4520 1493
1795 2916
1208 2198
1874 3036
1956 3977
4871 3039
4394 6122
2471 4168
2913 1149
2569 2580
1445 3250
5911 1848
612 4096
3407 4168
4394 4333
21 6262
5340 3450
1829 5055
6117 4976
2163 6393
253 6928
6768 5051
3417 286
6709 1280
4367 1863
5186 2319
6651 2091
1766 4758
5947 1889
6688 2864
1291 407
84 6061
6538 3082
1462 3939
4664 1099
269 3252
5874 3370
5536 5157
3592 4617
2630 3163
2100 4979
1466 4922
4319 3137
3603 6109
2154 5168
3094 5400
5133 6344
628 4928
4085 5057
2374 1721
510 390
3702 5591
3717 4180
2000 3081
1709 406
1128 1378
3497 6555
4713 2749
2808 2722
4718 6487
429 4462
1556 5389
6025 5074
2172 6428
5451 1032
6735 3832
6212 1250
1063 316
256 6276
2696 3877
5601 5910
5347 5456
564 1409
6736 4464
3577 6899
6099 5142
3095 4186
317 174
3261 5858
2927 764
4079 5137
6407 2246
3466 2151
2063 6096
5689 1116
1615 4049
662 5701
3964 4654
585 4276
3865 2549
2697 2243
2519 6721
4574 1829
6290 6651
3658 2244
1259 1571
2108 2747
4509 4913
2396 82
3072 2331
2005 872
3000 996
216 1351
3658 3090
1215 6273
6696 4122
4318 6075
5629 4812
2717 3029
5402 1695
1838 3358
3079 2364
5386 1652
2763 2519
1803 988
4061 6244
1622 5863
3922 6688
518 3295
5826 4669
661 3995
6480 2672
4413 2127
2633 6186
6415 1731
5884 125
690 6381
3650 6251
3307 3150
3310 5025
4262 6410
4694 4871
5191 6679
6055 5467
940 3173
6503 1759
3556 3704
6756 6487
319 6816
2805 3761
5284 698
6074 1972
6287 5456
3722 2993
6476 454
3060 4316
5608 2606
3762 6134
5026 3736
6161 4211
6487 4150
5110 6107
352 1600
6623 189
234 6446
3857 5468
4526 1051
6058 5348
4454 1583
68 4764
4643 4822
3185 2577
6793 3239
6251 4108
5015 6667
5831 4678
1722 745
162 814
5779 5271
4353 4344
4905 2556
1059 2158
1681 1767
6948 6000
1115 4155
5829 3791
945 3870
5485 6383
4104 4111
1778 4229
5232 2344
1804 1720
288 268
2483 3532
1022 6880
5505 1660
5381 2490
6765 646
2714 4823
5846 5098
1988 501
6419 3428
1144 6685
3744 5708
982 260
276 4571
3405 1689
2951 2505
968 124
371 6653
6590 4170
5649 4366
3465 5930
1871 2372
2069 601
5345 5997
775 3145
6686 688
3003 5615
3013 1475
5938 2755
1250 2754
2669 2524
6299 3217
141 4018
2499 4196
5660 5530
4958 3080
2374 2534
4 5967
4545 3298
4725 286
5189 1315
1236 4255
4798 3123
4440 6449
6067 6514
1282 1951
6752 3257
1593 4849
5786 1805
5073 5462
6507 5187
5844 2899
182 2217
6269 3416
2011 3396
1168 1278
3717 4197
3343 660
1588 6704
5351 1049
4223 5384
3350 2958
2299 3113
5305 3298
2077 2770
1690 775
985 2353
3434 3410
4013 5421
250 1256
6932 2812
3408 1225
4404 4438
3832 4004
4979 71
2514 3521
3242 5201
2287 2860
4434 3415
308 1663
3023 2071
5592 5406
6757 1565
6819 1947
1212 5718
1945 3601
4542 4815
4740 5290
2827 3125
2601 6887
1479 6605
5650 3597
2470 3138
1066 6173
5681 6512
42 2012
5924 943
3448 5917
6509 2337
3465 1783
4506 3613
6676 989
4882 782
6739 5725
4564 987
3975 5658
2101 1932
5781 6359
317 727
5077 4309
2701 2153
2109 3888
826 4466
4505 1398
5514 4813
2166 5049
5535 1598
2638 6457
5939 2569
2097 3147
1843 4500
6595 894
1176 1220
5981 5903
4290 6850
4194 5856
6771 3257
3907 837
196 3461
379 1224
4718 1733
2483 3920
4273 4184
3328 5614
5551 4584
1307 841
6616 2440
4193 3823
581 5967
5629 3088
5934 4470
2551 6248
3779 267
5460 5861
4692 2168
3292 5449
1281 5885
631 3857
586 2995
2839 6873
2295 4356
327 4338
136 3095
5612 5187
4856 4943
725 324
3012 2267
501 2076
5397 1283
5806 1880
3696 2788
2677 5126
5247 5803
6834 3908
114 3181
922 2954
2619 2277
6812 3491
2772 1230
6607 5410
1488 4224
4389 2222
3582 4153
6364 4316
4385 317
5558 475
6178 3092
4765 5586
4157 712
5858 6492
2991 5639
3995 3702
3221 6532
547 673
6578 5493
6649 5704
2218 3134
5661 4653
4801 539
757 5795
3224 1052
5265 6689
5839 5496
3114 1467
6734 607
883 3221
1229 4691
6857 3303
5192 2868
4525 5825
6269 423
6973 5064
1693 6604
5165 6286
5920 6132
1629 4870
3826 1859
6682 1562
6783 1481
2791 6552
124 6782
5105 4335
162 1946
2857 5411
624 538
4253 1010
3264 3563
4494 4483
4958 3854
900 232
3494 2192
5535 5495
4127 92
5761 4185
745 565
2366 1042
1688 2758
643 5965
617 1070
3906 1022
5125 1312
2478 6304
1664 3997
4363 5356
1076 3553
1489 1635
1426 5127
639 5560
2128 1962
3756 6223
5972 3063
354 2296
2851 4986
3009 4108
2949 2352
481 3224
4316 5663
2111 4574
5021 4325
6071 2362
1196 1315
1283 6614
3130 5024
5 2714
1360 241
1496 1549
4375 3747
4472 6621
264 5792
3596 1067
810 5009
1220 6874
5705 1592
4428 4024
5059 5671
6604 4220
2478 1743
4707 2932
3243 1185
2658 3100
1249 5974
6403 980
5402 4264
5927 6155
2473 3442
2751 6768
2827 619
1771 4854
3268 2131
5071 320
6368 3259
3083 6158
6718 2838
2285 5029
1319 515
1451 1361
5426 2465
2429 4418
83 6768
1482 5358
1926 5538
2277 2524
6202 1455
2964 2638
598 5800
4111 484
392 4261
4041 1067
5331 467
3612 3298
114 2508
4847 5604
4077 1233
3296 4060
5658 664
4769 1152
5655 3197
3109 2493
112 2312
112 5443
3234 5744
2349 4812
6947 2555
5474 6627
4620 4422
2356 1232
1047 6378
1391 2790
5651 6876
2315 2675
6980 414
3493 3546
978 6658
3657 2429
2670 4426
6298 6365
497 2483
3066 5751
3468 1839
2897 3406
5390 2263
6772 4345
272 6849
4866 3956
5156 3763
1514 4274
1848 1048
5884 3264
5051 1799
4541 3203
5012 5856
3140 5653
5334 5274
6614 6699
613 985
752 2304
5150 2638
5912 6548
3816 3095
2457 4988
6910 163
2374 1222
4657 4004
1089 2560
627 5571
3293 6452
328 1719
645 1998
5616 3938
6085 3466
3322 6544
2413 5038
4697 5674
6557 4134
6374 5670
2644 1313
1687 5150
1431 6414
3610 5708
4709 1209
6025 5459
1960 4727
4802 2101
3562 2956
2212 6758
5259 458
2144 3218
6769 4195
2515 4516
6430 1398
3379 5119
5008 5661
877 2308
3452 774
5648 6369
3260 4918
6144 47
944 4710
2920 6830
3517 3088
2518 3332
4358 577
5480 6821
996 1225
750 4030
4801 6036
6450 2419
1681 2766
1203 4691
3044 3937
914 4740
2604 4550
6504 5790
5359 5445
6104 5962
3571 6996
3259 59
5704 1379
5521 1496
5139 5034
3922 313
6636 1679
6253 4863
6936 4842
6205 3977
352 5209
4164 2499
5698 647
5474 4336
4934 6596
6791 5468
2979 1502
4907 1249
6704 2524
950 874
6538 6125
1989 6440
72 6987
6655 4384
4426 2616
4860 6861
55 2768
3075 5602
5212 1391
4429 985
4392 2187
6055 6040
5954 2896
6527 5371
2610 4723
3042 5635
3117 188
575 6397
4107 1508
1489 6731
5798 4627
2065 3785
1622 4013
1301 39
2660 4307
2934 4907
5891 6867
2697 4950
5176 3739
101 1563
6096 6669
6090 5080
6439 3730
1924 3587
3729 1860
4185 5630
2148 2897
4071 6873
3292 5328
6769 994
1574 3040
4722 3701
3779 2280
6220 6858
2258 1522
1294 1079
3569 1243
6361 2104
5192 948
6161 6943
1372 4095
6769 5714
10 3041
2364 47
2150 5452
3647 1258
4844 4669
5025 5232
639 3699
5166 289
597 2293
6522 6235
4326 2280
6127 5357
4505 1189
5675 5786
4907 363
1088 1822
6677 827
5748 4182
592 5101
3821 3835
956 773
1962 3661
5796 6507
4736 1939
6618 1953
1817 3258
2917 4273
5743 5072
6328 3450
4241 6162
6577 3290
4361 3533
431 1910
3810 4748
4495 6715
1789 6222
5406 6902
1909 1822
4053 749
1800 34
534 4200
5088 4257
2121 5217
140 527
5899 6180
6504 6629
6210 2646
4388 191
3280 3912
4501 612
3899 6683
4705 664
6666 2266
6199 3916
2746 6472
6522 4132
2285 3799
4133 3376
6888 3652
5598 4774
5682 6065
6588 2851
6921 3111
4932 2130
2494 138
4908 5809
2185 6045
3969 358
6828 6439
2697 1931
3002 6857
1182 4536
5802 6395
6693 6501
4932 4400
1605 1348
359 1346
235 3553
2617 60
6958 66
6880 6000
4153 3785
4111 6196
1696 1525
558 5027
4503 2832
4833 5467
2361 5847
2888 5813
281 6761
1583 3780
1969 5244
6380 4566
6983 3194
5829 3253
5733 3730
3433 1734
2718 6184
2023 679
4203 944
5701 3790
2863 5144
283 117
3657 2861
755 407
6788 5887
4291 3384
6348 2874
927 1327
1212 4786
4805 4109
1765 1087
2322 2767
3601 742
2534 3768
1273 1705
620 5247
1568 1629
3844 5236
5542 985
2858 3757
5055 4470
6907 1196
3999 1845
456 6494
2772 4529
1999 316
13 6290
2198 2298
111 5793
3205 1194
4326 4766
1746 6587
3445 398
1227 4837
3630 2918
4729 2768
1584 5151
1791 3550
1938 4847
6267 3892
4720 1863
6433 3067
2210 4238
4250 1554
55 4294
4734 2091
584 2838
6754 4809
6787 3002
5383 5456
5031 5261
4965 6389
3749 2302
2866 3470
4726 1141
896 2365
2500 5096
1238 3884
1249 6316
1010 446
1360 4518
3699 2068
5161 5501
1936 1389
1755 3801
6020 5551
723 438
5805 3267
469 2310
6760 2650
1170 5245
6487 2314
1822 157
2483 6009
4764 2811
4498 2190
297 1308
1811 5493
389 5881
4704 5257
2608 5732
4405 4752
3299 514
1683 5440
3784 592
4954 1498
2286 3457
2300 1941
5399 4396
6081 1193
3286 4559
4923 858
2276 5846
1529 2569
66 4811
3373 3132
4224 6260
3048 6893
4000 1605
1139 4812
3762 114
2457 1791
5676 4311
6622 2827
4088 6088
2060 6091
4120 6373
3164 3375
2506 1427
2179 1712
4157 6748
6419 4036
1084 189
1789 2943
3510 1055
1403 4829
2847 3477
6409 4441
4649 6444
6926 6949
300 4407
1087 1983
1170 1788
4203 176
1095 4807
1931 2516
4502 5153
6658 5362
6731 1775
6850 1657
1605 4391
5076 5303
1104 231
5768 6209
2761 1617
4998 2929
1553 6204
3462 6895
5280 3573
2106 118
6002 1254
6872 1946
437 2950
2904 2555
5520 3650
5622 434
702 3020
6586 3610
1685 729
5479 6926
6995 3417
4300 6377
5102 2900
3857 3960
5427 6164
6530 6683
4535 429
1775 2186
6590 1763
4054 3127
347 3168
5031 1196
5187 6101
2781 581
873 5586
6729 3363
1999 16
6368 5269
4182 4032
5708 5209
6613 5208
1364 6445
3581 6196
5273 5730
6630 1617
176 1868
2749 6417
2607 1580
1578 5088
5300 6739
330 92
3117 1647
5541 5604
3114 2639
5450 4682
6563 4397
2727 2987
5496 2843
5322 2497
5543 5355
5775 2781
3692 5013
4658 4630
1533 624
5120 4898
3843 719
3894 4283
3217 1990
3957 5743
3882 6390
2691 3300
1190 1997
3105 1200
1668 826
1091 3863
4233 3644
2498 3838
4979 6620
2330 4744
6138 5120
1293 2474
3700 6553
1963 3874
6857 4339
5204 5371
2005 598
343 2482
5926 540
6290 3309
5346 3949
490 2777
4666 368
2681 3509
5597 4977
2265 5104
6412 5732
479 4316
5237 5688
6869 4043
739 5002
6045 200
75 925
6562 2442
506 5589
719 630
1024 4484
2497 2496
4951 3240
4058 1250
151 660
4408 6898
1017 5599
3502 3257
4819 4798
1359 1363
143 4244
59 5631
4458 5215
61 5229
954 217
3545 2653
1645 5221
532 3928
3066 2022
6386 906
5039 4085
6913 1168
5459 6923
5876 5099
1653 2351
797 1699
1886 5360
6254 3380
97 4666
6535 4766
1352 3407
1479 2028
6856 6293
5107 5801
118 6026
5721 6929
868 1514
3343 3135
4122 5048
1154 1357
4228 4254
4149 2667
6107 6808
4395 6552
470 5685
6254 6331
857 5967
2043 3218
6756 6393
3204 2802
1748 5260
6467 1493
2909 4068
5788 1685
4623 2619
6444 2579
3153 1194
4847 6784
5913 3830
378 5919
2002 1725
1213 1840
4204 3642
3472 549
173 733
5664 4763
2160 1752
210 2779
711 3199
3230 6944
1008 5932
3127 5444
1506 6108
1857 3252
4414 6028
5781 3373
976 2354
1745 5175
800 5441
4546 3825
2035 4065
265 4212
2302 2145
4462 3448
2903 5669
5618 4988
81 876
1134 6535
80 5940
2048 5326
497 1671
2402 3829
680 3296
4688 2041
5203 5190
5873 1755
6586 6396
3936 6741
2221 6574
32 6513
4038 4521
3685 971
2852 1597
1537 6072
2005 5504
6427 2950
1488 3918
1545 6568
2 1892
1611 3058
2089 569
4448 1783
4858 2510
6081 4259
3219 3651
6068 6107
5358 451
1699 2851
6454 5288
2538 6689
6581 6412
270 2504
6732 532
4659 6092
2028 3981
6742 147
3017 2739
5940 1924
3749 4683
3602 6811
3637 2779
1684 2858
5754 4802
816 6796
6746 4688
6888 5159
247 2456
4909 1218
6181 3499
1995 2994
563 6501
2821 4645
531 2006
1351 3692
929 3132
5941 77
6588 1330
3978 91
1397 3328
1962 1004
1006 206
6715 2086
4580 5116
3470 613
4794 2602
2601 4179
3228 4992
1224 1563
821 55
3523 3799
4256 5999
3038 3607
4394 4302
4962 2503
267 4576
5825 1313
573 5513
1264 1922
37 5622
3709 1952
5490 250
2076 1932
342 198
3450 2225
4657 6455
3907 6400
727 6763
3790 6142
5655 6189
2856 5402
2831 2708
5235 4915
3499 1309
713 471
756 6542
6772 6833
5913 2647
4701 4229
5026 405
6440 4602
5817 4648
4922 334
2512 440
3765 4291
6446 6425
2924 6884
5389 2278
1451 2520
3108 5484
5795 3653
5952 943
1045 4380
453 1827
4210 707
2058 5618
4851 2386
4752 4138
4103 3718
2882 2297
3389 582
242 4667
6608 3091
52 5511
939 4237
4349 1655
5112 5165
2542 3222
5717 5761
5512 5870
3613 4429
2840 620
3712 6852
691 1154
4232 4095
5830 2694
6601 2249
2566 4888
1820 1826
2941 6372
3093 6443
1313 1324
1865 3792
4708 5841
3854 2712
385 6801
476 579
4225 5676
6443 4551
3273 5975
2840 2849
3216 1197
6376 3942
6291 6492
2889 6152
3951 1213
1980 4616
2381 4289
3563 6393
6806 127
447 5905
6183 6998
1025 895
4208 3288
2207 1982
5839 5917
4349 1642
1182 586
455 5984
241 5047
4110 6710
3254 1148
2481 4658
3243 1812
6456 6088
145 1933
5306 4185
813 3106
5025 654
3217 6671
6995 5821
2533 4992
1041 5194
4631 5044
493 5733
3371 1463
4370 2866
6859 5417
6818 3482
2311 41
3067 4148
2270 4987
3349 5703
3532 103
3641 2758
1394 4368
4546 676
5016 6872
3076 4412
3581 6212
3163 6295
1846 4641
4817 551
215 5012
3192 1916
6996 3141
1752 5726
6637 3336
2149 616
6127 3659
3275 6513
1246 6314
4612 5194
6046 3109
227 1286
6255 6819
671 2022
5442 2475
5358 5525
3481 4920
5359 2964
3695 3807
5944 3948
6190 3500
6360 2911
6551 4983
582 2053
1926 4624
4413 4444
191 3132
1532 5403
360 2907
5357 131
3802 6452
3495 4935
2518 3724
536 2092
5258 90
6914 3924
1545 3793
3755 3899
3831 692
14 1631
2028 5618
3812 4447
2817 4042
602 6622
5349 1626
6068 357
3419 2592
4272 4796
1167 3313
385 3462
5282 3922
4745 1212
4810 1240
5468 2910
5959 511
1543 3495
3534 4378
6873 6796
4482 953
3685 5561
4440 2166
1666 712
570 4260
834 6649
3454 5415
6457 4792
1944 4571
5081 1169
4009 3186
4302 4138
3816 1323
4958 6236
4739 5844
5592 1988
155 2207
2415 6287
2742 3101
3253 2525
3015 6983
3530 3151
4840 2959
4202 2666
2834 1990
716 2759
3761 6594
538 6372
1001 823
5775 6281
1149 6358
500 6406
1190 4973
1734 178
5282 3870
22 5388
6582 1775
2454 1756
4036 3784
4605 5119
5714 584
5892 3416
4933 916
6454 6956
188 675
3914 5406
4378 2709
104 5273
5430 4897
1079 5534
4358 5061
4909 2890
662 5149
1491 5587
5694 26
1636 2830
6174 793
2712 2970
5636 4408
3205 5235
2632 6046
2892 5149
956 6547
3822 2306
617 5147
6518 3844
1634 3193
379 1222
1391 3981
5742 2874
2153 1159
699 1692
375 2029
3936 35
5438 6876
1314 4599
4643 3193
879 3044
6314 6236
1708 1551
4976 2693
1753 3694
3637 4864
6944 2177
101 6924
1991 376
5376 2876
4508 6427
6277 5800
6268 107
5176 1568
4204 202
2381 5292
4005 4738
6389 4168
6546 5459
618 5431
580 4309
4222 5487
4118 1412
368 372
141 1431
107 5263
1594 3369
5882 5135
6390 592
3148 3238
4355 2289
6133 377
263 2917
1025 767
3686 3090
4568 6684
6480 3074
2681 2870
3928 4238
3280 1680
851 3547
4695 1575
3926 1224
789 6779
532 215
2153 4481
48 3168
3395 5692
2231 5184
1594 5719
2527 2550
6170 5891
2006 1501
5058 3232
165 5182
2025 1169
3735 598
6428 528
733 2136
5964 6598
2640 2053
3639 1798
1073 4919
2931 5422
5011 4444
5689 4695
2765 6157
2980 1960
401 4966
5852 6877
6849 2578
4015 4113
8 6243
2764 2666
4280 3465
5824 1576
921 2913
91 5750
2492 1153
2345 3882
6760 5203
6978 3176
4954 1071
3956 6642
6884 3505
366 755
1288 4219
3157 4733
422 5444
3563 284
2626 2461
2985 1830
5868 4947
1822 2337
2913 4799
3310 1866
3681 2297
6082 914
2466 5285
6996 5432
5764 3915
2055 1131
4144 763
5687 4048
5877 3650
3332 2711
2066 6193
5182 2657
6753 1185
110 1095
2931 5564
2894 4634
4990 4594
6711 4776
1091 6337
1768 2081
2603 4767
1079 4336
5832 2609
3552 5779
5936 2875
2690 6719
640 356
4019 4719
5653 2938
6535 2608
4412 2127
3656 2296
1364 792
4696 1453
2460 2712
294 6679
670 4692
387 194
4113 4012
63 6547
1372 2941
300 736
2922 3674
6326 3816
6727 4678
231 2864
4605 2599
2089 3485
5801 71
5464 5582
6237 6751
696 6216
6672 1955
5491 2114
523 2846
3163 4037
5811 4944
3009 1255
1686 863
3831 2139
646 5573
464 1089
1564 4393
354 4232
5941 656
3081 3379
4510 241
5749 4241
2319 2358
1836 1243
1292 1335
5756 573
1820 4210
3538 3533
1110 2969
1946 2974
6194 2085
6837 6621
263 3060
3153 2195
4299 3922
5060 4023
5747 3818
5004 1246
1613 2968
3341 1595
714 4268
3327 4712
6814 3854
6860 4411
2469 4425
6973 4824
2586 30
4431 3695
580 3223
6572 4024
546 2651
232 1031
4453 798
5276 2140
693 5636
731 449
3380 1478
5005 968
3954 6778
3914 3966
271 6360
2666 4944
5668 164
949 1210
1413 4744
498 5645
4253 5688
2496 705
4032 1694
594 565
3437 1960
635 3788
6306 2684
616 6157
6758 1229
68 1458
5033 3233
4786 190
2914 1472
1443 157
1727 5859
5764 1642
2541 4741
5882 6602
4719 4310
3115 4488
3940 5322
2068 1585
5845 5018
6738 4879
1536 2013
880 1367
3852 1072
129 5160
5441 3968
3742 3907
2929 1946
5383 4187
6929 1285
2425 2702
6806 2314
2787 1171
6455 4425
3775 6226
4431 5658
5211 5986
2435 16
2696 1786
6151 1154
1966 1366
736 1051
4510 4558
2977 2315
472 2131
4006 451
3937 2598
1873 736
1745 6446
2338 460
2286 4869
1747 6332
1372 5575
6416 5007
2660 3014
6580 3905
2722 6881
6633 6024
650 1174
6633 3887
6240 2988
5942 4858
4452 2896
5151 3251
5725 2114
2834 6106
2967 474
3396 6643
3863 418
2708 4669
6311 2294
5536 6534
6112 1769
6993 4208
2747 254
2990 673
3683 4695
641 6019
3965 1026
4398 4728
592 3298
266 1582
1745 297
1959 234
6942 3886
5543 2840
226 5355
1732 6193
6931 1855
6616 1009
6142 3912
5520 4354
1070 4216
1979 1435
3772 6552
5202 3532
5673 4968
4190 3830
2897 375
4550 2389
6471 5778
2536 1223
3419 4731
1768 1771
4477 2121
5953 623
2968 2417
2233 1328
480 3863
6234 3503
4662 273
1390 1799
3952 6907
3422 1281
5766 1231
4126 6148
5877 2759
1217 867
2499 6244
4422 2395
5181 3779
1702 3891
2382 2748
5239 5946
2286 2285
2235 1643
2447 5222
3633 6046
5378 5032
6923 4887
1754 3552
2323 6703
5719 1539
1802 5757
2415 3861
1207 1882
3649 5944
6101 2681
3863 3970
5391 5986
3551 4360
5960 5239
6055 107
1086 5935
1385 3445
2022 5121
1529 5974
4823 5697
1143 726
1434 5173
6937 2965
4893 399
1076 375
1847 4914
6134 3865
3275 1891
2814 1035
300 6512
4647 1122
5355 2282
782 3614
2882 5241
2333 5820
601 5257
5788 4932
3646 3595
1923 4144
6281 6979
3682 4469
2919 4682
2488 1947
6865 1670
2878 2012
750 3515
3584 2074
2134 5339
4417 5689
3229 6283
3012 2145
6519 4944
5184 5401
4386 2800
2255 3035
6884 4993
5127 2132
3230 3484
6216 5178
5260 362
3328 651
2768 4576
5811 975
557 3149
6944 3655
5006 499
4674 5161
4722 2482
5174 3498
5046 6648
2874 1813
1793 1624
5704 5416
624 1880
6587 5755
3470 3184
5367 779
6546 4213
2760 3211
3526 3677
6508 5941
6904 5593
6786 4427
6956 4115
1133 2867
841 5546
6339 1838
2046 3736
5923 2497
1467 3119
5127 1651
4633 6639
3788 5077
2825 5434
5226 4560
574 6835
6430 3645
2911 3572
4143 2532
816 6159
1698 1466
4494 561
3117 1469
6025 732
6435 6006
4748 1786
1484 1216
4390 319
624 5187
3672 3974
4691 6916
478 6637
2274 259
6246 3729
3765 3021
570 2171
4246 3519
5932 2220
2232 651
6027 6004
6521 4099
3964 1757
1478 4890
2733 1496
4694 4843
3483 2979
1646 4893
1880 1802
1343 5751
4901 6476
6912 4512
1812 4188
2456 5938
991 3479
5860 6447
2390 5733
3977 4886
5189 1163
4078 917
761 1390
2975 2963
4261 1306
5135 1233
2336 3639
1545 3340
5801 6778
593 5972
775 3212
3132 807
2846 6062
2793 6529
2933 5288
6386 6044
1937 3486
2589 5678
1837 2495
4433 5692
5827 6660
3365 3416
5637 386
5077 4566
2390 3276
2161 6228
2779 1440
3734 4305
245 1949
5478 4061
283 2117
5102 4263
4078 5604
3225 6090
1729 1381
2847 5671
4249 5115
2811 2373
1733 4211
4234 5802
6972 2282
6630 4627
4536 5782
4834 6014
4010 2355
1554 4367
5765 2275
5447 2769
557 4558
2243 4099
1173 2588
1672 6763
1606 2114
5961 629
6240 5997
1003 1808
1680 3266
4677 886
1062 2871
6487 1623
4633 1085
3713 6993
4273 4904
3073 6741
3924 4983
2380 587
2303 5886
1601 249
3143 6967
4534 4981
2893 5472
3763 4948
5225 3536
6055 6442
4967 2779
6657 6016
5720 1485
2340 6574
1095 3612
45 376
5013 6630
5148 3873
3958 2071
4745 4838
4213 5130
4482 1936
3008 4148
5387 1951
1567 1770
1586 2434
5198 931
5118 4727
3998 5993
3222 4161
4412 3087
5248 853
6755 807
6127 5085
2389 694
6616 2378
4984 1239
3817 2031
3905 4680
101 1577
4363 2319
6830 5107
5779 181
6256 3999
4948 3299
3219 2536
1437 3160
5262 6374
6362 3156
979 2160
5334 6461
2497 5738
3179 1762
5880 392
1091 4241
4489 12
1948 4830
5058 2301
3349 3105
6666 3451
1462 2546
3966 2767
2907 4051
836 743
3977 3631
1412 5267
1820 6179
126 5874
355 5918
5742 2958
2133 4414
3598 3029
2153 2545
2748 3407
4752 3455
4435 3049
3890 1961
1112 3654
483 5798
3857 5726
2993 1433
415 224
3969 5055
3306 2181
1202 585
569 4780
5409 5679
3332 1998
2924 3992
2109 3107
579 1380
4697 5225
3030 6170
6343 2372
6347 6102
2493 455
4061 644
2299 784
4084 2296
1917 5559
4852 2648
6764 4915
3478 3965
1549 5576
4711 6715
3445 4403
2045 4931
6207 2129
4601 3209
3565 3
5960 5229
364 1780
6995 585
2786 1790
3961 92
3430 6968
3176 1289
5964 3493
875 4615
6778 83
3051 5220
2590 2308
3114 886
1253 2790
5583 2310
3975 4250
2844 2406
2947 3023
5236 76
120 5037
2109 5368
2702 3069
5448 5502
250 4420
6150 1247
3759 5546
2763 4183
3113 5228
3241 1889
4087 1438
1407 4205
5823 868
1549 1711
4483 6627
5218 3707
5871 6956
1261 5035
3324 6478
2153 2379
1056 661
3333 5023
1979 2254
258 2884
5878 3888
1469 2795
5644 1789
3417 1576
6323 4974
6379 2655
1939 3382
763 3987
6637 4681
4534 3720
2911 5230
5623 384
3535 6883
3157 136
3092 332
5757 6093
4723 5717
6896 1198
6988 4106
4924 5701
4131 4779
3413 2970
3362 2819
1616 1509
4393 4110
160 74
4555 4138
6896 6491
2 2158
911 1542
818 97
63 2471
6029 860
578 1227
1619 5878
2768 6702
6625 3608
4629 271
3607 5544
3664 6556
998 3085
6449 3090
3490 4435
2623 3606
6592 5677
4441 1345
5147 4328
653 5812
304 5010
5029 2139
678 5304
3898 480
1660 608
3474 5992
3580 2926
6829 2640
