6000
6000
3063 219
1324 1798
3992 999
5191 3114
1995 1141
548 2689
2184 5594
233 1961
5426 2637
4997 2223
1006 2656
4816 4571
575 2301
2152 1542
4468 5639
1987 5488
1553 223
5937 223
112 2900
2032 5638
4034 5549
4318 5059
3967 3068
5579 4623
605 2372
2806 1421
1497 5873
2573 199
5433 5988
2089 2601
5184 5796
2904 3616
5489 5691
1445 2961
4780 1282
5363 1076
2814 307
4208 2086
5225 3863
5282 3848
2196 2513
411 1376
4104 2506
122 3049
5284 5830
4480 2756
5335 4827
3567 5995
5669 4942
4309 2539
3348 5426
1339 1020
5360 5019
5163 642
5865 3525
3399 2419
1597 5638
3567 206
796 272
345 2685
4619 626
3771 21
5721 1290
4828 4628
5148 4519
5046 127
246 2248
1366 38
1115 4220
402 1120
2843 2645
1904 5650
831 4258
5759 2848
1054 200
599 2
3325 3314
2729 4907
1188 812
3468 3322
2053 5969
209 5354
5572 4858
2117 4227
1867 1115
1372 2608
2798 3071
4932 2103
2471 1806
1837 388
3168 4414
1722 5049
3697 3894
3660 1036
398 2225
493 5884
1389 914
4239 1010
2482 5700
881 1791
4241 1661
1049 3034
4170 1930
2279 2964
5613 351
3285 3722
4499 3918
3375 5453
3633 935
1584 863
2474 4345
3425 537
4975 5131
2680 3299
4822 4598
4554 2398
3470 3838
246 5086
5636 2464
2594 5544
5690 3707
12 2800
5979 28
1444 5733
3835 4718
1629 2730
578 672
966 3077
3291 962
4969 418
2123 1512
3135 2329
5405 2750
905 1251
3180 3026
151 3835
578 4109
2640 4396
3915 5512
4707 2959
4454 4002
4235 5314
1898 2333
3637 2016
30 4999
5101 5020
4222 1350
4197 5324
2384 4996
2527 4530
3569 5274
3477 473
3505 2668
2845 5283
572 4602
5098 2584
5830 5482
3258 4303
1255 4917
3556 333
2301 1341
574 5288
3718 2590
1635 775
1062 1157
2614 1873
2468 3530
3093 5147
1126 4763
1185 464
2946 3515
594 5166
2487 654
1789 4358
496 2534
872 5915
510 2603
1300 3764
3207 2488
77 5485
3474 4097
4187 1067
5431 516
1149 3870
3098 1274
1589 2604
1584 4050
5636 654
27 1153
5172 2397
2697 2833
4954 4270
550 1725
366 1836
3056 5728
5382 5271
1359 5112
200 2124
1792 4113
2502 2751
3782 2574
4565 2135
1893 4990
4185 4947
1955 3541
4353 2480
2192 196
476 5747
1222 4342
714 4125
1968 4116
5116 5834
5339 1685
2292 5407
4108 5563
4368 2665
3402 3126
2881 3835
4491 4262
4002 3804
1958 1077
3455 2489
3239 838
68 1767
3802 1772
724 1470
997 5275
1282 755
1080 5197
3595 570
1894 4585
4400 3870
1668 4726
5949 851
1096 522
1442 1849
3188 1873
1708 3371
1873 4883
4927 2760
5597 1169
1042 3619
4442 2976
5761 1935
3076 4925
5600 2063
5697 3308
2492 2615
3222 899
2037 1761
3427 5959
5691 3645
3080 3639
1854 3263
1605 129
4594 3259
5795 200
871 2335
5073 1982
1792 5152
1870 4035
5354 3852
3589 9
3663 5506
4759 2266
815 2079
4707 2961
2526 5772
4133 1660
1061 5516
1521 3358
5699 4671
5460 3676
4317 5738
1130 1505
688 571
5953 4366
4857 1983
3605 3112
123 5751
4805 4232
3702 3653
5140 156
1199 4989
5479 324
268 4891
1506 5044
2841 2913
4322 5558
3498 817
3243 5501
287 952
3224 2052
2356 1532
5093 3699
1310 501
2999 1170
1974 3550
1551 3074
1646 2041
330 5208
2275 4740
5581 5116
4404 3586
4708 4334
3864 5117
1120 5462
229 2799
3978 4033
1708 666
5019 4416
3324 2485
5103 866
4689 3946
85 2322
998 4328
4475 5892
5180 3341
450 2640
1722 2091
5804 852
2671 5150
5620 2970
2641 2666
3829 5869
3585 5102
4037 1181
1760 5119
3283 2885
386 102
4114 33
2519 619
4114 1806
1152 4267
4800 4015
5784 5806
1585 1543
4458 5310
4688 2191
1627 2007
1594 2661
3683 4923
3791 5460
3213 1953
5408 5640
2301 2112
3857 5863
523 5689
2702 861
1856 5886
5037 1638
4481 1270
3874 4408
4871 5908
3579 4245
3181 3744
5862 129
4022 969
4639 1503
124 1098
168 3912
3789 4773
2432 5550
4355 2108
2069 3756
2980 5462
4347 2605
1112 899
5313 4228
5618 4057
332 2193
992 1332
5780 2938
2898 2806
394 2951
4282 840
1670 5460
4421 4706
2555 3816
4049 5816
4056 2381
468 1312
3473 3183
5620 1791
1407 130
704 168
4936 423
136 1829
4322 3678
604 5962
2170 1597
3421 3568
74 4786
4991 1053
1979 1599
5298 1218
4341 1133
2427 2215
3046 895
2006 3461
4267 1187
735 4015
5880 2081
3828 4303
2407 5275
2940 4629
3826 2941
14 1843
3960 2
5802 5257
2774 2218
1652 4574
187 3201
5993 3861
2808 5258
1286 262
2691 2084
4443 3048
668 2921
4535 173
4202 538
2173 1774
2249 4376
961 4242
2338 4416
2300 4384
3003 5482
4202 1044
3058 4266
4605 892
5597 1211
2026 5283
4459 4948
2426 1595
5711 935
2876 5106
281 2427
3499 5074
1403 3609
2130 1492
4988 4082
5426 3297
1264 2027
1834 5712
4434 1055
5165 5910
5131 211
4135 4602
4949 2283
5878 3427
735 2396
3186 1140
2099 243
3784 1243
5925 5671
620 2723
3071 5343
3648 1650
1518 1282
5305 5617
3005 3245
4235 5799
5001 394
4476 175
2782 1222
4704 5495
3308 4319
2615 355
86 4448
5625 136
1905 3474
4626 609
1225 2476
4158 5340
3418 195
3214 997
3691 1730
2982 503
2679 3512
109 5786
3191 1020
4768 3268
5944 804
2791 4305
1833 1633
829 2164
1267 2304
4292 2603
4087 640
1780 2636
4964 5037
593 2354
3635 2659
2791 1814
3835 160
3509 5008
2491 5141
727 4459
2230 374
1014 2894
1339 4147
1559 3654
653 3184
2579 5
3276 1124
2467 4004
3755 5388
3304 1421
3669 5787
4931 2040
1156 5449
810 1269
3696 3484
3588 2258
272 1003
5659 1325
5984 3162
5639 1792
637 2880
2013 5933
317 3411
1391 4554
2318 2031
3344 2310
5991 3540
3891 5021
5282 2990
2526 201
5761 5258
1670 3147
5817 256
5698 4371
4264 1043
2025 2929
3478 4595
4586 5513
4792 49
4107 1710
3081 4190
2008 1328
5478 4668
1662 2860
544 5508
5255 5190
1295 3436
5873 3808
5136 5449
709 409
163 2090
5396 1617
1202 4477
3518 1870
2727 2928
4964 3782
3685 4813
788 730
2895 3377
3683 3519
4240 5062
5688 1156
1685 4182
5066 1031
1163 973
4239 165
4711 4597
549 4397
2402 2015
72 412
449 20
5168 5316
1349 4135
1370 4310
5242 2617
1055 873
2779 4650
3690 519
463 3123
4297 2646
1791 4875
5195 4533
5496 5137
4938 2223
3446 5908
5034 2913
3988 420
3306 4801
5168 745
2269 2115
1933 2286
1359 5670
4918 4894
3228 363
5269 3983
4794 4839
4840 3590
1382 835
5537 5966
3923 5885
2558 1161
280 4971
5421 1933
1861 90
5849 4442
2955 4332
5857 905
5671 130
5901 3870
5908 5937
1801 3395
2272 2047
5695 2852
917 2975
5311 2776
599 3071
5082 1820
2335 866
1615 4164
1254 4646
2842 3010
4815 2393
848 5748
5867 3909
23 2707
4542 59
463 1177
271 1503
3704 2181
5710 2543
4459 4616
1447 5746
5504 3094
4829 1004
1326 4042
5044 2905
1683 1900
4207 4830
2401 5368
4370 2530
914 4516
503 2425
4935 173
1708 218
506 1388
5708 3231
3598 3271
4361 543
2755 540
1143 2987
3763 5479
306 3982
3175 3218
4418 318
2817 4831
1513 4847
4528 4713
5192 4359
1657 4384
1688 3243
5674 5193
1063 2360
5171 2027
2063 4253
5444 2621
4997 867
460 2320
159 3367
5115 2858
5970 154
2954 1411
3374 5606
3039 4989
2661 2298
4800 4725
5810 1134
1557 2335
3836 1674
504 1508
2947 2248
4305 4445
4519 3623
4247 73
5978 3340
3117 1157
1844 5969
3448 179
2285 4292
3606 975
5352 2288
1808 2181
4003 5749
5774 22
228 3730
5940 4779
3691 611
2565 1475
5596 1818
3409 1280
4453 5263
2937 3701
4275 1624
4507 4179
5460 3601
5991 797
3844 4117
1444 4537
5274 4522
5346 3712
4299 1490
1305 369
4360 3727
3361 3922
4236 4214
3619 4940
630 3111
5362 3865
5058 3976
1975 292
5526 3072
4140 5234
4236 4510
817 1437
113 888
80 1557
4003 4236
4887 1732
5808 1633
5076 5786
2352 4489
5303 4357
612 5946
2194 5022
4671 468
4825 5756
5834 1785
4009 1182
4463 3519
1657 4042
2065 3394
4171 2502
4487 5023
3131 1965
4492 2141
281 856
4430 1004
4251 916
3387 4596
1843 5600
3436 771
3079 2394
5326 4188
1709 930
3209 4673
820 1829
3996 795
5677 5796
2914 3803
3036 383
1481 3969
954 5766
343 3269
4788 5455
4261 581
1871 5933
5575 1239
2243 3967
3099 1126
5593 5262
1371 1687
2213 2714
1364 2010
594 5874
3361 5620
4722 2444
2872 3236
1055 3016
3206 3594
2406 2275
2556 1397
3811 3888
3904 3325
3889 918
1806 5237
1756 5815
728 5767
1802 4737
1344 1827
5383 902
1243 3487
4396 388
5694 1596
5596 3225
983 3272
611 4975
1299 4028
184 2850
2590 5859
5023 1673
2748 3659
4331 2639
5822 4911
3968 11
1290 3287
1748 601
2663 3778
4733 1173
3333 407
540 1215
3959 2274
1299 510
2574 1926
980 195
2028 4092
135 3200
4287 1938
3458 5750
1834 3589
2817 558
2506 4299
5755 5748
442 1329
5312 1115
1737 5997
4331 3547
2952 4867
1234 1378
1811 4229
3389 5273
389 4660
5642 4745
2010 1018
306 1640
4615 1113
4101 4626
3681 31
921 3494
5110 4250
1024 2008
1342 2661
4456 221
4014 2125
4846 4182
936 4728
4327 3179
5335 3475
5099 2869
4477 4874
4041 376
2039 5076
4524 3663
4589 779
1988 5749
5299 1267
61 351
647 1179
3341 2140
4447 3994
5250 175
135 2123
87 2229
4966 4317
3898 5661
532 408
4016 619
4670 118
1259 449
4117 1243
957 4446
3116 5822
1878 4695
1156 901
4651 628
2419 1800
1201 2881
3131 1581
1991 2463
1687 4258
600 1279
1533 161
2956 5300
2470 5053
1223 3700
3566 500
925 5878
3949 994
4633 746
3905 4690
3114 2660
4444 2134
2205 531
4267 2523
393 2998
2192 3885
2982 1480
352 11
1846 1102
5265 4166
1502 5933
3012 3457
1764 4469
1345 2543
696 5004
4881 593
1817 436
5181 2537
140 269
1929 2593
1455 4718
2786 5141
1573 2418
3129 318
5947 994
2348 146
5979 5358
2525 3383
3746 5137
2401 2226
5272 4665
234 1477
2118 3223
320 5166
1659 5198
3481 2349
5610 2852
5099 1501
1545 827
2656 610
485 739
98 5054
978 5494
679 2752
5454 1428
3810 199
4487 3955
1996 422
5404 140
3615 2509
3470 1051
60 371
1629 937
1153 4479
5540 3882
1902 4037
2278 3442
1026 5636
980 4590
3770 3766
3899 793
2482 3184
64 2340
1294 4819
1243 1554
5914 5707
1187 827
1153 1124
2844 3550
3997 1976
4842 5458
2507 3789
1437 785
1020 4997
4410 5338
4356 1822
27 5628
3919 4327
1620 2842
3794 2623
1600 1043
5570 2939
1824 4638
3523 3196
372 2490
2948 5864
5946 4146
4633 2222
2186 883
423 3524
5937 5232
3174 4277
854 1538
1672 2616
3087 3781
686 4894
387 1330
3925 2790
3346 827
4549 5198
1314 1143
300 5976
4151 766
4909 3542
2553 2742
5381 2335
4756 2097
1841 5585
5492 356
1256 3800
3282 1543
4117 5093
2967 2811
479 3115
4896 564
4110 2370
5556 577
4003 3539
5393 3637
1839 4541
4588 1374
385 2874
4565 5582
5093 1666
2515 1873
4848 1891
1216 2464
3405 1373
2868 2817
5321 1959
366 2849
4447 332
4081 697
1906 102
324 5722
3493 5420
4505 1167
2547 5839
5710 1217
1109 1285
1388 1717
3657 3086
5460 3426
651 567
965 4802
4952 5697
4020 4051
1026 4679
25 1210
4188 3103
5169 4056
819 5357
5618 5553
2272 367
2676 4906
5221 3339
2578 3355
3146 5740
2366 2379
1418 4764
1129 2619
3937 4265
3968 905
5289 4904
1226 1552
3726 2885
1 3579
5538 5118
63 995
627 1202
532 2887
831 4172
3639 1976
5685 4194
4147 5404
1409 5139
2014 590
3669 3603
2736 1442
5571 829
5821 960
1544 1326
5198 1817
5770 1402
2756 4842
4855 219
593 2402
1635 4566
365 5260
5371 3214
5962 2064
4080 3344
2839 259
2550 4864
698 2012
1312 2773
463 4323
3806 4209
5733 4678
130 5606
895 4068
2074 2296
5165 1577
350 1463
5333 3276
4380 3952
2371 1842
4963 5529
1894 1481
4250 1135
2414 2333
5776 4335
2407 1175
1125 3331
4917 1639
3528 2468
4848 5188
1480 5170
1019 4097
1434 1316
606 4146
5717 2848
2013 2102
800 1216
127 2166
2883 3780
2123 2430
1057 1859
2261 5381
3079 5684
3661 3297
2537 4040
3412 3737
71 2072
3229 4646
4199 5000
5343 1158
4004 3170
2775 4024
3249 5588
5335 2428
4925 795
902 241
2504 2989
4278 4790
2098 545
4947 5830
4057 51
2830 4591
620 4566
4041 1699
3104 2973
3655 5442
5376 2475
1366 5345
5985 704
2584 5065
5470 2302
4071 5661
417 4519
3855 1659
1061 263
5845 315
4961 3057
4295 563
4147 1426
1909 3087
5701 973
5652 2608
1851 5539
5600 3516
1038 3989
3256 57
3796 2673
4334 368
4583 3785
3400 2293
3567 2612
4052 2068
431 1794
5143 2408
2669 5955
5845 1515
2632 283
648 4608
4857 3311
4458 3751
5751 5609
555 1732
324 4950
4708 5098
4358 3667
5767 2876
1133 4095
4968 585
3902 848
5412 1266
3646 1228
2439 3839
3172 5608
2660 3343
5974 1728
3100 3132
5747 806
5608 453
3718 3529
4482 4555
4279 4634
711 3025
289 2139
487 3257
5961 561
5359 2002
3449 4278
2403 4133
196 3072
2967 518
479 4599
3269 3134
1915 1336
5828 3661
278 799
30 4897
1968 25
1344 126
5610 2909
1821 3684
4601 390
5288 2518
4711 3099
506 5864
670 3189
5243 4331
5287 1504
3379 875
843 3877
81 3726
3505 3317
4481 2376
4280 1541
5466 5121
5206 2165
2994 577
5003 5079
4593 3479
2852 2202
4672 4553
1968 1451
2197 306
1400 3337
1251 5478
3789 4095
4548 44
4887 4118
660 3245
2415 4682
5045 4512
5285 4368
344 3345
571 4163
3898 5331
271 5692
1300 3594
5557 2969
3161 1902
3880 610
4983 2090
1974 4451
1035 2859
3328 1358
4203 1901
2359 3606
71 202
4841 1640
2439 1017
3914 4742
721 5069
3831 345
264 5227
4057 553
1560 5198
2124 5622
4515 2999
1955 748
4248 1771
3714 3090
1422 5801
4625 2389
1500 5545
1696 50
3884 195
3323 2637
3924 1002
3162 37
952 5689
3451 2048
90 4580
2635 5570
2173 3667
4506 4384
764 4847
3804 3763
3084 2885
4211 1287
5416 2901
127 4074
4378 1226
2227 1143
4662 2808
4706 2948
3029 3616
724 892
2021 1670
4314 5261
4416 3369
5540 2335
740 3273
4532 1411
4536 1742
984 4962
2733 5853
3084 4671
1523 5509
4873 4336
2493 1233
3441 1448
3280 1492
2439 3945
5970 2724
5849 4676
3504 2867
3437 5440
2048 3282
4154 2869
2976 3505
3132 369
954 5566
4681 2894
1550 1284
5849 1580
4045 4410
2567 1988
4241 4493
2053 4665
664 3943
541 168
3716 2815
3508 2508
1140 5466
635 4416
3664 4210
561 4130
2258 1135
5722 1119
1706 3641
4907 1646
3376 4254
2422 4118
3609 2907
2396 2601
3860 3298
3518 5189
4175 5540
898 1830
4117 3432
5790 839
2101 297
5792 5387
425 5983
5794 2542
231 144
5447 2050
1012 2737
3786 4397
5842 229
2745 4607
701 4956
3374 511
1254 4338
599 3784
566 3554
3444 1473
4606 773
3404 3253
2889 2022
416 245
373 833
3552 3931
499 684
1816 17
5986 5760
648 25
2007 40
3057 5839
2221 4100
2003 2123
972 2480
417 2410
4081 4614
5121 2415
1345 3121
5402 5214
2910 1261
4189 2544
2505 1647
1711 2426
101 4120
2012 274
4904 4675
140 4540
4665 3161
1100 5200
911 5103
5144 4791
5765 58
874 4797
3577 3392
3283 2302
2429 4559
3808 5342
1939 1291
4677 1864
2494 414
4097 4311
5550 3140
205 1207
670 5557
642 5383
4629 3221
4972 3327
4289 3901
4554 2264
1893 1568
3300 4250
4175 4118
2830 3365
4247 5112
3846 237
2005 831
3934 939
2090 5352
3245 3431
4961 3066
3562 5423
1856 5049
4316 4358
1765 3033
246 2841
1557 1039
5802 3134
28 5419
5524 5759
4002 577
1457 5834
5302 2479
5640 3397
2895 5297
1158 2619
1161 3618
5552 5851
2251 5333
5131 3697
48 1391
136 314
684 3037
2174 4045
3745 5386
5908 5892
2278 4460
4788 811
4302 661
1142 4126
3106 5607
2123 5743
3865 3524
655 1632
3626 4066
5199 1718
5416 3138
1940 1958
4390 3519
1425 5883
5691 3731
1102 2820
335 4779
4952 4106
2236 3854
5959 4664
1688 995
5761 4786
3529 2440
4555 1248
5887 4539
1819 3829
1276 4982
4813 5812
1952 5175
1149 3198
5687 2851
1605 3613
5888 896
2244 1696
5517 2409
242 4506
4580 506
3924 5183
234 2304
329 1699
5737 3607
3048 1657
5739 3137
1986 4356
4036 3083
3482 1162
2247 196
3075 2243
2329 1016
5733 198
1838 4158
3355 5840
978 3501
3003 703
4463 4996
1350 812
2271 4242
3261 352
87 790
792 398
5017 3933
4635 3193
2698 952
63 2705
1467 1291
1730 4458
4058 427
831 3767
2690 5356
2115 549
4412 1429
4846 2897
5010 278
4616 383
1221 2232
2630 305
3775 5249
982 3249
3839 484
3503 3512
3544 5755
3281 2741
5509 5378
2729 5140
1737 5348
4268 5241
5280 4185
2748 4433
1251 2993
4856 1762
3108 299
3598 2222
4334 418
518 1682
5203 3239
82 5440
5867 4502
102 4293
4844 5060
41 552
4724 1578
3422 2033
1242 501
5032 5578
4020 3226
3322 4775
5463 4702
1815 134
680 4246
2375 122
5083 5810
3868 3860
3683 5123
5879 1600
1369 2554
3298 4256
1919 2920
1404 3490
2352 5256
5225 1567
3865 5016
4040 3794
4318 2487
4198 3680
3666 1869
57 1583
5694 1323
5991 4280
4056 2681
1172 1921
5693 3120
2689 4296
2510 5478
2036 1783
1522 5673
712 3135
2266 3770
4275 5411
2624 3837
3610 3171
5072 4303
589 1687
2151 3540
790 4218
1137 126
3882 2896
1702 1429
4515 762
3754 2075
5456 3537
2639 1410
5667 1070
1858 1340
2828 4173
5384 4692
4288 2557
522 150
5406 4044
2771 2365
4350 220
2039 4320
2092 3305
123 2258
5149 382
5406 3160
580 5576
1761 2598
3811 1263
1350 3456
1095 5664
2573 230
662 5885
2051 4673
2501 4433
2689 4806
2629 1050
4440 2741
3510 452
5892 5845
5141 4837
5950 3637
2780 815
2822 4286
4958 5188
1128 3826
2940 1059
338 2799
3780 1550
698 2887
434 1887
1308 5859
5763 2411
1096 3740
5292 3385
829 1319
3510 1457
2912 1685
5037 4194
2569 3111
48 5285
2660 3858
4884 373
670 5456
2535 5176
3439 3242
4928 3536
4476 3255
4779 3527
1733 1529
5274 5292
5004 2607
5210 3400
208 921
262 5205
5552 5307
1823 2546
5471 285
5912 2353
5253 1952
3370 709
710 5837
5106 4718
2987 4686
2990 5995
4459 3964
5525 1337
5233 17
3229 1009
2383 447
5955 1211
2720 1276
5137 583
127 2375
938 2680
4343 1331
813 3985
2695 5418
2578 4269
1798 5441
3759 463
2117 1686
2151 4224
958 1816
5 1984
3588 5323
3612 163
4817 3201
4942 4080
4245 100
2415 4189
5489 3618
3746 5727
2118 2680
579 2363
5233 1744
4178 1682
5093 1324
3929 1633
3346 570
2930 1066
4481 268
5402 4860
4408 4035
3964 1408
5766 2379
3120 5746
1508 1402
4852 989
5429 5410
5487 1625
5775 1830
5852 2333
1341 5035
2501 4068
5684 5298
2731 183
1772 1970
5441 1559
2329 1855
3797 5952
3149 1966
5110 3639
5572 3024
1011 5802
1945 5277
5012 2650
1515 3003
166 3205
3318 5864
16 2113
2766 4173
1274 1176
5165 2315
652 1958
4834 3055
3993 1276
5249 5291
4476 1026
5542 515
4170 5174
2041 3067
5244 5618
2271 1939
4337 3105
5869 1929
1466 3287
4513 3263
1118 5637
3740 5713
2749 4475
4830 4143
5298 3790
2786 2483
3805 3367
3516 1430
1336 1161
928 508
3186 5466
2927 808
3563 1148
3743 4677
5337 5598
2154 1908
3461 3882
869 4320
346 2530
168 862
2329 4390
5387 5509
4563 3085
5605 9
1325 4644
691 1366
4517 1354
2699 4337
3069 2022
5393 873
1169 2501
2316 110
5052 4635
203 1760
4033 5692
2671 1865
981 867
5611 3400
3640 3077
305 4892
5799 5590
2748 4912
5569 306
5410 4505
2269 956
4622 4103
4228 3497
5700 2459
397 5872
5118 5750
4670 384
3875 4617
2142 1649
5752 5934
1739 1571
395 981
781 4898
201 1103
2847 2555
335 2712
5555 102
488 5181
660 1508
3093 3724
3710 1611
1367 3181
51 3990
5237 5997
3017 3978
2322 2486
1571 4362
3024 1228
5699 4166
5040 2202
2252 4157
5181 4282
4666 3237
2469 2041
1607 1717
1884 3562
1609 1578
850 4139
1240 3492
1840 2546
4928 4489
5714 5134
115 816
4680 3032
3792 3199
5214 2928
1062 1981
3441 5706
5752 3363
4084 1829
658 4936
1648 5230
492 4188
3066 3323
3564 3000
4291 2583
2352 1252
2609 453
314 4405
1313 869
4885 5509
5965 4008
1124 1949
4264 592
69 1848
4907 2753
4295 5863
913 5282
4964 4751
5707 5398
1623 462
4309 4617
4173 1401
3167 3262
2899 5210
4962 2623
1524 1483
650 1381
1099 4598
1660 1000
2445 4196
1383 4489
3160 4876
4425 5806
5120 4575
231 548
792 835
3803 5006
5554 4993
2569 4263
2878 4190
5707 402
607 4519
406 5306
4319 2653
2235 4530
944 2801
180 3021
3736 844
2711 1292
3107 3083
3774 3220
4147 1710
5847 3202
922 1755
1480 3726
447 5362
380 3277
2080 2041
4058 5011
2376 5324
5331 5785
5454 405
197 5011
1102 3669
591 5130
905 2029
65 1275
1330 4538
3764 1117
1690 3640
867 268
2899 469
2399 1801
4849 2528
5372 5373
3504 3103
5365 5249
5919 1220
2097 2716
5276 3751
2212 3016
1383 1936
1549 199
2857 769
1534 1666
4210 5876
5540 1847
84 5334
3470 3228
805 1450
1024 5403
2488 4049
2679 1047
3017 2184
976 2020
4700 3944
283 1626
5090 4378
3481 137
5800 1228
2388 4269
1564 2689
4264 2891
2264 558
4679 5450
2022 3417
5928 4045
5247 3573
1034 1162
4501 3253
1553 4402
4089 2407
1240 2639
2762 4851
3569 3964
1974 4666
2486 1671
2672 1101
4540 1559
262 5869
2630 2819
4830 4460
1082 5161
2342 3854
3678 249
1582 5422
2164 2100
3489 863
1338 2486
2083 833
1201 2153
2468 3045
3484 5686
5719 3957
2730 5176
3300 4651
3523 872
3471 2512
5413 2681
5905 2801
5703 4454
3467 1862
3351 1574
841 4250
4883 4935
841 1802
869 4078
4811 956
4148 3177
1098 5833
1892 4832
3399 3269
2297 2521
5985 1931
3801 5259
3986 5482
1949 5528
3554 3955
2866 5960
1547 4630
2035 1591
4346 4047
1251 3762
1792 84
2740 4028
854 2067
3088 1336
4063 5184
2456 4725
1276 5139
3980 3490
873 2216
3797 2420
5894 2423
3295 252
3130 2184
4314 3924
1813 2362
1163 231
5997 5282
3183 511
5416 5516
5161 219
77 2742
538 1631
2535 4518
2713 1129
1599 5020
1007 3587
5075 1172
2947 2293
2442 196
4924 2193
817 2038
2852 924
5540 2241
1439 4383
4254 1234
1646 4314
5828 4055
4034 3747
5842 2310
3405 5558
614 4837
3513 366
1220 1263
2746 2174
3841 4388
2486 630
2898 2767
4375 579
3569 1831
5340 4667
3497 3705
2855 5783
922 12
1728 3601
2543 1021
4399 285
1533 3072
3842 2945
2857 1776
5303 965
1780 2706
5130 3937
782 3513
5984 5247
1881 5236
1993 4920
3203 870
655 4364
654 569
78 3959
2215 961
5193 4706
3675 2404
70 1470
5541 2247
5105 4426
1473 374
4201 1732
4978 3445
1076 4607
3244 2547
2462 1145
116 4627
884 4902
3515 5925
823 5603
1548 3170
5121 483
5088 3551
3882 5538
4119 3432
950 4918
4538 4545
1021 931
2133 445
1856 2866
1743 5016
4515 4111
4122 408
3652 5172
2639 1360
3608 4292
922 783
3224 686
726 3102
1944 3319
0 172
4499 5644
2561 281
2914 1486
5748 3353
2206 4763
3343 1564
2758 6
1110 489
5587 179
3314 838
1064 5782
2753 4321
4858 3576
4703 3063
133 3365
1552 2371
466 5369
2625 4864
660 5886
5764 1943
92 656
5708 5689
4376 4526
496 708
399 521
1777 3424
2817 322
4631 4951
5942 4260
1192 1009
4485 2753
1135 4926
213 4860
276 4863
4218 3410
808 3758
4251 4032
1181 3092
203 3805
3549 4237
4598 3779
574 3918
2855 5312
4139 2778
92 5133
598 3200
4555 3554
5674 5485
7 1004
2975 2291
4384 4890
2608 171
2241 2965
5066 1841
4478 3444
1621 1902
4213 4178
1052 2335
3746 3294
3187 760
1840 1054
643 5928
1139 4550
4019 3870
2463 2765
5847 4310
5467 3021
5781 769
5667 2980
34 4610
3302 5358
5317 2971
5601 1479
5281 5785
5095 632
3014 4349
3629 2915
5398 3200
28 1692
3914 2390
4087 3424
1160 5679
4616 5464
4188 2849
4848 714
2502 3642
5641 4947
5587 1664
212 4771
644 1945
4875 4539
4643 3350
4916 4592
3070 5825
4929 2145
1051 2698
3090 1359
1247 2344
3122 3051
2054 3211
1630 4031
5303 304
191 245
1870 3682
4246 5087
326 4341
3086 1219
4418 5642
1379 624
3166 1159
4811 1310
2167 1387
446 5485
926 5557
3373 2889
1898 1044
522 3013
5611 5729
1842 5918
4058 3701
5114 190
627 3153
5555 1828
1585 4244
4970 3258
2914 20
1725 1839
4138 3109
3926 2966
5336 5688
5652 1664
4699 5627
754 3276
4607 173
2132 5705
335 2242
4253 4758
1382 112
3386 5395
3559 13
121 3033
4260 1672
4856 706
121 1993
4242 2467
881 2311
4366 541
5946 2245
1745 4983
854 643
685 4951
3959 121
4410 1456
5759 765
3819 4815
1722 5213
711 5671
5728 2876
3166 1285
1655 4300
3862 2340
1129 4039
4296 1364
5129 4853
5574 5666
2062 4408
308 3188
2859 4889
367 2321
2728 5297
3172 965
2893 788
1114 4390
1459 2020
1213 1714
5659 2233
3955 1023
1703 5135
2110 114
1889 3654
5404 3791
4422 2291
3719 1795
989 1885
383 5728
3786 4777
3319 1482
3670 1328
3552 5880
2384 58
4966 5822
4271 4854
3832 1620
3909 1619
5473 4684
820 4938
971 5181
1329 2894
3271 4743
1750 485
2604 3158
4198 1990
1072 5024
3675 1312
5081 3308
1071 3567
3808 2131
4819 5293
2883 4883
2415 5806
3722 41
3374 4903
4883 3858
2762 5572
3292 5175
1084 218
2163 8
5885 2984
3174 4590
5529 2825
3256 2711
5188 5725
1455 2482
562 4659
4988 3121
4798 216
3581 2921
4399 5921
2774 296
1374 1760
4534 1409
5974 2469
1374 909
337 2754
4125 5731
2647 2555
1002 950
3884 427
320 311
3317 2936
4629 3461
4952 4324
4787 7
5749 3401
1420 2747
5438 157
1929 1444
3232 2167
3670 3568
3177 5085
4383 5126
859 262
2722 3833
944 1984
445 74
4914 4030
3364 3594
3578 1055
4134 2996
2007 4713
5149 4608
494 5857
3763 1346
2029 152
5538 5899
480 2896
2566 3692
1809 2797
2816 815
4711 1316
2356 5239
3261 84
2070 4436
3792 5876
1805 5878
4349 984
2093 3627
4288 2970
3434 387
5896 648
4542 1742
4287 2346
5600 3914
4902 433
1392 770
1778 1805
5258 471
5775 3479
3522 5490
942 5367
339 138
2557 121
1837 5968
477 1443
54 3920
3979 3462
3288 4347
1412 1131
341 1577
4595 5661
2291 921
321 1310
2053 2247
2316 3602
2244 235
4809 3441
1368 3509
990 2603
5003 766
687 1587
1371 3832
165 2338
4047 3532
3444 4195
1527 2931
3042 2868
3257 607
2832 4316
4846 4567
2725 411
2613 96
3300 5464
2423 5684
1411 305
686 5046
2363 3328
2202 3332
3675 4623
4632 1439
5055 1851
3539 1031
3071 864
1255 3589
2488 313
5549 3118
5704 5581
3449 840
1011 4340
3768 5063
822 169
2617 3829
5859 1296
1627 1563
1543 3517
4195 1091
2508 1613
128 5304
3856 1636
4431 4880
1447 2234
2936 1659
5787 2121
2462 1118
5646 2222
3820 5148
1236 219
875 4599
568 119
2409 1640
4646 636
2255 5514
2398 3811
1872 2069
2077 1160
4074 820
4486 1242
5243 1459
2199 2100
1516 4306
5972 3216
1291 4459
5520 3774
4746 3523
1074 1197
2720 1512
2483 3561
477 2672
5165 3462
4173 4802
4804 1320
3215 2240
4555 1598
5661 5462
423 4815
644 5046
2761 2197
4917 512
3199 2934
856 1674
5943 4992
1864 390
1267 2842
4795 4047
70 4423
3822 475
288 4244
5547 5750
1114 1818
2839 47
5812 2693
5555 4904
1372 5592
822 2266
222 4266
540 623
1434 2771
2397 3246
3584 1585
1694 5983
5555 2999
3010 2804
4785 5394
4419 3389
1107 2377
3077 4965
1362 4250
4851 3217
1015 3996
4183 4621
4134 5667
3098 2575
5294 1496
963 676
5090 2515
1102 597
2412 5107
5345 4518
75 1648
5064 5433
2707 4239
2015 1515
5627 1263
2962 2157
5307 1582
1763 1110
5900 5876
845 1440
4707 998
3656 5763
47 5242
2242 3042
5463 2875
3997 2287
216 2027
5898 2449
1307 2516
1462 3674
1687 3069
2003 4259
5205 5171
1002 1804
5647 2935
2150 4315
2246 3736
1739 632
43 4658
4884 1941
2551 2804
2431 5699
3818 952
5204 173
5528 779
343 3869
3739 2256
3483 4504
4626 3864
2181 2548
4565 5141
97 1688
492 4403
899 2682
5435 4749
4180 2786
3443 2332
1677 5174
514 3845
4722 1728
578 2835
3672 4312
83 5199
2047 3424
5162 624
4463 5052
2835 5847
1107 972
2129 4505
4814 1315
1049 5938
4513 221
4781 727
4415 403
4629 1174
145 5514
1875 1495
62 4740
5124 3026
390 4775
1975 3952
5197 273
3732 3027
3967 3630
5368 3540
3051 4859
5393 5080
4291 4288
2759 2387
3946 5286
1124 2971
2149 3894
690 267
2755 1337
3826 4964
3733 1610
3158 4810
2726 731
725 2998
5975 32
5083 2392
2248 3023
5673 1221
1133 4442
3466 2085
187 4020
2312 3563
2082 588
4431 3517
379 3500
5545 4950
3994 5292
3432 1727
5142 799
458 514
305 5899
250 882
2429 4759
2653 1711
4910 1056
4738 3664
3949 4420
4963 4115
2706 2477
2685 173
4880 5048
2698 3542
4708 75
177 5338
4171 2395
2598 1652
5989 1457
5301 92
3597 2503
5133 1149
2759 2283
1628 153
3902 2351
5556 5067
1666 1976
4905 4192
2641 320
4676 1117
3085 5338
2379 1105
3547 1067
4378 4338
5717 1470
3898 5967
2015 4042
3233 5319
5997 3765
2864 783
3330 635
1326 5091
2224 949
2528 2200
1846 4082
5434 450
2953 5478
1141 1252
2924 1230
3364 5248
2544 2435
391 3878
5769 4880
1507 3711
1366 3825
3024 543
2037 1
5380 4691
3586 3770
496 3937
4065 3112
338 3377
1164 3949
1159 456
528 5865
5262 5385
1138 3606
5219 1615
621 1655
2861 3337
1948 3115
3323 246
1777 2066
2093 959
3953 2835
3201 510
5044 2285
4648 850
3238 2201
850 2268
1799 1275
2919 1985
737 2335
5222 4526
1425 1641
5223 1129
1397 675
4104 5611
3493 1455
3507 1345
2731 2427
946 1635
414 648
3962 2352
1251 3676
3568 3404
2625 1514
78 1266
4031 5663
3278 3589
2219 4812
742 4121
3065 4448
2061 5059
630 2791
802 2977
4853 3725
5202 3222
2179 5334
717 4676
960 3655
1786 5926
2138 31
4667 603
2957 3029
4160 5617
1408 4721
5395 1985
4961 953
4053 1468
2362 5989
5913 2040
3375 3079
4832 2066
4146 1816
5684 1395
3317 1576
559 5760
975 694
3602 4140
3853 2332
3042 3339
2171 2803
340 5596
5425 2799
4106 2318
2910 2742
2880 4295
1565 5803
3330 2473
5418 4529
1976 2302
4539 3048
3419 474
4548 4938
209 1419
3159 3025
4050 5658
795 4029
911 4561
1229 4842
3250 921
5799 4253
585 5823
1593 2767
120 962
5903 2014
3521 5632
155 4022
1889 1469
2745 2888
2747 382
3705 3518
1038 1166
4081 3081
3831 2994
3799 1582
4136 1090
2594 2969
1351 961
2313 1913
2044 4188
1293 91
2115 3317
120 1684
1240 3071
1782 293
4300 2957
4562 5191
105 2029
2310 4650
2376 2212
5534 266
19 217
3706 5277
1817 5475
1123 1487
4277 3231
4412 3732
3552 4074
4133 769
588 2230
199 2475
4265 3831
209 1755
4633 3828
5292 3417
329 90
1349 1707
1339 1939
752 333
4609 3563
5351 5271
1536 3633
571 1682
4680 4693
2573 3469
5843 3155
455 1901
775 4386
1146 3102
3186 3500
5179 262
4884 603
1523 2863
283 2138
1058 5529
5204 248
4342 5188
5032 3186
2833 1540
3064 547
310 4000
1180 5538
4692 3079
3952 460
898 1083
2645 4121
5747 409
4449 4358
4410 5394
3708 653
3455 505
3914 9
2672 4640
137 2213
3617 4778
800 3025
4800 1333
2111 1469
702 1632
2730 252
1511 4481
5275 3657
1700 5772
2832 4556
4827 1789
4429 1661
5443 1573
2850 3457
584 5438
5433 5760
2256 3875
1463 2507
2837 5324
3206 1750
4611 3373
1787 3907
5188 1513
5659 5970
2770 4829
846 4964
4001 3318
3110 3855
2267 3694
2350 4217
3163 3302
3672 4074
4909 4907
2503 3672
3540 2369
488 69
5815 255
124 1451
3972 2534
163 1444
2631 1286
3420 2679
2405 191
1547 2483
4953 4060
4259 4227
5712 4309
2344 3849
1958 736
2582 2943
5966 2520
2316 849
1378 4194
4214 5750
4698 4326
1248 2248
2623 2774
3150 2638
1610 4521
5288 588
3384 245
2701 4021
4699 4566
3889 5165
754 1681
2536 3060
3744 3311
3085 2943
3499 4744
2191 2734
5295 4078
5644 838
5024 1846
1487 2778
1345 3901
628 5167
5327 4873
2915 5922
1312 2887
1855 5061
1529 427
2131 2732
229 3943
2149 1356
281 4825
2097 3710
456 1627
3542 1702
4239 1944
3664 787
1178 4716
959 3133
4848 2101
1584 4588
5125 1801
5523 1119
4381 2332
447 5460
4800 3915
5981 972
3208 1166
3448 3455
5252 3443
699 4602
2306 5965
1566 4967
805 4691
1740 3291
2530 4624
3008 2485
1131 3816
643 2225
94 2189
3007 283
136 4952
217 3939
5358 26
1678 5872
283 435
3675 2586
1977 5297
2842 2582
5617 2068
1794 2913
4746 1586
5116 3445
4836 3588
1556 4391
4450 2796
4006 2415
3337 2998
3255 2840
2097 3523
5749 819
1424 4347
2716 4965
209 3750
5280 1643
5954 2384
2757 1236
4027 2190
888 1748
1695 3466
2993 3910
5851 3144
1616 1437
3299 2180
3095 902
1153 238
2950 1164
439 4629
3115 4960
4591 5275
1786 4067
3773 4356
5404 2812
5168 2608
80 2614
4244 2829
4304 4387
963 342
3802 2108
1309 5590
1418 224
4283 4405
1485 5969
2781 1284
5411 4451
5116 5858
930 3645
630 4094
2703 1434
5882 3152
2273 4584
1650 2141
307 3545
2601 3612
3336 3490
2194 5906
344 169
3221 5885
5976 778
5458 2799
2779 1021
2070 2410
5862 5178
3820 1093
2898 5959
347 426
799 2519
545 1604
1317 1728
5774 2193
2371 5809
4650 177
441 4481
2854 3976
2262 4766
5290 218
4567 5430
4584 3913
651 5320
3112 5455
4684 2069
3107 283
1839 17
4391 3896
4517 1316
4913 3463
4460 3877
1547 5706
5751 2473
5841 3217
611 4335
4942 1005
941 2799
4764 3994
4676 907
210 2032
4640 302
3341 3361
5504 3386
950 2573
4384 176
4676 5777
3153 246
2807 2248
715 2936
1200 5013
3321 1683
4203 5219
4596 5669
3182 4924
4784 2255
4680 2210
3513 2582
1946 3739
4881 2617
312 4223
2649 3949
4310 971
1722 1675
930 2120
3719 2871
4030 921
4835 1104
4933 2318
3236 5635
3496 2175
5570 3429
3718 4114
2442 5223
81 3648
2776 5935
344 5174
2271 5111
5279 2568
3301 406
3446 5258
3096 1625
17 3290
278 1539
3322 2211
762 420
5710 18
5634 4881
5818 5185
5007 4011
3726 2219
5592 464
4627 4749
1302 3019
3068 2679
1324 5982
4139 1546
2839 1020
2924 5145
182 2789
1499 4186
4015 2671
4076 957
2575 4676
4037 992
724 4951
3120 4466
2947 3022
1250 146
2597 4736
985 2657
2208 3111
4428 2369
3797 4211
1840 1760
4670 1402
1692 4926
1889 677
5717 496
5098 4551
1068 4921
4568 2621
4630 3785
2081 5462
4052 5221
2764 3115
1491 3711
5242 2638
1035 4814
4543 1992
5389 1968
5547 5768
1057 2132
1531 4120
3487 918
4 4883
846 5013
2592 567
5686 3121
1748 720
2169 518
4196 4286
1501 1845
4905 1286
2086 1724
4408 3311
1944 5902
2510 1653
5420 2439
1599 5380
1599 1820
5752 871
3600 1552
1506 1070
4567 4610
1047 5363
1385 3056
1142 794
485 5418
1307 4592
4183 821
3019 3499
3779 2293
4582 2874
4630 759
1196 5760
1354 4833
5117 444
987 5152
5063 1791
5511 165
4727 3079
2099 4637
4973 4085
299 3902
2002 5036
1245 1796
5086 5849
1521 5422
478 4263
341 917
2960 2653
1818 58
4181 2098
2212 3635
1729 2479
532 1472
5230 3853
3454 1833
1247 5142
424 4496
5755 18
2935 3571
2713 4440
2002 1226
71 5638
2605 348
4694 1006
2651 1372
4788 1122
4177 1856
631 2916
4709 2844
5558 243
1835 2511
3430 1129
5449 5467
5087 5003
795 5222
1227 2710
4555 1473
1006 1570
4007 4287
4615 1426
3293 2141
2687 1386
1760 4878
5790 2059
1253 2820
5324 4959
2519 1504
1981 1089
2602 4743
2731 4922
5942 1238
486 786
686 1278
5677 3633
4459 3665
3318 5319
1471 1074
4089 3611
5342 5205
4113 5961
3885 4490
3213 5340
618 4158
3715 2054
738 214
254 5648
4775 3211
5363 1669
3704 5926
3216 1434
2205 5387
1482 5693
2784 498
5670 5124
1246 2179
3420 4177
835 797
85 522
525 971
5534 5198
4275 3429
905 3105
2389 213
5641 1784
3074 5741
1711 5001
2748 5152
3256 4153
4850 4521
1091 5798
1389 287
1029 3227
4344 305
5978 3434
1461 5276
1101 4374
1411 2459
1586 4177
2188 5961
4193 5156
2805 4281
4906 5424
3098 3355
377 5624
3933 2601
1852 174
25 4301
4385 4185
4836 1668
1134 1071
5002 5967
1314 1707
3248 2821
2902 2330
704 4467
1213 5779
4950 4505
2384 3802
1076 2627
5251 1294
4184 5340
5155 3844
1977 3591
1106 5361
5143 404
765 2574
5405 5322
2997 3969
237 2699
1778 5058
5976 780
3260 5445
4966 124
5848 3056
3925 4150
5586 601
2661 5364
5757 7
934 5888
3481 944
988 1994
785 3809
2335 2055
3345 3052
1945 2582
5297 3467
5543 1500
3848 3692
5395 4309
1756 5568
358 3983
1667 3544
5904 3478
70 2246
5467 3440
5081 1479
1960 5397
3580 791
3249 3143
90 1351
3256 4118
3527 4718
5524 2974
3076 5549
4954 1922
1430 2553
3578 3553
3217 4014
460 4322
4958 379
1097 4768
4910 5653
2655 4152
353 933
4952 4203
5479 2439
1980 1962
3046 3872
2623 3256
1235 1023
3175 2329
877 5694
1225 4289
3903 5939
1511 4064
2610 5841
3261 1325
780 3017
1994 478
2997 1990
5680 666
2294 4707
3026 1294
5834 3410
3233 4383
2752 4074
4997 2862
5824 1158
3697 5478
2870 807
1235 3700
1485 2279
2859 5350
4747 5039
5260 5046
824 4973
4396 765
1054 2505
750 1439
1450 5817
4909 1707
2871 1139
916 5893
3176 1670
2850 379
1582 1991
1784 912
1057 4821
5583 1452
3261 289
2097 537
5796 760
5912 5202
5167 2935
3797 1938
3202 3317
2389 1661
2839 1935
392 4054
3616 3561
5331 3598
677 757
3502 5631
3494 3755
2658 1235
3577 2052
2586 5375
1110 996
5251 2700
1898 3353
3028 1112
2892 5719
3521 3414
5532 3139
1519 1817
3040 4157
2090 3585
2157 5616
4434 372
2910 4641
3218 669
5085 5740
1150 2346
1517 2702
478 3162
1830 706
3781 3598
539 3929
5457 1689
2895 1642
2570 2464
1758 839
2752 4297
1346 954
3960 4700
1502 3280
5773 2667
4290 1674
1511 1356
3881 1186
2492 3764
1049 5513
3110 3175
1836 2003
5868 3680
1468 1170
3689 4044
5029 4725
3179 1187
4145 5608
5513 1687
4511 4008
3518 1746
522 3522
3171 3859
3752 496
5336 5591
526 5712
5083 694
2207 5721
5563 4481
1439 5883
5321 2566
5372 2095
2518 629
1433 2223
4370 3435
2995 4182
5785 532
678 2858
1022 4733
5892 2628
4914 1161
4286 1647
31 1100
4009 1204
625 2244
2105 2608
5421 1769
425 5044
3325 4754
3860 4326
2746 3037
3215 2559
499 3731
3231 2610
905 5502
4492 4224
3861 1333
107 2833
5077 5953
1783 3970
5457 1133
1061 789
1170 2676
2077 118
4744 558
5456 4019
4900 3772
5031 3665
631 3684
2032 5357
3245 2268
4076 260
3426 101
3031 5716
1616 3791
4898 4783
717 3610
2838 4116
673 5369
5783 5775
5645 4681
1839 5461
2410 545
3118 858
2387 4915
1779 2162
1412 2145
3003 5764
5917 5939
3918 1555
3935 1819
3619 3259
2679 4650
5415 3911
4410 491
5828 3109
1682 1475
2842 4216
2473 1072
4598 5171
92 2910
3642 608
2237 1947
2648 3086
4203 2522
1423 5228
2400 2767
1812 1520
799 4928
5267 3832
1523 3559
1859 4039
3275 4311
4222 1367
3423 4804
5762 4402
4177 2575
3471 3365
2088 1448
3672 3049
995 2694
4679 717
3051 3240
19 3446
3757 3696
3724 29
2514 5283
4871 4873
4724 481
3960 1429
3393 4772
2802 4328
2689 5780
728 5130
397 1529
2534 5146
1283 407
4403 2627
2443 5032
4652 1222
2543 3403
666 5703
4856 1171
1600 2121
1007 1620
924 5750
1910 4835
5157 2252
1372 5335
1331 259
797 2019
1817 2379
2998 1517
957 1103
1820 5131
5909 4395
3164 571
1528 5227
1750 5402
2451 4903
4500 4443
3807 2137
5608 2680
5019 5113
5700 2369
5061 593
3240 2203
3619 4909
5699 30
1545 3062
2169 854
5125 3993
4404 4749
2038 673
487 3300
2350 541
4287 2188
3877 5467
3863 5772
1067 3171
3868 1038
5666 4038
5706 3061
1778 3785
529 594
2558 59
200 801
1893 2739
1611 2636
2713 826
5158 4281
5911 3128
236 1490
5098 611
2319 5800
410 2131
327 3958
4254 3792
5457 3642
1491 409
1661 5540
913 1198
4046 3399
3732 3235
3716 3308
1375 4058
2838 4724
4410 738
3922 4572
3790 5678
5293 2090
1152 86
3683 5450
4839 4628
1247 795
868 5414
5128 767
3235 2023
1594 1811
1340 3944
4726 5867
4341 5233
1559 3673
2040 2827
3059 3824
26 321
3842 4652
377 148
2081 5076
5990 2723
3805 1560
631 4686
24 690
2747 1779
1811 2423
1316 2005
4502 1606
3281 4422
5887 5273
521 2781
3379 5158
2118 329
772 3604
2702 3614
5043 948
4799 370
2765 5362
166 3225
2540 2740
2698 3907
1533 3645
4162 581
2653 3387
626 955
4716 1809
1395 3231
3157 1274
3058 2062
3821 5912
1202 2263
1115 2702
603 2706
2629 4306
2404 1564
4523 720
5057 1825
677 653
4005 3666
1871 4515
4502 4679
2187 309
5800 3060
3703 4546
302 5262
5150 524
203 1169
3796 2720
1599 3843
537 3956
3678 2652
2647 3834
4522 2190
2083 4614
574 20
3596 4443
4623 1938
2052 2928
2389 258
1608 5938
4479 370
4305 5538
2329 475
2823 3278
60 5672
1201 3055
5192 4957
3977 2850
5844 2383
2734 1151
4467 5600
3207 775
1965 3321
127 5936
53 2986
2465 5511
2095 1185
2336 5502
2282 4996
4621 2132
514 5803
3830 5819
3588 3034
496 5886
4783 2183
3466 3451
2086 2991
540 3861
441 3349
3882 3574
605 2121
3902 1457
1398 5991
2112 5801
1240 764
3247 2993
5527 1886
3763 1227
5479 3296
5705 3162
4913 296
2829 931
5298 765
3589 2463
5674 5955
4238 106
3567 3429
2322 2200
5795 5319
5647 3886
2979 1587
4314 937
2309 3545
3156 1076
435 3168
5639 5912
2786 190
3391 3019
3766 341
4756 5737
5530 2956
3400 5487
1643 1630
4295 2653
573 4754
3679 5825
875 4476
519 937
285 1855
678 4644
3143 5743
3811 4419
11 3344
1899 2926
1174 2288
1769 2699
5254 2320
1019 1076
3624 5598
4539 2643
1629 4579
2854 3586
2938 2178
5183 893
377 3646
3884 414
5473 371
329 5046
1302 2691
3460 2870
3597 5512
4472 5906
3833 4494
4028 782
3113 99
1437 4190
5063 3420
3289 4556
3650 2411
4589 203
5476 1842
3023 861
5156 5588
937 3774
5225 640
891 3386
3991 1215
2688 5361
4393 4703
584 3223
585 5173
5053 4473
4780 3624
4764 806
184 2928
5997 122
3313 4262
1346 4635
2528 3271
856 1542
4701 3897
3383 5754
5193 5201
305 1357
5678 4031
3713 2773
3014 3501
1068 4141
5485 566
3726 1041
3166 762
3133 544
4284 5161
856 311
4658 1825
62 1544
1896 752
1552 3974
914 2301
510 4321
3072 994
3704 4902
4926 3150
2541 4304
1066 5654
1277 1943
2134 577
2534 2224
5487 3051
2611 5863
3683 4724
4202 2534
2713 3779
1232 3818
2275 133
4310 2150
5137 269
2158 680
65 4679
3434 1768
3540 4851
5782 1934
1212 3106
4674 342
4765 4022
2693 1139
3473 4744
3947 2006
1630 3010
4054 5536
1458 1520
419 5557
422 5552
1052 5102
1142 730
3994 4301
5071 4477
1799 517
598 5446
4376 5849
1073 4391
5647 1085
3880 2614
176 3640
2254 609
3908 5765
5806 5285
5497 4614
1778 5735
4414 1355
1204 1290
578 4865
2918 3642
4061 457
3211 1650
1288 3140
3416 2656
4342 4128
5738 3229
3386 891
3141 5632
4696 2242
5188 2110
4760 1193
823 4230
2480 1200
2590 2316
478 4774
1716 5469
5053 3190
5629 666
5608 2239
5699 5251
3497 357
4844 668
1678 5857
324 2447
5053 2379
3455 1688
4056 4933
4015 2239
4654 5637
1022 5740
5033 4421
4837 99
3984 985
3083 3988
1254 2822
3122 421
1187 2596
135 673
2765 695
4917 2701
1645 2684
2438 774
5115 2311
96 2997
1947 1031
2715 2043
1375 1920
4149 2018
315 3793
2142 3136
5614 2270
5729 3704
3221 1711
4684 2087
838 5902
1241 5470
4641 1411
5020 2458
2059 3956
1228 13
4434 5185
5980 1514
4274 5208
3147 4612
2186 5277
1986 490
1214 5213
4710 5498
2538 3368
5692 5161
4915 2444
684 5303
2411 1691
5070 519
5284 4218
593 5991
830 3391
3063 845
2531 307
298 2468
2406 1420
4809 5533
4503 1153
3797 3255
2901 429
2700 5702
75 1505
1654 1656
5841 4606
70 2667
3363 4348
247 91
3279 2509
4959 300
2248 2604
4153 5524
4676 1003
43 1286
2724 5379
1230 4994
424 5691
5278 2003
2813 4444
4671 3606
1531 567
1514 5625
4140 5803
4504 4035
1262 5274
1338 4431
2242 1558
1668 3876
1976 293
1579 2482
5140 3577
5025 1579
398 2311
902 4459
1553 510
5791 5700
5554 3244
1146 3751
3258 1252
4557 3042
5595 728
1404 4726
854 3376
1062 5763
5001 1141
3834 5987
2815 333
1119 2508
5529 558
3092 3749
5889 1772
30 692
2292 1740
5456 2838
2780 4263
4406 5571
5224 1850
1878 2335
2540 1526
5756 1761
5530 5185
4524 5814
2784 5428
2230 5656
1616 2913
1270 4085
3922 3304
5689 3725
2944 1986
5011 1094
3278 3754
5653 1076
1748 2252
5321 4999
2421 1819
4553 254
5758 3449
3540 5037
2886 1433
965 859
5624 1152
635 672
315 807
298 5976
1135 2910
1904 4025
383 381
4667 4505
1270 1580
5257 4659
274 657
2970 3888
3951 313
1366 5099
5882 2395
5133 5115
3317 989
1148 1684
1066 4897
3259 1516
5240 3571
223 752
3877 965
2064 271
5074 5959
1763 2168
4157 5470
2092 5699
2097 1746
3941 4079
4615 2057
4044 1897
911 2868
69 627
1818 1634
4498 1929
3586 2147
1047 3781
4009 4195
1709 4105
3795 3792
903 1919
1416 2149
2752 3865
2275 790
2917 4850
4494 1434
733 4862
2867 1356
5657 1203
508 2012
1463 5300
3145 2605
5239 1119
740 338
2491 4544
3391 3916
5311 291
1129 150
1090 235
2007 4972
1550 4827
4424 372
4724 4179
2720 1022
5796 1933
5298 4938
3222 3731
2493 2746
5721 487
1793 1236
2796 3514
4021 814
2899 1869
923 441
5186 3593
1668 828
5300 1855
4752 3444
3513 1462
3571 2768
2573 4059
1334 291
5887 2862
2305 1203
4904 2815
692 5423
4086 289
5681 4086
5714 2209
5251 553
2015 244
2909 4186
970 2675
1084 2352
5221 1696
2174 2044
4694 5302
4663 2114
2045 3851
735 2135
2937 4014
3711 3626
2483 1034
4819 401
1705 2817
2537 2901
1880 4070
4534 5013
3227 3362
4922 5361
581 4560
2823 2159
2394 2846
5106 5665
1327 2994
4336 864
1852 1652
4723 3222
4553 2700
1129 555
4587 5411
4616 5702
2766 109
1381 2017
3104 2532
5183 2530
2285 262
2820 1903
4388 3332
276 2324
1320 5474
2182 2322
380 3276
2438 2292
2414 1143
831 3155
4229 5936
4906 5579
4852 1440
2346 2458
3458 1986
3251 3195
3093 1515
3841 3102
148 3563
4748 5138
3613 5243
208 967
5143 4549
2604 1716
469 3185
2524 4020
3398 4504
4912 3958
4024 238
3227 3599
1434 3181
4289 2552
976 1404
5002 4047
1493 5568
3709 2428
2385 2625
1825 3003
2039 314
2693 2440
3656 2787
1905 3946
2515 2634
3676 1952
5486 4694
4304 2553
860 2978
3476 2887
4721 4127
2275 2526
4970 2884
1805 1315
4902 5848
2040 1351
3047 3132
4126 2637
3209 2529
3764 4779
591 1353
1096 4732
5915 157
4999 3936
1081 1699
4638 1175
4116 4783
3159 2062
3276 3002
624 2919
2898 2599
655 1107
3863 3889
3852 421
2894 565
5024 5959
2490 1573
5558 2324
4266 5140
4146 4961
4416 5269
452 4609
5956 5421
2801 2402
3698 1151
3629 2080
4956 213
297 359
4715 4552
3533 2529
1188 5857
4965 4274
3258 137
3311 4744
164 4790
2597 2445
3078 1589
4256 5147
4547 4068
3918 1439
1183 3481
861 858
4346 3093
2917 1284
1459 4672
3091 2878
2246 1726
4536 2412
1283 3007
4309 5378
47 3417
3496 3932
526 4664
2580 2768
1921 2442
3034 5100
3941 1488
67 4182
4855 144
3969 2280
3860 972
1124 4689
504 592
4473 1651
176 2142
4015 2348
1302 3659
4460 1596
4910 1388
4412 3044
4356 4137
5277 3509
4249 4084
1783 2441
5367 2290
1244 5842
2037 1798
5385 1003
392 52
5650 40
943 2593
4140 4179
5180 5435
4549 4472
2559 4751
4939 4145
1902 3491
5536 4143
4397 2677
5423 3529
5072 2678
5227 998
459 3130
5543 5940
3609 2082
5282 1137
1064 66
1434 5410
4362 3581
4164 5542
4702 2175
2915 2299
5339 1607
4933 2076
1498 1298
1372 268
4501 4037
7 2632
592 3375
3912 5088
4830 3691
4650 815
1526 5645
2712 3699
475 2379
4834 4222
5495 2111
310 2914
5042 1559
2933 1735
5408 645
564 5802
3669 5780
1735 4173
1259 1500
738 5875
5963 180
2388 2960
5733 1074
1935 4072
3515 3526
246 3069
690 5623
1443 5585
4067 1825
4476 3731
4080 3246
4361 620
1545 1066
4978 4905
3975 1802
5853 9
5737 5815
1000 1894
4265 1577
719 2695
87 996
3405 2163
1126 1423
2535 4627
394 4653
5663 1935
3565 5526
3134 3807
1757 4172
2923 4994
1071 3126
2064 725
1827 5154
2063 5663
3751 119
5809 5780
5214 4630
3949 5798
5328 5636
3870 4710
3471 3399
3743 409
5635 3004
1418 4091
3824 4039
3418 3007
4175 1990
1846 4654
3767 1428
1531 3669
931 4058
5687 134
4011 333
3694 734
5375 4767
2010 5778
2507 469
1402 4985
2307 5742
3949 4833
5642 5152
5234 3501
2784 3498
1160 4730
5473 395
2424 5418
1319 1232
1692 2403
2439 1623
4778 4399
4137 3367
4437 4062
3878 1908
3055 5011
5139 5979
1867 381
5239 2010
1553 3375
1040 1063
409 1153
5313 1313
644 5787
4600 2211
847 3978
2504 1680
2597 3677
946 3598
5130 2014
3645 5231
3784 3765
1702 1293
5362 4414
580 4930
1067 3155
5407 3650
212 765
1324 4061
4149 1082
981 5276
4402 3182
5102 3601
4216 1687
4263 5676
1210 4785
212 2237
2357 3668
486 3873
4115 5856
3171 3480
1777 1445
2045 2910
2813 4439
1561 924
415 3042
1138 4142
2398 5276
3113 4432
1187 4973
1041 2324
4524 5514
4371 3095
3235 5950
4430 2804
3488 805
4599 2286
5109 4474
4287 3890
5572 787
3034 4812
4419 574
2812 856
1904 5900
1321 2786
4130 2012
3894 465
5220 4303
1952 1236
1400 4665
5621 3952
864 4071
3261 2648
2881 5002
4182 4471
4618 1392
2915 4462
3309 4786
3696 2161
2836 456
763 5365
2014 5897
444 4300
801 2983
3145 4855
5498 4892
3800 2417
2629 3217
5456 5285
4023 3171
4011 5271
3170 739
760 4119
896 5253
3121 263
5943 2161
2208 1599
3878 5266
4267 4883
3746 3326
4939 920
1826 3312
2566 2590
2687 113
3108 1035
1051 1205
5553 3278
3282 842
5578 3687
2872 3973
1115 4838
4994 1737
1083 3826
5287 1718
5744 4611
415 2530
5483 3961
5412 4082
1199 1725
4882 3350
917 5620
5378 3335
2651 3017
1761 955
4965 2516
2834 4404
227 3649
4853 5509
3108 4508
1572 1221
5028 213
2945 218
406 4835
2293 2591
5119 1211
697 4201
894 450
4522 4049
5123 5833
4349 3991
2532 4983
2107 315
4061 5672
5801 4421
2426 2444
1954 1339
606 3617
4640 468
5722 3014
792 3362
3405 4145
5772 4250
5727 4869
4972 5980
3819 4140
687 93
4576 2517
5034 3479
3304 1708
2189 3253
1037 3533
4166 962
3677 1728
2678 1903
3390 2771
3020 3291
511 5503
37 5407
830 251
4405 3704
2634 5299
11 2365
1623 5915
4687 4699
395 5434
1182 2950
5388 4974
278 1856
4185 4768
2804 229
5120 5022
421 821
3006 2802
604 5043
2338 1410
2886 3345
1069 2524
4455 2455
3462 797
5450 3943
1361 42
1408 3543
2212 3683
961 5556
4513 3738
4417 4773
5224 4590
4978 3417
1450 3218
4258 80
3961 2247
3971 5121
735 2494
2400 2657
1481 4843
5322 4213
4586 4891
1611 1752
214 2117
3259 5595
662 3024
687 1590
3864 2978
1090 2078
3901 5330
1059 4422
2337 5874
1016 4266
3392 5318
917 5449
4361 1242
3807 578
1634 3873
3568 3168
5260 4894
2735 1269
2405 3382
974 4014
3230 3651
4511 3062
2444 4670
1340 5077
2017 4526
4814 5804
3786 2351
3021 2053
3599 3269
2280 1109
5039 4525
4485 628
5858 5986
4715 2217
3250 5763
5570 5899
1313 626
4042 4401
3316 2053
2159 5252
3405 654
4999 1396
2972 708
2163 2783
1670 4352
1400 3129
643 3656
1078 2457
1497 1984
5793 1694
5313 1029
4030 628
1361 4059
4973 5343
2008 3505
443 5807
4049 4120
4404 4826
1287 88
4485 5501
207 1936
4780 3320
5586 213
1907 4307
5482 4127
2085 3162
4302 5088
330 95
3220 4246
1787 3275
5489 3328
2946 2209
2965 2602
2277 296
4332 2771
1428 2864
5528 3495
1997 693
1234 1300
5699 4028
1675 1932
5232 5263
3050 938
671 3174
94 55
352 3369
1867 4809
5164 632
4158 1399
2282 2088
2327 5905
419 5016
3205 4269
1115 2771
4749 3639
260 2087
5594 3493
2950 4139
4504 666
772 5231
1317 4278
4913 2232
3984 2458
1601 1353
4714 3604
202 3245
581 4126
5682 2371
4774 5435
5731 3230
4909 1573
2122 2948
344 5898
1480 82
472 2920
951 2201
206 2270
4795 5625
4108 4649
1203 683
1681 1747
1354 540
1857 4513
5635 2736
3699 2140
4505 2811
5751 3080
2948 5873
646 5621
3890 1760
3696 2798
1234 353
1227 1567
403 4365
275 4869
329 1393
1499 3506
5322 3636
2090 3330
2543 2320
1728 3555
3829 403
5809 3859
2511 2684
900 5891
1322 3225
2989 178
3972 4941
4597 3910
682 1197
5545 4767
4892 5794
3073 3606
4142 4541
582 5574
1367 5999
1600 2930
4730 1094
5541 5207
2683 2060
3553 4961
4571 196
3283 1500
3778 191
3555 5404
5101 795
5235 5579
584 1456
598 2113
2018 5623
4625 5091
1305 1399
1813 907
1838 1839
1195 1498
1323 1963
2342 5246
1131 2514
1533 3018
1680 652
1702 1810
5069 5489
2932 522
5648 1660
1157 2650
112 3170
588 3177
2982 120
5821 3578
3042 5691
5052 3227
145 4333
549 4485
3746 5831
1670 809
4325 5447
2679 5241
5394 3220
77 5649
2608 2927
4717 5022
356 2051
5259 1799
4417 3259
4767 4570
2462 1977
134 5620
1073 4104
4460 5629
5836 3014
1571 4706
1460 4036
5559 5930
5327 2340
3167 4842
1700 5445
3239 2888
3256 3682
2507 3074
5392 2445
4758 5656
4273 3214
3988 1730
603 594
5813 5104
1519 2006
4844 4795
455 1231
5692 5359
2843 3054
4856 5881
2038 2381
3424 3829
73 5933
3548 161
1999 4171
3042 1096
439 5410
1436 2586
136 4420
1251 3131
929 2729
771 1485
826 1873
824 2063
736 2338
2765 4141
2090 562
3910 1898
1327 4021
2376 5805
5217 3782
110 5363
4069 961
1125 2081
5652 778
673 3342
4751 3471
330 1188
3858 1698
2058 1087
519 4602
387 2890
402 5175
4066 3951
2990 3153
485 2323
1338 1808
4543 3861
1578 5577
2604 916
4910 5399
5964 2676
5323 2268
281 1058
2446 3685
516 1191
3829 431
3821 4021
1824 997
2348 3768
4394 4257
1335 1538
839 432
4140 4278
808 4458
2692 3695
1250 1143
5121 5290
3542 1313
4459 221
628 1730
752 4475
3141 929
3009 275
2896 5257
5746 3013
3147 206
5213 524
3766 163
128 4837
5929 2995
3995 4382
1142 936
1545 861
4303 1316
5922 1833
2351 2794
761 4319
2097 4350
893 4681
1059 1057
529 1597
4739 4262
2623 1882
3390 414
2425 1466
2060 5144
1749 5248
3605 965
5840 3156
2667 3813
988 3218
747 2315
3693 5042
5633 1225
4202 5016
3681 1256
2477 3197
2069 2654
3619 5343
1646 2242
1683 5822
4988 1687
1924 5123
2155 862
374 3671
911 5293
270 2510
702 2223
2885 2294
1897 1212
5646 2470
4046 2168
2370 5305
2308 5237
3205 557
2890 5839
33 5622
5290 3950
5576 3907
2618 2459
5010 1729
5964 3533
5134 3775
3677 2708
4310 1730
4915 4725
5275 853
1404 1722
4247 822
3094 3513
4764 2076
4552 1276
942 5958
3682 2870
3638 5487
3595 2118
786 5307
5723 3294
4271 3280
1618 3152
5464 998
4260 4821
1824 21
1239 3150
698 4302
2596 2092
932 1703
5643 346
4192 4189
2805 3094
5351 4657
3042 5904
4988 2138
766 5590
1197 3016
4321 108
5744 3232
3723 5344
4848 4199
2859 1007
4306 2302
3191 2382
3042 2131
619 3427
1059 4522
3783 1029
4844 4100
3103 3563
256 4694
2602 5561
1883 1302
5638 5022
5773 3742
4467 739
486 899
1251 506
1790 4106
2148 1924
3346 860
1577 2283
1519 1909
5756 1167
3788 1714
4725 1901
4731 5460
3390 1603
85 2937
1564 1232
5643 3214
2292 795
2077 212
3991 4017
3464 1471
2709 5703
220 1079
4179 5328
5067 447
3941 1604
5656 2327
4120 253
4617 5951
681 4206
600 2888
4890 5853
4974 227
239 4490
3716 4808
2160 2662
5130 3059
90 2870
5063 4540
3307 2893
4174 4776
1321 3982
5408 719
638 3895
4107 537
1524 4091
4809 3681
211 3684
4163 531
2393 2069
3553 4448
1755 336
773 5942
1847 5471
5681 5518
5839 1648
3862 299
4237 5023
4642 3088
1198 2617
493 5898
1071 1520
5210 943
5894 2360
3756 3770
4239 1589
1172 372
5207 2661
2569 1788
82 1957
792 4112
3981 4892
5034 1899
1333 3270
841 2565
2288 4818
4431 1023
2824 736
3489 2152
2021 4969
3305 1313
96 4913
1740 2345
3624 2119
3898 600
4683 1538
4632 4014
1871 3511
5243 3100
328 1019
1959 1439
1230 4379
4409 2055
501 5158
3581 2732
1022 1040
949 3003
1672 466
5356 5086
703 1446
2561 2754
7 3467
2199 682
2818 3686
4087 5741
4570 1208
682 1877
3876 1812
1426 944
704 2245
4729 2996
2366 118
89 5736
4443 2549
3563 1928
3777 3461
1858 3561
1915 4521
4248 3682
5153 4313
3691 579
3250 5591
3880 2387
365 1189
4437 330
246 624
3011 1515
2211 4387
1079 5806
4197 3821
5052 5136
3182 35
4518 4399
5596 60
2673 3947
4734 2261
4876 2519
5915 2599
1592 682
1683 5755
4742 4078
1447 71
1767 3035
3558 3699
35 5568
5133 831
4741 3237
1288 876
877 2868
1246 4409
2348 1280
5886 2338
4985 1119
2620 3408
4225 210
3407 3035
3281 5036
5665 830
2958 4016
5245 3506
2694 3538
1636 2800
5383 3620
2028 785
2918 2355
5694 5217
4486 5874
3132 2326
4665 1617
3860 1715
3740 2668
3828 3529
2506 4310
5720 1232
4401 4454
587 2295
5852 579
4484 4438
3351 2311
4107 1449
4754 5668
1018 3363
5717 3008
3229 908
5118 2992
5275 1932
1710 2362
432 444
1637 3873
102 1000
3902 824
5858 17
839 5645
5342 2585
5757 488
4027 2095
3125 5754
2080 4961
2758 455
5390 365
3388 591
5062 2115
1116 4294
3753 2980
2903 4337
4619 4637
1584 1860
3781 4761
3609 601
5699 5198
3560 4461
1213 2709
1916 5905
3516 5000
4363 4554
4599 1326
3746 1828
1651 4691
514 2574
2112 4921
2920 977
3966 1481
222 3953
4170 4561
1780 694
4920 4724
1813 5378
2150 4981
2479 1565
3620 5886
4245 2225
4866 4339
3501 3461
3805 2699
2196 2223
2454 5503
446 1823
4022 3308
3925 1478
1420 2273
2483 2046
3770 1848
5408 2830
251 2284
1919 1089
4682 4158
2776 4111
3795 2697
4667 3501
2319 1550
2995 1156
1616 4550
2621 5770
3351 2469
2994 2225
4911 3146
420 3908
633 4012
2681 813
4346 3307
433 4130
449 2564
5896 3309
22 2192
1617 4955
2325 1432
4207 5061
4373 1382
2149 3010
1914 1813
3203 4291
1489 664
2018 3852
1306 3172
1250 5015
4552 5312
131 3609
74 4671
4255 4903
4011 709
1172 2269
4619 2947
5629 4851
2490 1812
544 752
1278 1775
2929 4028
18 4609
656 4185
2574 5508
3191 1761
4061 5906
4230 5557
2118 5882
505 4967
141 3733
680 4295
5947 438
4216 1092
3978 1527
3755 203
2483 4206
3277 5207
5485 2221
2433 1162
2600 1871
4468 3911
4999 4231
4019 2273
1124 2675
3441 5276
3784 5055
5126 2380
3117 566
3152 1015
4485 4344
2480 5837
169 4569
1861 2288
2217 2393
469 3622
3754 890
2792 3289
877 5902
3485 1509
469 5545
1844 490
1929 2133
5232 3302
567 4884
5404 3001
1866 198
3260 5754
3702 1071
3407 2751
5268 167
931 1042
3235 4186
4001 3286
5158 2647
177 5888
1709 463
3161 4183
2357 1590
4886 5052
1144 2603
2849 4370
1943 5755
1050 4871
3589 3975
92 1875
3462 1937
5279 2001
133 3422
2686 4316
5590 1350
2181 353
512 735
5599 4123
1278 5625
5099 5910
5396 4437
17 658
2409 5616
2143 2645
5360 3414
5261 1560
1990 1443
3001 1109
879 3655
3482 3152
3059 1332
1978 3859
1069 1361
3115 3612
214 5377
4815 3170
1874 2867
3158 4148
4111 3211
5791 0
1400 2725
3461 5070
1020 4148
3048 3377
693 4340
4767 4126
4028 712
2564 4670
2029 4161
4922 3169
2375 2040
332 867
248 3324
282 5615
592 1809
1602 1773
315 4772
4686 893
339 3786
3814 3399
181 5214
4200 3382
4678 3834
1926 235
5519 3040
2051 3465
2180 5736
3336 5710
3240 4862
2676 4843
5689 2558
1805 646
1559 2957
789 4094
4662 1027
5162 1290
1340 1966
450 4154
3703 272
3313 2086
4383 5556
3930 2868
1255 4975
5184 4607
1126 5826
3440 5845
1575 2622
2356 610
5632 55
5954 4832
5372 5643
4007 5484
613 4855
247 348
1262 2403
408 4370
2819 690
5550 2911
3207 240
3119 2331
5946 1253
2640 1829
1625 1636
1825 3881
3443 3271
3283 3920
172 4374
4462 5329
3239 5527
5847 3247
4435 2509
1769 4160
1074 395
5736 3817
4084 5659
4222 1493
5112 3008
2687 2226
5357 3583
1922 825
1244 4890
5709 4262
364 4212
2683 4384
2176 4540
2228 2556
4345 3827
23 2074
1007 1721
1490 1641
969 5061
5746 314
5286 2665
5404 4420
4658 1644
1569 638
4675 1193
650 5672
1701 1103
2915 4746
2528 4011
5417 3068
4889 3057
2391 2143
3664 2036
2558 3141
1484 530
3456 4263
5833 2921
819 3726
229 3924
4214 490
978 318
3636 5762
445 946
5465 1237
4749 431
4116 816
1412 598
4956 5285
1370 720
2492 4524
4914 4190
3399 4573
2381 3533
1278 1466
4998 68
2278 5416
1136 5826
5871 1893
880 779
1771 2136
5687 3259
3287 4477
131 3802
1608 2110
3306 2427
2311 3287
5245 4815
1833 1017
5245 2941
1587 4875
5449 5747
1634 3186
4420 727
3947 1826
5696 1582
1612 753
789 4821
1025 4907
3967 2797
3335 5242
2981 1121
5612 3118
2484 470
3374 1210
4811 652
1148 616
3473 4117
4590 3929
2842 3627
2662 2090
1007 255
464 1493
1168 5073
4580 3337
63 5618
801 1528
374 4834
4814 2556
1612 3128
5420 3062
5039 4366
5058 3297
3106 1249
3145 3524
808 778
377 5958
4326 2854
3401 4138
195 476
3057 1115
5796 3937
5266 353
2440 445
3423 748
934 2196
3759 4230
3465 903
3118 5984
3288 314
3650 4707
2603 1356
616 4077
606 5359
3297 855
2117 1492
5556 2333
4538 4517
5613 1172
5981 1150
5409 3051
2233 5721
1022 3643
4170 2713
3173 1597
1287 1501
4628 5306
2003 5240
920 5873
4746 620
5471 2980
4304 2206
5384 4656
5145 1048
4303 5931
3379 2215
709 2394
226 2621
5411 4358
4261 738
5511 4610
102 4186
4712 1552
2697 3560
5335 3237
5079 3257
1943 3145
5029 3367
4934 2823
4580 2990
4638 367
4631 1077
81 1662
2761 2350
47 2892
5579 1963
783 4670
234 167
823 146
451 857
2645 1948
3790 1193
2471 3157
270 3189
3078 1031
3641 2500
3162 5938
1200 822
3597 1319
4498 1780
2440 3094
2752 2529
5449 3286
9 4442
2180 3369
2581 2787
460 2373
5280 5522
2662 2375
1248 5618
3967 4713
2499 3564
2611 1079
5470 134
3136 538
3542 354
2240 2828
516 4338
5453 3275
4000 4107
3072 4669
4585 2205
455 617
2344 4870
4587 1177
297 5740
1052 1366
123 4676
1048 454
2930 4904
2254 965
1046 65
4809 1052
2170 2051
4414 708
2940 5017
1265 1865
5258 1629
5462 4557
5300 143
5971 5384
4435 5916
5709 5851
2253 4630
3708 5191
4475 5507
5968 5283
691 2638
2487 5424
2291 1107
2792 3221
2528 1584
2617 3397
4376 1026
4045 152
1943 4175
3921 4695
1160 741
1486 5051
519 5572
926 1513
5830 255
146 5716
3814 494
1763 4664
3843 3369
5252 488
51 3767
5339 2431
1226 4739
673 3942
4900 2310
810 1664
3245 4341
115 5373
5708 2306
3717 5122
3658 2548
5041 3332
3448 1751
4423 4883
4675 5720
4849 3967
4098 2591
5860 1031
4407 4084
751 4695
2851 1786
1169 3315
4771 377
612 5109
5364 3815
2325 2285
2248 4996
753 5785
1071 172
3661 1906
3333 4109
2974 4460
1914 4683
3397 4246
2332 2733
3194 5223
3157 5324
692 5824
5567 5795
2063 4826
5669 1882
1149 3829
1521 4415
1380 5152
5757 2389
1969 1862
3630 4635
5303 329
610 342
1580 1542
66 2306
1072 162
2521 5519
661 2210
2389 2759
4933 5807
956 1474
5280 1254
381 2075
3228 2606
921 5600
2283 2410
519 1907
993 48
3206 3181
1860 1904
2244 1999
4471 4855
2145 1223
3616 1428
1227 686
4686 5081
163 5709
2916 4921
3357 1286
492 5997
788 5214
2071 491
3518 3885
5430 3949
1801 2370
3895 2253
5746 2644
4007 33
3428 1173
5720 1583
796 3794
2188 2182
1180 5487
2323 5069
5134 1604
614 5012
1806 5045
1758 3431
5059 5009
4464 2155
5118 2693
2025 27
2440 669
2720 1410
220 2975
3609 3676
4967 1430
5894 1252
3025 2116
1462 4974
968 5589
5225 5716
976 1583
1994 4226
3650 5033
3665 4171
1447 151
2094 5582
4362 2269
5129 2286
3453 4714
3209 3893
5607 4286
664 725
1986 2899
3885 5450
1821 594
3694 1891
3709 3696
1504 5061
4653 3278
5670 5289
4569 5331
3540 1621
5510 3400
2337 210
2717 273
5184 4356
5897 1379
3287 2192
4174 4878
5626 3063
3361 1638
231 4070
4198 5762
1327 1131
3380 1500
4559 1059
42 2823
3831 2758
3458 694
4984 1036
80 1377
3051 5207
4987 3322
566 5726
1688 896
5083 3348
629 2414
4221 56
4715 3877
3693 3463
