9000
9000
3090 6191
7861 3941
4528 1133
8738 2345
549 8272
7767 3527
980 406
5901 7642
5324 7472
7626 1631
956 7340
6355 5116
3644 8816
6669 1887
85 3584
1716 1733
4621 8195
6606 2432
6009 1480
6133 5743
5024 6205
3950 3899
1952 1626
1915 6282
912 6232
8744 2438
5813 4027
245 2133
7903 1433
6458 3659
4854 7026
1478 8011
8655 6691
1157 1520
1413 1851
7634 6027
1234 3793
3638 2976
6443 3269
1772 5450
2042 974
8109 968
5740 6345
3868 7736
3660 1967
7099 7896
8411 2313
5149 4274
918 5089
1309 8812
4414 123
6864 1352
8636 7353
1270 6543
5200 3398
5495 4700
5960 7702
6531 3584
2955 1705
8975 2493
1397 7786
4933 6078
2327 4434
471 3653
4843 8754
2874 5192
5161 1907
3310 1534
5845 7131
4363 7750
5448 1625
4297 6028
3001 2142
1908 1946
3406 3777
5720 3751
6553 2342
4710 6822
3995 1059
7190 2298
8360 8389
2002 464
2580 8938
5434 6339
2866 3594
8623 4843
617 8544
2156 3288
2102 6009
5164 2036
202 8025
6481 3608
8735 6453
8895 1875
3660 1964
1797 1180
4534 7824
839 8191
5626 2126
1619 1438
7748 1847
2657 1148
7401 4843
7223 4811
5044 8132
2452 8996
6198 2894
3489 4089
261 1654
4849 1214
8251 7849
7971 6954
4551 849
5653 1601
7753 3477
7920 3714
403 4199
2228 8500
3393 3679
4068 3308
4689 3130
7619 3800
4712 2037
923 5203
3184 2098
6226 1135
2208 4595
6043 7073
8043 7032
8458 6857
2673 8011
7481 8615
5445 7902
8347 7512
3531 7025
697 8337
4500 5704
4439 8007
2629 8669
2651 5576
2341 4795
7883 5919
3613 1173
690 997
2947 4788
1645 4353
8730 6538
3947 3234
8424 4730
7243 1041
1003 3155
7087 708
5008 1674
6340 4597
6424 7146
427 5522
77 4153
5526 7383
8190 2360
6863 7532
7905 6687
2688 6819
8805 4474
2020 3483
6202 8720
6629 8923
7134 7244
2406 6531
3815 3922
7846 1323
4895 4481
3237 3950
3600 1261
1811 2317
2427 3618
5715 6619
6509 3568
3609 6069
6056 2987
5542 8206
2439 260
445 5577
3970 3069
7310 8686
3280 2883
8916 8411
8418 5143
7124 1568
8205 1205
5847 8057
6227 2477
5469 6948
6946 1689
5924 8871
28 8739
4859 3080
8887 4811
12 6507
3868 2295
6013 6286
7692 6484
1302 2220
6309 8065
4721 4996
1956 7634
4962 7861
6660 8530
7652 2062
8374 3703
7922 7274
2175 6258
1447 8782
4343 6041
8123 1131
2990 7023
4114 134
2049 5993
4086 1039
6628 2534
2948 8045
3382 3740
5860 779
5151 8180
6055 8058
942 3046
3352 5947
2384 6031
4742 6300
495 82
3055 3136
5183 1248
423 8292
7042 3255
6503 6786
3161 4453
5695 2563
5 294
4437 2082
1393 7563
585 4697
319 6397
1946 4524
6175 5436
2528 8226
8323 1353
280 3971
7968 8195
2118 4160
1128 8923
6651 6744
8677 8493
7254 8662
7752 2990
3221 2537
7894 8510
8066 4093
4436 3300
4805 515
8823 605
6968 5929
8857 923
8602 6674
8833 3667
1984 4639
6351 2153
426 1773
8138 8355
3234 8816
6206 8095
4420 3897
7470 6210
7669 789
8892 684
2034 847
8600 8502
560 2422
2747 4319
5554 4885
7845 4095
1084 6682
7485 1130
1887 3959
7113 746
4602 8575
5138 5324
3411 4996
6678 3606
4012 6218
8642 3661
2137 1170
2742 4390
2915 6506
1738 4021
1080 7020
5201 6222
699 8095
3007 712
6361 1628
4385 329
512 4328
7883 5313
4995 604
2044 791
892 1930
4612 3655
2803 8792
3317 5336
5296 1651
8367 7430
1125 4981
7499 1779
8394 6842
3829 2383
7952 3526
2765 3401
1650 6673
4819 1502
6384 2750
6342 3755
2966 3663
3508 3829
2263 5
8945 6777
5571 7476
7742 578
8564 6441
1963 541
8581 4099
8863 4792
5909 8202
3373 7819
549 4375
2630 8640
7084 4480
7418 5269
4401 7116
2728 3996
7562 6739
7750 7608
5516 7361
1961 8598
7158 4593
824 6695
7684 2035
7124 7347
3064 4811
7652 2697
8340 7997
5649 4591
3894 5688
3776 8877
5276 8678
3007 4382
7716 3463
7180 3180
6042 236
3094 1260
3946 6564
5989 619
1009 7453
237 5891
3884 6417
2351 3768
1201 951
2836 1299
2246 2061
5664 1177
5645 242
649 8805
45 5762
1068 6933
6705 8371
2270 5435
8595 1734
7635 1204
1322 8769
2317 1810
6025 8130
7488 5444
1271 5196
4491 4411
5607 322
1305 7128
758 7592
3445 5211
7763 2359
3807 1883
5825 7545
2016 3099
5185 5309
3481 513
4957 2705
5312 2307
7948 7230
3296 8363
6905 997
4896 3945
5955 1944
1889 1173
8808 2166
5881 5898
8536 8018
2587 2067
4080 6431
4079 5693
4070 8161
6036 5685
3214 6266
795 3155
7137 7119
7753 2273
4059 7690
5015 2817
67 1793
801 6947
2721 2835
4954 8761
8896 5831
911 6171
1082 8901
147 2767
7263 3088
5171 7271
3519 3125
8044 2612
2678 8593
1795 3109
4454 24
4279 4354
5179 7476
5165 5698
3213 8015
8192 4991
1254 1649
1279 2681
4919 871
2583 7608
8822 1929
822 7688
5475 2705
7850 5090
5232 3880
704 1041
5007 5607
4634 481
4263 881
7460 8708
5116 8269
4088 2343
5543 769
6590 5372
6411 8088
6467 6088
6114 2378
4014 6712
6572 7956
2425 4630
1602 4695
188 6896
4058 4239
6609 5245
7694 2430
4399 2838
6896 1348
128 3351
4015 6694
5794 6843
1015 8657
6895 1610
1626 6499
3335 3104
868 1341
3996 8419
2628 6404
7489 8626
4910 7645
2705 5855
1260 5854
1549 2603
6757 3795
6718 8317
5076 2964
8887 7897
6719 7164
819 4950
7503 6823
7849 6297
6434 7710
721 5420
6093 491
7225 5042
52 7232
4626 8964
6780 6063
2767 8612
7168 3284
2478 5950
8662 8605
7270 8028
7273 2065
1448 7944
8406 6383
7508 3559
5341 2715
2955 1980
5033 1391
4775 4315
421 1911
2225 8900
4937 6076
3737 3581
2270 3814
5532 7374
5629 4186
1229 4977
1975 1239
4029 3252
6784 7704
5502 338
7931 8735
5368 1743
8107 4884
7673 6724
6290 7711
2193 6696
488 4678
1747 3412
2865 8373
1539 8877
5396 5636
6581 5987
2629 3199
8898 3941
4115 2554
473 2922
8532 2700
3762 4129
7769 1122
6013 1757
3445 7106
2861 1347
1962 1915
7670 2763
6170 6437
2327 473
3898 7471
6139 1362
8259 5387
4164 1413
406 4867
7598 3973
4605 4221
1090 5977
7446 2350
7880 2459
4496 6263
1950 5201
4949 5061
833 8369
4738 3620
7455 6777
2907 4357
4982 3247
1134 5227
6636 5892
1215 7866
8301 1974
5793 1309
6836 18
4256 5280
4353 4154
4557 1417
5686 53
8593 164
3865 637
8441 1479
5609 1252
4434 2852
2145 5313
2693 616
8629 3815
268 4402
3567 1071
7044 8817
7051 1130
5822 3
372 7894
478 3182
6321 7361
7257 6671
8122 8378
8306 4030
8766 137
8186 3669
3274 2085
4500 3045
2563 7603
318 2804
7094 4765
923 3836
4599 3625
4197 4946
8517 7949
8784 5396
2295 1088
5892 6151
5853 5891
1145 5869
2244 2441
1073 7090
169 2512
7928 462
7603 4662
4946 4635
5899 8311
6398 2190
2063 3751
5130 3848
6403 8303
6611 1388
2235 6691
3528 2025
5112 4500
7299 4881
3413 2828
4242 7426
7772 8944
3813 7230
7279 6485
8823 1638
4266 4705
8883 4534
6417 4424
4239 706
8082 4656
1771 4851
5758 5183
7835 584
5562 7459
5258 5861
6073 3442
6077 7654
2281 232
8211 2433
1852 4624
6987 3604
4225 2102
4147 8550
2585 2293
289 7949
750 1253
3317 5557
7663 4567
1476 3600
8040 4656
1619 2004
3777 5542
4151 840
7434 2442
4840 1958
3539 2009
8907 5938
4748 617
1090 4649
1818 7108
316 1078
6469 7870
1353 7190
8132 6921
157 1570
8747 8757
8678 7737
2130 7291
5792 7138
8108 6938
3684 2361
8795 5497
3991 1779
1105 7235
8560 2018
5283 3062
5760 1676
2787 4653
8059 7900
6032 5707
558 8466
6329 3619
1711 1018
4310 4885
1574 4573
4885 8999
8101 177
3320 1463
2075 5311
6401 746
216 1665
3703 3447
8100 7210
4196 7505
1060 3458
4693 4499
4533 908
1958 2653
7970 4497
846 487
5456 6938
371 5686
2116 5994
789 8965
2607 8767
4823 1543
5991 1326
7225 1381
5839 7621
2388 295
5658 242
845 7363
5509 2333
3136 5254
3124 3929
2800 4195
5585 8893
1413 3476
8405 8428
2691 8549
1729 1261
7234 7371
1798 5331
8632 8234
8397 8075
3610 6430
5504 1407
6013 6246
3895 3793
8142 1556
454 2720
1964 7247
8312 1355
917 5285
1625 3801
6815 1951
8775 3966
2916 5675
4748 1455
4338 7220
741 1196
2973 7985
4969 7795
1825 5302
8993 2885
8026 5518
8239 6324
8405 8098
7983 4972
2662 7113
143 2401
78 2140
3387 8332
2576 393
4528 6834
8077 1890
3866 7629
1153 1396
4054 1353
2227 6909
1977 5605
3719 8036
5766 7966
3378 1214
7097 8046
1934 3098
3544 2635
6693 252
6179 2064
2955 7405
1224 2898
5040 3956
8925 1979
3106 5304
5083 5897
7121 6143
6841 4569
2725 7162
6493 2692
780 668
1881 5817
8223 4385
1970 8174
359 4440
417 996
3516 3824
4275 7109
441 4849
126 1079
6852 3309
2874 2845
7906 6633
4536 8136
2783 4073
5890 3057
7560 190
845 7685
2507 670
8321 5827
2777 8915
4305 8636
10 3859
8454 5198
7935 4534
6298 2103
1972 5559
4173 1486
4140 8653
5363 6652
3621 1630
3396 2873
8579 1119
8304 2225
3702 8705
3408 1673
6407 5944
3249 6864
8271 3467
7283 2462
7966 6267
4703 841
8683 6774
5980 4150
403 6739
5110 2808
4275 1868
5617 5901
2539 8853
4589 8707
571 1794
1220 3760
1608 371
6391 6444
5813 2512
1403 1675
2738 2459
8371 2000
4760 3478
4222 2390
4125 6772
7336 5971
1504 6452
8698 8465
4435 4613
1776 2659
5907 417
6131 7426
6122 2346
5926 3838
6224 8392
6549 2316
3749 1903
3853 1916
8943 7234
7091 1568
1604 647
8969 3222
788 3594
186 5383
5326 1420
5028 4708
5813 8378
5056 5773
2824 91
7625 7445
6159 1595
6699 8097
6762 7947
3554 7068
295 8738
2829 6580
3277 5920
8303 6212
2646 1003
4086 3123
1574 1891
7991 7878
1441 4659
3944 4728
1100 7982
4593 1971
2102 8921
1196 4335
6212 677
8008 8679
3319 2887
7689 8363
4703 7822
6859 8572
1108 1690
8122 1686
5075 4095
1999 4534
4786 5151
2573 2054
465 147
7224 8549
4666 7603
3400 3229
160 8495
3915 7041
460 434
8259 2859
97 1767
5097 4721
7846 2449
6990 7724
7423 2382
2792 3420
1518 3859
2795 4029
7286 1735
5740 1037
4337 3589
3603 3357
2917 4253
6040 4799
3821 5111
4647 6024
4563 2794
8238 2939
5343 7854
4594 8708
6213 7621
815 4965
2425 3569
4966 6701
4003 4608
3430 385
5689 945
5828 46
6054 6345
7153 1829
7820 7923
4103 3071
2822 1517
4115 5701
7921 8741
2994 952
6219 8207
5498 6530
8881 5419
1396 5419
1612 2545
5734 102
5907 7392
100 7535
17 1183
2904 2126
508 5660
142 6445
7466 4261
6292 5661
4860 5954
4874 4381
171 5571
1747 7309
5342 4696
7433 7327
1369 5585
7419 7667
1461 4959
3824 7825
8246 4161
6148 5323
302 7418
224 8239
996 6862
2248 670
8295 7953
3542 3569
5347 4855
5353 6507
1141 4454
5452 7941
4676 1902
2603 8534
6152 8431
2503 4056
5794 4715
2146 7709
3039 2081
4383 6079
3562 1470
2785 7615
7052 5115
4602 8440
2841 4608
5590 870
3166 6576
6363 1265
7414 3333
2413 3977
1765 6659
8170 3328
2235 8328
4281 3919
1364 4683
5849 4147
7086 4380
4015 1156
1823 6563
4285 3580
5388 6035
2931 3274
56 5031
7200 7568
8566 3266
7706 6350
4182 5379
7042 1919
3732 6892
7955 7662
7741 89
5109 6663
634 6017
1010 7980
5833 6913
4434 8813
7734 7259
5383 2692
3971 1156
800 4919
5221 7953
3870 5514
5628 4302
8554 3673
2382 7466
6782 2009
4828 7020
7154 8502
5064 2197
80 3057
6436 2467
8383 901
921 4816
3011 39
5612 3639
1572 7960
7741 8815
1083 3667
4009 4188
5668 7519
4416 2939
4532 5620
1660 3887
7480 1486
3229 6658
7132 8468
4376 7113
3470 7554
4776 956
8381 5687
7678 3741
1806 6992
7081 7333
7635 4712
5247 6705
272 6058
7392 1419
6771 1437
107 1046
8014 2764
6202 706
6 667
3511 481
6298 5859
7602 4163
2436 1098
1153 6963
6490 7348
3718 8716
1641 4557
3237 7847
3146 2957
4516 7039
1859 5396
5386 152
953 7998
7011 7503
3768 3283
107 3850
5171 3932
5522 5889
7578 3916
5505 1448
2762 6821
6110 5804
3749 2465
3543 6695
8871 1448
8151 4238
7197 5751
8006 7579
1564 7729
4183 649
242 4561
7333 5025
3939 731
376 77
6202 2528
7830 979
1299 6452
5962 3611
8594 1973
8384 6745
6107 3209
201 7874
6645 1915
5172 5662
5051 8852
882 8816
4138 4150
739 6127
311 8616
32 6431
1827 6178
3813 7788
1818 856
7973 5514
7983 3438
8011 6538
3032 8916
8379 4883
8468 6284
6051 6680
190 30
7171 6595
303 3231
5213 3938
8335 4833
8391 5260
2635 526
6962 8079
4444 5134
1066 738
886 7854
1832 6543
8226 2196
1730 1595
1640 7424
8717 8546
3282 8506
6586 6340
3253 7367
4674 373
4299 7940
5134 3485
7649 292
2080 1003
6202 3676
8326 5779
6405 7051
4468 8277
7920 359
4817 3955
3857 1780
5761 1237
1745 7501
8297 4186
5310 1794
669 5543
2348 2289
546 185
8397 6739
8930 6251
3152 857
3744 7106
282 695
4258 7001
2560 7972
7930 7710
5536 5495
521 5930
565 4420
7486 7591
2449 1301
8255 2370
438 8448
8830 6243
5645 5459
2923 1579
8617 458
1594 4208
5350 6961
8079 3196
8165 1427
7042 7964
6500 3933
6415 3222
3284 5298
4407 8016
4164 4513
6707 7952
5382 7995
5684 3104
1038 2939
1054 9
7116 3391
6070 5006
602 2368
4756 3057
468 5469
142 7551
2646 5986
1039 7581
4217 3995
4019 3869
111 8874
5281 4593
8186 5251
5911 5097
2160 5888
2771 8922
7 6078
6605 5246
8022 1733
3190 2859
278 2804
8311 6107
836 917
6913 7017
7307 8244
5029 6361
2977 7442
5689 341
4534 2343
785 4942
3801 5120
7392 4173
7072 6322
2506 2620
4558 3620
3962 2265
7021 6695
6116 3066
96 651
6716 8505
2556 5498
5963 7372
8304 7622
5220 2074
8717 785
4729 2658
6366 7007
8617 2462
5096 6549
150 8708
4363 7361
6871 2939
2013 573
6056 3809
2862 994
2400 804
1909 3321
6666 995
3659 3371
4395 116
5982 6236
6500 4800
7486 3934
1796 7629
4971 1685
3658 4913
6064 1149
1653 5503
3451 6398
6239 5511
1780 1369
46 7597
2043 6163
6474 6638
4404 4801
1030 1484
789 5772
2749 6271
7244 4476
2164 6592
1835 4796
7738 2319
7482 5586
6142 4926
4747 3018
3956 3507
891 1916
1592 1270
1726 6019
8128 4889
2477 8722
1089 1835
4349 4869
4290 3506
7016 4061
3061 5048
12 6820
5603 524
697 1267
4979 7164
7283 698
7831 1347
6581 1728
1589 6812
52 3954
6582 4268
8626 580
4337 7715
8014 2068
3637 4195
8465 6476
7374 4689
7005 8407
7750 2333
1566 8828
6076 2603
5551 8902
2317 2055
7569 3627
4828 7290
8319 3144
6917 4264
4946 5135
1723 6336
4385 2580
119 1169
5817 6174
7576 7107
6506 354
6743 4369
805 4918
2374 6357
8309 3086
8850 8733
4390 5041
554 5618
8616 2679
3984 536
177 8335
4196 6949
359 7856
5711 5802
4129 6094
5384 2370
6590 8005
2631 7655
7848 2774
6966 1288
3270 657
1606 8348
1910 3650
2357 7425
1303 4681
1496 5861
5665 2387
851 3413
5698 5409
4528 1784
2649 6581
994 6104
4836 8512
4507 3000
6325 8867
522 7011
5886 984
7780 6538
4207 3357
3208 957
6804 3362
3106 8645
4313 3772
3460 1201
5171 8645
5704 5538
7303 4949
282 248
964 7097
3790 1455
7526 5343
7889 323
8371 4678
44 7741
8527 8952
8895 4077
3360 3281
8899 8600
5168 1164
8909 6568
346 835
869 8403
3846 6489
4552 8833
2856 2050
3026 4608
7221 3507
809 2089
8425 8194
2693 7300
8850 8950
6879 4307
6522 1641
7746 2812
4760 6921
3481 8923
1708 1952
105 5905
5659 2297
7882 5568
1587 2396
4775 2279
1237 8339
5212 6959
8447 8165
8305 306
7171 7674
8006 3900
1878 867
4621 2033
4714 3077
8508 3745
3839 8635
7358 3951
5925 3182
8812 5228
8371 6511
6294 5227
8739 6145
5443 6091
4030 5659
6353 5951
6191 8005
3602 6330
8170 6305
1967 8505
4368 2040
1296 1502
8991 5571
4229 2803
3316 4412
356 7420
8504 7902
4553 390
7120 360
8912 6819
4349 938
3838 7596
7038 1016
7508 35
6170 5294
5898 5020
3665 6262
3433 4091
539 2592
7011 5633
3201 8189
6759 1973
760 6319
4239 8031
3443 59
2614 5519
1682 8647
4945 1398
3462 8592
5656 116
64 3444
3910 6270
4486 1020
4852 7902
713 239
5019 7505
4278 7260
1581 1867
8960 4789
4222 2724
3253 8713
6156 8568
6492 3579
2765 4608
6451 1329
3283 5578
8592 6464
91 339
3936 3191
6095 4623
1986 1838
4663 8585
8744 8682
249 6389
7434 8842
6920 528
3317 612
358 7070
2679 5208
2001 7622
2530 4145
4990 3325
6130 8800
6123 1394
3108 5687
843 6920
5391 7678
3438 3173
8982 1152
7462 8180
1847 3222
8714 2871
7005 3068
6121 5610
8351 6243
171 2064
6404 5056
8491 3621
4963 4641
1921 1255
2275 8802
8114 6134
5126 7329
3773 3158
961 8807
5062 6612
6802 4687
1887 3731
4213 8172
8844 2926
5338 3042
7183 6828
7491 5472
4977 3091
5236 2772
3076 5988
5531 5119
3742 1059
4571 7208
2252 5211
7392 6291
4896 8790
6697 5326
8041 5501
4515 4259
4665 8519
1847 1514
917 6240
8146 6162
2149 8608
2625 8109
8211 3118
8941 6981
5737 3718
3107 8962
4366 623
7013 4269
1868 3747
2746 354
172 1091
980 8917
8736 7068
7319 5881
4429 3689
5292 547
6925 151
8112 6547
95 5970
3145 1972
3088 8335
260 7095
5745 3820
5217 1975
2773 8437
8082 7285
2870 5313
2256 7963
8135 5617
3955 3273
6493 6000
4194 5506
5747 1980
6124 8376
4565 5031
840 5120
4059 8475
6820 2065
3580 2356
2264 4901
7199 8230
3704 5279
7635 4571
2037 7182
7356 1867
4402 4463
7895 2241
1007 1779
3581 2341
1231 6093
7416 5104
5448 134
5029 5678
7813 7622
5619 2713
8807 7608
2663 7142
852 6342
3505 1550
8193 8052
1462 2994
2759 2300
1677 7439
2918 8197
7048 7326
7386 3941
8155 511
2663 5874
8204 866
7234 7188
8144 381
8187 3392
5463 3576
6411 838
4168 3816
5367 5635
2233 7901
606 4773
1864 3597
639 701
1599 4492
4746 6625
4886 1937
5242 8226
4686 2940
3403 6379
639 5395
5084 2852
7134 1319
4221 4409
8279 8326
4376 3152
848 7221
3220 3457
4845 8348
691 4482
163 4170
4672 6402
2443 6046
2099 3041
4647 6809
5751 4366
2933 8549
432 7893
504 3015
2597 1118
3236 6179
8361 3029
8220 5693
4566 1828
8707 3685
8862 1325
6600 5199
8793 2098
3958 8128
1944 8703
2775 4507
1146 6182
4340 4678
5350 7718
2241 6092
2434 715
358 5081
3639 1907
2473 3224
470 8723
6885 8269
7958 1110
966 2437
1154 694
6638 5261
5841 7361
1106 5338
5216 8523
8867 2394
5396 4816
1420 6796
5295 131
1140 3353
1693 2913
7606 3418
2133 1956
3967 1577
7209 775
6937 7309
8291 4929
2849 6200
5032 2362
6316 1476
5639 835
1554 8586
3219 561
3227 2267
8748 6466
267 8624
89 3
1011 5195
4091 5841
5656 6491
8946 4470
6793 5760
3607 5860
2628 3169
5842 2657
3063 8444
1378 2169
7206 4214
1663 2384
1142 4239
1822 5691
2716 8402
4027 7462
611 1541
4558 722
6054 3541
7969 8357
312 3441
3804 1167
1935 572
1294 6215
3923 4261
1968 4354
2263 61
4923 5734
5018 4871
3863 2901
1268 7845
5109 2579
7767 1937
1243 7
4962 980
4432 8413
8206 8340
5962 2850
5663 919
7586 828
4977 1199
2099 7497
2781 1110
4799 7580
6939 1443
1700 638
2433 7916
2638 648
2637 3951
5780 8856
3739 235
5472 7878
5607 6664
5126 7511
4919 7539
2116 399
1720 4223
374 4627
7284 5172
8299 527
8137 3912
7757 4444
6206 7997
7989 486
7798 5396
5183 2751
699 1386
7533 3263
3317 8545
5263 4102
7744 4931
7341 2521
5027 2472
2568 2140
8229 3196
3171 365
5517 3490
8202 4655
5666 5798
8763 7948
105 4282
3517 8469
6865 5146
6609 4260
6293 8130
4242 7561
6691 4542
5233 8474
2799 4890
6959 6421
5302 8454
3036 3005
1014 8658
4989 1942
310 2862
3946 2759
886 2929
6606 7963
4436 7724
7458 3569
4144 727
6883 8251
4832 3883
3471 7224
4257 8933
8434 3390
3094 5134
2177 6200
103 6741
1458 7407
6094 2291
3883 1728
2875 679
4489 413
6684 1323
334 473
4402 289
3542 1626
4676 1437
2259 5469
4677 5698
8722 4355
2025 6501
2148 2750
4031 6526
746 7812
8573 4717
6266 5449
1697 6577
8724 3141
6377 2995
6660 464
2035 970
4217 7288
7898 4419
3799 6364
7808 357
4615 6929
4998 8841
6451 7519
3100 6349
3288 1366
1911 3660
8550 1636
3086 8568
6873 6356
682 6939
1760 3303
1715 6288
2976 5824
7899 8471
3152 867
8442 6059
5640 4024
8552 2015
71 3107
6350 3626
2104 8727
463 5490
4075 656
6590 6180
6457 199
4353 6540
5080 3587
1929 1202
8852 3724
8009 7939
242 7481
4473 5991
8338 4846
2350 4872
385 1953
2522 1986
6729 4161
721 4197
7379 3206
424 4847
4425 8614
5177 3739
646 569
6345 7468
7270 3464
6897 2092
4250 6023
1484 7531
4983 5920
3020 3042
8673 8174
4582 2837
3239 6840
1353 6289
1430 4577
2662 7815
5005 2047
417 1347
733 3025
8623 3559
4039 4133
325 4763
6320 5147
8462 8805
6607 7570
6705 6910
3563 5567
3341 7654
5849 3087
5523 5406
836 3849
7863 5511
3494 1288
5859 5860
7787 3064
8407 8498
8508 5674
7506 689
1281 1885
4107 5619
141 5995
1215 5882
7576 6067
3146 2373
2758 8027
580 2271
4697 7666
1806 7256
5442 5574
1547 207
4646 1457
1156 1081
401 3809
8420 1486
4815 5383
4504 4947
5526 217
3573 4521
4792 8288
1826 1132
1394 3729
128 434
4089 3790
5671 6327
4785 1807
8914 7979
7542 243
1819 2094
3977 6892
1136 2731
8387 5956
962 2816
7935 5829
452 7633
535 7685
8164 7014
7172 7425
6995 6841
8507 65
3233 6241
3546 2382
6856 2449
8864 1654
4634 1451
1864 2446
3299 6090
4249 3664
7697 3846
7865 5129
2442 4806
4728 6758
8040 6632
5745 7971
5119 729
4044 4280
940 7881
3651 410
3608 8274
3222 411
8581 3457
1586 6839
1026 4678
4772 7565
7766 557
5525 4854
4768 56
4322 5424
2759 5489
5954 6232
3540 1060
5563 8184
4239 8044
2918 7374
2408 6290
7981 3899
6447 2181
2165 4087
2943 915
2018 2285
3239 7516
5408 5507
8395 8807
1016 5809
2249 7800
1339 6886
6119 1450
4961 6957
516 5253
6056 7946
4963 4265
7482 880
3420 425
8859 8480
4805 8932
6097 4771
4152 8637
8632 225
4541 5694
7353 4203
5954 5667
914 1186
1182 1824
5394 4618
3175 7885
8998 4327
400 7097
1727 1589
7542 55
3860 5762
443 7288
1447 36
3753 20
8414 8878
6584 3054
2411 7436
4893 5511
5236 6656
3210 3819
17 652
8789 1417
8584 2207
6560 4274
7425 1757
7305 4225
4277 1407
7769 136
5436 8351
7696 4597
3419 8575
6270 8451
2263 6467
1531 5394
396 7225
3707 7771
8011 4912
4747 8161
607 8055
2361 7064
5189 3465
775 6943
8784 3942
6136 5632
4402 8271
2923 203
8874 3724
5735 1442
433 6221
2080 3774
4153 4256
7569 3175
553 1955
3791 181
7949 4215
299 3627
6996 3058
6003 6813
8861 7839
5399 8440
6284 6350
7285 5506
8146 2683
3816 3393
5619 357
1863 6765
325 867
4770 5367
8863 6342
3541 6584
4601 6324
1937 6510
7665 6046
8347 3332
2790 2561
7470 4845
2988 8958
5128 5057
5879 7966
1613 702
735 8516
2163 1815
577 328
2566 99
4380 7022
1608 3454
5867 176
6039 5879
2505 1964
3773 3548
686 544
7840 6441
6839 5181
6508 1730
2841 6519
7618 2516
656 1209
567 3167
4505 8689
5525 6462
565 4679
8638 312
4702 8854
5784 3190
2308 4357
7149 1137
7973 6146
3147 5284
4240 8394
3054 5083
1851 1988
1198 6549
5600 1962
8150 3487
3196 4400
3350 3081
7147 3529
1525 491
4262 1920
7939 796
4866 6036
7468 8264
7882 8432
156 5930
7010 1558
5 2108
3439 2951
3466 7836
4896 3186
4746 8713
4846 3743
6778 2952
8120 1890
6749 2406
1885 5299
2070 5036
5355 2274
5167 1467
6039 440
5138 115
6345 3710
6628 2474
4143 1919
2290 913
5618 4578
6512 6329
1866 7553
6497 5409
8371 3442
2473 3921
7139 4019
1682 8546
5368 6116
8227 7740
536 8659
6762 2309
5652 4992
1898 3895
5235 5897
6477 1873
1084 5863
8874 6964
5075 3580
7714 2991
2589 726
2096 1683
2370 4725
2507 8838
6769 6485
7793 8155
7037 4905
4780 3608
4997 1381
8163 5428
588 7063
4663 3660
6426 5776
136 3374
4560 7035
1342 7874
6839 6650
2288 124
446 7379
5680 2657
1686 1671
2747 8985
5107 3573
3576 8702
3277 2496
4470 1654
3179 4874
161 1366
6326 7296
5409 2940
6169 8603
2167 7461
509 5670
479 1272
2209 3046
1870 1566
7796 6774
2864 5565
1087 8353
651 7016
5845 8725
2360 7294
6154 6047
5936 2793
2180 6145
2325 5173
5150 2359
119 6368
4042 6593
7156 6543
3740 971
4511 924
3127 4906
450 157
8005 4473
2229 8654
4922 6765
8223 7487
3396 5984
6883 1351
261 2861
1330 7842
8685 6495
2788 2587
3861 4222
1959 4670
6255 3306
655 4586
8992 5838
1105 7948
184 6992
2836 4918
6869 4722
2647 5929
7856 1467
1464 7843
7845 8190
2712 6577
8144 7416
3016 3132
6739 1411
4293 8193
2569 5075
1468 8465
8097 5699
2942 8016
1045 5407
2671 1195
2999 3164
4720 3051
2769 4816
2703 1577
4939 2627
8198 7197
2384 8505
5625 5432
1324 8886
6605 4899
4010 384
5569 8114
4932 5032
5537 1748
7879 8554
4380 1971
6289 2786
7933 518
7233 3950
251 7045
3417 2703
7703 5745
2932 3801
6954 6835
8961 8107
7890 6636
3556 7934
6737 2089
2452 5421
1236 7038
6949 6605
4539 4451
3099 2166
7690 347
1294 3598
5716 111
4958 2839
3381 7113
7490 298
4225 7841
4022 2159
8605 1899
4166 2741
8521 3219
4609 5839
7944 4481
5480 4450
6911 5016
7062 1952
8757 7249
8217 1090
7176 7232
4953 8574
491 6059
2554 483
7597 8583
8745 899
7639 2603
5560 7397
6405 8856
4331 5937
5942 8520
7748 2463
3691 3496
5291 1355
6645 8705
6275 8428
7556 4752
4108 672
3861 6323
2719 3574
8231 3290
770 7355
1140 1610
3608 3689
5932 7942
6972 4588
958 6907
2525 6943
1494 5776
5384 7494
6955 223
3811 6251
6660 1209
1621 8336
82 3299
3321 3082
3274 3178
3383 7136
2984 8940
613 159
8337 6986
6512 3727
1460 7933
6206 3887
7976 2505
7297 4644
7529 4031
8914 6614
1057 6958
2653 3230
7123 6942
139 2153
7979 3425
4814 823
520 7172
4618 2340
3615 8083
1435 5762
4327 1127
6954 1216
8982 3741
7167 941
5464 4727
6534 8679
4137 3607
5600 8758
3310 7950
8275 5794
2305 3460
3816 5099
3535 2285
5451 3474
3021 3308
4871 1195
2967 2227
5186 5258
7105 6023
8716 5565
4470 7838
3504 2733
8906 5476
2387 5
4648 2817
4255 7612
6199 8855
8921 5139
3140 2016
4022 4281
813 2576
4641 5616
5938 3792
206 6614
5606 1460
5202 759
7353 4668
5892 5698
4174 3922
6408 3276
1098 6755
2600 1455
1175 8667
8102 6201
7812 2080
3807 5471
3064 7139
8299 6222
7292 144
47 4343
4787 7482
36 5546
7394 1884
2855 1872
7575 2536
3658 3171
8247 4533
5085 7664
342 4318
8693 4410
6088 3876
3472 7132
7138 4305
7524 1843
6863 6907
2951 5892
127 1893
2289 2281
5575 2824
5058 8740
3671 3503
6065 6256
7508 4790
5154 2652
3804 8353
6771 6615
2140 297
8664 7645
1288 474
83 7073
5880 806
3063 5974
8162 4896
2537 579
8869 5239
1596 4662
2888 1598
2089 6228
1313 8157
1534 7077
2927 8978
6161 3962
2824 3788
5831 6338
4817 7294
2754 6494
3588 7765
7110 1829
4190 4264
2472 6354
7077 5329
186 5061
297 8555
8396 3190
2408 7085
1640 7048
4051 5056
3826 1085
3886 3972
3345 4709
1144 4777
5881 6679
1564 7863
4720 6522
4172 4525
730 4329
2088 2646
7060 7903
6044 3289
6068 7465
882 27
3823 4434
8323 1331
8588 36
4048 8317
4955 4680
6210 2323
1925 8782
5590 250
423 512
1509 4846
4638 5453
7547 1780
1808 2794
905 6240
3206 6158
4145 8691
6379 306
752 422
5649 7048
2043 5872
3629 3762
2521 5625
2485 7462
8794 2475
3301 1883
1028 1520
7691 2978
7106 6087
1965 892
1638 8635
5542 2110
5926 267
4241 6520
413 2070
8498 2656
6985 3925
359 7623
2248 1047
73 113
2420 2628
6852 5003
873 6777
3073 5657
7141 8293
8494 578
6030 648
6567 2845
4136 1165
3263 3324
8930 7893
2131 212
3070 6803
7234 8012
1770 3078
3104 7134
4758 3662
7263 2852
7047 1962
314 3589
5563 1853
3777 8049
307 7154
4756 4214
8190 2315
6990 3154
6661 8742
8476 742
4827 131
2436 8124
3653 5145
6191 1229
2503 2478
1300 4332
486 7903
213 3174
8047 7063
8028 3448
7770 8387
6595 4857
8567 4861
8065 8806
7251 3496
3331 4456
3939 3488
2677 5345
5737 1887
2564 7919
2922 5886
1459 4750
5856 8013
5904 6424
4354 7153
1098 6860
6059 7089
4399 3049
6534 7905
3923 4056
5290 8004
8765 8588
4554 4215
8752 7680
4898 3503
8189 6585
5066 134
1817 5591
7534 3581
1585 8489
4879 6042
515 3651
4648 8445
8900 2729
5794 3003
705 4090
3748 193
7728 6139
5255 1246
2367 4230
5369 8337
5695 2126
5354 6072
919 7139
7977 8517
869 1257
1049 8005
2189 3772
3611 8540
1851 5346
709 6443
4241 4845
3312 8065
5866 1803
6090 5234
4429 8915
3632 6709
5605 5067
1108 7898
2290 4846
1133 8974
6023 5686
3448 1730
1865 8740
8285 1984
8115 77
4275 1266
3289 1344
5330 1772
1263 8594
378 3525
7230 2435
1 7089
8637 2991
1441 2241
7512 154
5694 2953
8567 2957
7345 3733
5705 1405
1027 6911
8089 2242
7841 7154
870 4445
8834 1536
7766 8955
6583 1332
8838 2641
530 70
201 6408
5144 4192
8475 4348
4890 7689
3841 4564
4104 7568
1231 4917
8101 4364
1140 8097
1331 4420
3185 7483
4593 6938
1299 7786
6445 392
1790 3520
4121 7834
1247 7824
340 6449
1606 5657
2733 6339
7218 8860
5016 1622
89 960
3655 6701
3994 4586
5753 247
6037 6263
6153 4886
8078 6792
2223 8173
7597 2348
3160 2071
5985 8258
5734 1555
5754 152
8701 8672
6222 2906
194 2688
1084 7668
4972 1775
183 1573
7594 6024
2989 7998
4133 7190
8190 4934
8602 2000
459 5764
6967 8131
7820 8010
524 2445
4184 2063
1423 1052
2838 8137
2943 739
5390 3048
1872 8130
310 7554
3045 3702
1783 8597
6083 453
2367 4037
4706 5915
4499 3383
4158 3160
7512 4704
8313 1576
4579 296
2626 3429
8291 5326
6662 601
6826 3950
4668 2949
3590 3232
2011 4299
4599 6266
8207 8155
418 5473
1618 7888
6981 3318
7036 1464
8998 4674
2670 5291
1078 1169
8984 4120
1411 1912
5491 4043
5718 6221
1790 873
145 2064
5060 1838
2146 2678
205 7502
5821 7003
4357 7217
5470 3518
971 2858
6392 3398
8859 5040
3717 4017
6938 1083
8659 5168
7090 2674
1304 7945
1231 8439
4404 2386
7042 8436
1827 1703
2690 8471
1901 1471
7700 198
8745 6485
7054 1236
5145 8615
6782 5979
6269 270
2575 7001
8508 4529
5604 2485
2538 7177
87 7368
7039 133
6295 317
8009 1964
3594 8978
7289 1057
2358 6026
2211 3229
6423 4661
3544 8542
969 2497
40 1087
6495 8638
7240 6468
1090 6114
5585 1994
8664 5270
2537 1145
1357 3751
488 2187
5390 771
4429 5030
4999 1947
2580 4563
6513 8131
1452 3055
7029 8429
6556 8606
8911 3488
1059 7505
3447 8043
8416 7717
8219 3058
782 2496
4653 1559
7930 2446
5668 749
5013 7510
224 1686
826 5744
8098 767
4034 1150
7078 7488
1884 8054
1275 5089
3996 1873
7508 976
2356 8892
5463 8368
6583 3527
3219 94
1196 8616
4120 6949
3976 7307
4545 4067
1622 8559
1903 4461
2176 1219
7200 5259
1573 187
322 4804
3828 5679
2924 253
7891 3595
4647 8323
6996 3697
3941 7164
2092 8315
3001 4896
2869 6104
4437 8463
5704 6603
3504 181
8716 1779
5752 3754
786 8009
4050 5331
6197 1183
7404 5972
6920 6965
6927 8258
8335 1060
8681 280
4675 2388
7458 6749
8171 6033
8244 8974
783 4695
5007 2138
8128 4879
932 8627
6748 931
6730 775
3376 1812
4489 8094
6337 5783
5633 696
4742 2084
8328 8602
7188 5559
1106 832
8679 2749
1074 4607
8584 5463
2802 6130
2078 3205
7477 4542
7829 7842
2242 5049
5789 445
6936 7197
5300 2571
2044 4475
1725 3698
4437 4767
4074 1211
284 2853
3681 8945
8755 2317
7402 2082
47 3011
2743 7919
3845 6255
1843 4865
4589 5203
3022 4115
7046 2465
4461 8616
990 4851
1605 2985
3764 5778
1127 8322
6986 2652
8166 5960
4465 2271
2915 818
4363 3970
1259 2054
2277 8106
3886 6293
2225 5081
281 7139
539 1745
8144 4037
1863 6214
8965 4036
1895 8090
7581 4110
1266 1922
2015 5353
3396 6487
6181 2633
3794 2598
7476 3499
1704 6599
5435 8483
2910 2941
1584 2597
4090 2170
8632 621
5864 5581
16 1116
4498 3697
686 4688
8407 6425
3255 1148
569 8945
864 8295
1693 7610
6327 459
4593 7927
6038 6187
8111 5691
2876 2823
2508 3279
7911 6298
2393 2953
8617 6451
1197 4582
1300 4231
4219 3181
5101 465
823 8823
6179 3756
1343 3137
4168 1108
614 8155
899 4489
2457 4251
8221 4720
7371 6440
883 6255
2161 2819
855 2971
6609 2490
6509 8981
8076 6674
8918 3377
2209 1586
7503 1935
2565 8919
2766 2322
1221 5434
6160 6339
8803 430
4322 7589
5910 2340
5419 1599
7190 3334
7655 8583
5127 710
8205 6221
6531 5772
7174 5679
3182 798
8715 2936
2745 7782
6869 4533
5418 2211
7064 2070
5738 4347
7307 7861
7298 4057
687 4901
7009 1254
2111 3609
3231 5128
6234 2307
4068 8042
5550 8650
4218 5231
8646 3868
5673 7054
985 6373
4200 5739
5750 6452
1252 2663
1234 5460
7949 8781
592 8475
3795 8785
392 1233
4662 1462
6506 7633
743 4364
2031 6096
832 7692
4784 8881
3286 233
3013 3236
6221 7761
6429 5928
3688 2038
2911 4897
8808 8920
3354 7919
3021 4379
3436 8479
5955 5557
7315 4617
1190 1644
2887 5228
6178 130
3985 5412
8249 737
4619 2086
852 178
4311 5751
168 8319
5287 6448
8834 5412
1672 8788
4874 8743
8596 2079
1187 485
4347 7825
729 6838
2366 5933
3147 6030
3392 2198
280 5745
6515 8542
5650 7294
5735 1651
3416 321
7587 5627
2308 2143
93 1241
5244 2895
85 8546
4882 3840
7614 8861
3737 1497
713 4223
8448 2593
4215 4560
4543 4434
4731 8269
4836 8151
2519 1750
8177 1143
621 223
4904 637
1039 5342
6994 7535
8094 3321
1651 1394
5820 1554
4050 2711
6047 4978
771 4944
3590 5914
2826 3611
5889 8637
8247 808
1265 253
5773 2244
3545 2063
1288 2421
4310 7951
400 3587
3329 662
7138 1865
2205 6050
5455 7451
6088 3948
3596 104
4731 7092
7320 4796
3773 633
4416 6682
5875 81
8009 4977
1638 2463
6177 47
4012 4570
1698 6531
6122 96
7301 4828
3574 4741
6507 7139
1867 230
3383 2481
1473 3269
8507 3610
1109 6581
1175 1461
6852 8973
7824 6749
2833 7387
3117 5835
6877 87
1318 5944
6279 8761
5291 7775
2947 2930
7083 5396
2491 8304
75 6251
6362 685
515 2925
6993 2887
2931 7543
6377 2356
929 4912
3460 3374
5111 7602
6662 2459
5632 3563
2009 5721
867 8439
7890 4011
6840 2586
5522 1836
5921 5523
6222 4008
3585 5721
2704 2632
7764 7661
7362 2262
8437 5728
8354 7514
1300 5372
8790 7127
2934 6343
3835 5747
986 3058
2117 1539
8774 5821
4273 6454
1665 1763
1228 3751
5894 876
7625 2778
3389 530
8279 524
7160 387
6408 1422
3324 1955
4444 6320
8373 3947
2209 2411
88 8286
8255 7730
671 7737
956 1922
5960 366
3276 8973
3818 453
4291 1071
3478 583
4460 5918
2371 6998
215 2407
55 3601
6996 830
121 4008
3125 472
1925 3732
4318 4030
717 1238
1216 3534
3381 3042
548 6853
756 5368
4451 5901
5241 8217
450 3274
8504 7831
4654 788
7763 8245
372 1681
4189 2395
2635 1859
656 5379
4294 7943
8135 7373
5594 3245
8469 8062
7412 1817
8459 3181
6083 2198
5547 1562
7285 1367
2677 5418
5678 2342
8977 3329
2856 5266
5185 1408
7625 8007
3583 4166
845 3906
1941 3797
7661 2690
1366 4630
292 2118
6758 1449
480 4474
6330 7164
6007 1636
1113 3328
8729 5083
7109 5632
4679 4074
6258 477
5294 284
1009 4744
5150 6306
8443 8202
4475 8693
1050 7446
4551 6408
4321 1120
2205 1829
6359 5450
3416 6859
2006 1079
4222 2798
3356 827
2874 6732
5749 2432
7092 5797
5866 1950
2880 6266
2573 3714
8057 7845
1238 6562
8197 8483
5818 356
3985 8757
6174 3768
8743 164
1146 7449
4410 1143
3999 8853
6975 5432
1836 1708
3820 8127
2205 2823
1514 3958
3568 787
1661 2644
6613 2922
1257 6533
5121 1027
4935 2453
1223 5063
7956 4605
3087 8760
4384 3251
1351 6373
3414 8077
4921 6817
4813 4526
284 8813
3352 6688
4805 3675
6067 7147
3980 8603
1959 6150
8263 5392
7178 8477
7749 5421
4258 3312
6308 6671
3262 7825
1305 1345
6517 4276
1390 8572
7330 6876
1511 5877
3568 5080
272 3064
427 6575
4544 5588
4674 8241
4167 1915
8350 969
1007 1794
6556 1706
4731 1490
7236 2048
1207 3590
2455 524
3470 1518
2596 2972
6983 973
2140 1532
4879 156
7105 3775
114 5321
7325 169
2623 5380
6945 5193
913 6423
1615 3409
8531 8682
62 1947
6579 3628
6146 1601
4380 4466
1435 8172
5690 6932
7857 1024
1900 4862
7495 5790
1362 1033
5820 2051
4516 3685
5032 4759
400 1328
6158 8514
8567 8243
3611 5282
1579 5591
555 6124
3337 3242
4201 4968
4593 8958
1204 4745
8348 3186
3794 7589
4329 7656
5082 8795
3370 2533
4021 8142
1290 402
2830 3638
8886 5652
4385 8073
8124 4954
7207 2644
690 105
3148 932
3512 7699
7198 3139
6873 8845
2134 3167
5636 8792
470 6347
1752 424
4339 3495
7035 364
5543 175
5652 249
3002 1295
986 6303
3412 4349
6416 5645
8501 5994
7791 290
6920 4248
7403 2475
190 1978
6087 1493
4950 1135
6842 5116
4484 1246
802 8082
4760 6574
1960 2855
6939 8061
6768 4573
8174 1265
2843 895
2828 6631
5231 1391
4681 949
6755 6925
7426 3736
2066 2934
5644 5077
8760 2025
5861 3772
5061 4118
217 2334
6585 1246
6338 5359
6487 4569
3021 3221
4746 3725
495 1380
5004 597
4308 1102
504 8869
4615 4066
224 3006
4957 5669
2078 3636
3088 3239
72 2936
3217 2624
778 3803
1715 2602
4158 2207
2531 1902
5624 1342
8126 992
6491 703
8821 7919
8810 7790
5323 6634
4425 1576
750 7593
7396 7225
390 3559
6998 7224
1755 5568
1772 6182
3265 8521
3114 8001
1978 1734
8209 8746
788 5407
6816 6065
5017 102
3700 1692
8149 3256
6735 120
2719 2491
1261 2962
2375 8931
3446 7194
4484 3326
7073 4680
5840 1158
7795 8502
6644 1965
4834 6084
5345 8349
1894 3854
2020 4309
6824 5211
3091 208
4891 6832
5874 4777
2506 3988
5983 25
4325 166
5323 8997
7634 6910
4371 4824
3465 5354
3189 3467
51 2573
178 806
3206 1094
5121 4154
180 5242
4198 4859
2719 2529
7563 770
6756 8000
8758 8282
5282 946
903 6171
3752 6499
8592 2777
6798 2055
2798 891
6533 2359
7482 1443
6630 8367
6664 7473
6006 5918
1890 7473
4979 8755
451 4684
8635 847
8361 2117
6068 6403
2121 8365
8711 7188
534 3861
3706 2948
3630 1280
6561 7434
5858 2316
5808 3970
7542 6541
1529 1444
2655 5811
1253 7967
5436 182
4845 523
2613 8697
1579 7052
2783 1212
3812 8332
5538 8439
8370 2150
511 1034
6354 2076
2779 4161
2046 5593
2715 2472
3479 1623
39 1124
1998 1874
2068 5303
3914 5177
6713 7143
8791 3555
5751 5569
7691 3539
4299 4675
526 3004
2880 2675
1841 7057
3752 7523
600 7719
8945 2351
6473 7109
3890 7510
6415 5842
762 879
8326 3861
2823 5810
8802 391
4633 7049
5972 4605
2933 7986
7514 6247
4519 4604
4493 8540
6648 8451
6782 1639
7691 8990
7781 1055
2468 1885
6525 739
775 5818
6904 3045
366 4858
1663 5833
1616 2172
6798 2569
3561 3374
4638 3382
4380 6452
8915 4874
1844 630
6552 4337
1717 7285
7934 1619
2227 8785
2961 199
6593 3282
5121 8805
2398 2391
4301 8088
4890 3654
5029 1977
854 4590
2042 5616
2539 846
6952 1630
3969 6805
2188 8145
5942 8666
435 2413
888 486
8098 7126
6368 7811
6533 6271
314 6523
183 6003
2143 7258
6277 5652
8151 8288
699 8233
1948 5065
3825 3058
1977 512
1939 3095
7683 1808
6100 500
955 3205
2289 4969
7900 2497
7039 4643
4878 7343
2112 4317
600 727
7463 3112
4952 8046
6382 6811
5554 6988
2309 3963
8002 6397
6115 2133
8137 8133
1635 7123
5070 7863
4228 5322
3293 1432
6263 6997
1436 6812
2686 5873
4805 7073
1436 8475
3856 8404
1675 1773
1739 5535
4537 4539
5875 7227
2948 5055
7642 3757
6615 3719
88 3770
2446 140
4832 7202
3342 4375
6580 2959
4921 4762
4714 5813
7138 2699
7370 204
8935 5580
1470 6010
4491 1394
7540 1795
8969 3731
3474 2030
6429 6604
27 5717
8202 1345
5930 6461
3251 8815
1185 5203
186 7074
2702 1479
4899 3347
8174 8252
459 5902
4554 4121
7161 6655
6034 3296
4890 2507
7244 6195
593 8430
7742 8508
165 2274
5387 4727
192 4271
1454 2774
3796 7368
8864 6511
7116 496
2817 925
5289 6858
2627 3622
4409 3427
6133 1696
1547 6462
469 8611
6265 6594
591 1487
976 572
5680 5571
7840 8084
2481 3016
6964 3950
5742 10
7326 8145
4205 7832
4210 4533
7154 4151
4767 7121
6800 518
52 4226
3978 5453
5840 8065
4873 2977
6183 6912
8545 1462
4373 266
3492 5632
4029 7585
8204 7492
8139 5835
2796 1416
1525 660
4331 411
8591 6792
6986 369
565 7075
136 6208
5514 8990
4064 320
4045 5050
2505 7143
4360 7593
1149 4188
83 2301
566 6435
2760 5293
1818 6616
8529 7694
8271 5905
5419 5213
5494 2359
8973 2936
562 723
2219 176
1134 2380
3877 7280
6218 4462
3992 5136
2045 1299
2216 6764
3552 3428
7450 5810
1998 5671
3069 4164
3366 5549
4815 2124
5661 99
1155 7921
4015 840
6047 907
2689 697
1579 7324
5166 3581
4786 5355
6646 5033
5520 7948
5178 9
610 8895
2348 2187
8090 564
5757 3271
4239 2557
8437 3974
826 2768
6370 7804
7959 5299
6979 7897
2292 8224
4080 1140
5242 3141
3266 5229
133 6397
7664 7437
494 8305
6068 1512
3258 4939
6352 4682
6804 679
2018 4356
1673 6214
4710 7871
1547 5702
182 1942
4489 7969
428 3873
6734 4257
8684 292
1245 2651
5452 483
3016 740
1776 2976
4821 1665
778 954
6979 8321
8998 3977
4803 345
5453 711
7036 5252
2804 5198
3737 1212
6353 1593
6698 6505
5983 2410
8274 2274
792 7493
6091 7340
6713 1889
1346 4546
4212 7250
7199 8395
55 3950
365 1516
8126 3261
244 6188
1798 8727
7935 7723
7185 3437
540 122
3717 2009
7197 6968
5397 7014
743 3530
4761 1913
6222 475
5344 6018
8314 1187
3609 3702
2146 2566
2398 8835
4321 8180
1680 2038
1252 4267
411 7109
3740 5475
6696 1055
3221 7525
6564 907
2264 55
7570 7297
1006 3349
5501 1470
1276 4532
4046 2454
5495 622
3933 4876
1314 2961
3337 4365
41 1652
8101 919
2824 2519
2954 1759
2871 5444
8714 6892
906 8247
5415 44
8858 7182
5201 7226
2632 3873
8843 4303
206 5333
8589 5998
8090 6999
8717 2193
367 5291
2457 1897
8930 116
7175 7545
2881 7603
8364 1580
1554 8117
7875 8767
8798 4846
5563 1024
5266 8003
2990 5515
429 5100
5002 1269
2479 2127
5061 8575
333 3530
2721 3124
6681 8316
8232 3645
1939 6717
5114 8595
5615 958
5693 1408
8126 8880
2786 3518
9 1923
456 8901
5564 1009
1533 5826
2008 3400
2978 1168
5146 8046
1744 8341
8791 3694
1147 6446
8385 828
1839 7603
4614 725
302 1501
2152 1996
2678 5283
4911 3551
3620 7414
4964 5728
6518 7341
5694 7874
7432 4181
480 2803
6948 7336
3851 650
6055 3713
8689 2461
4445 8626
3541 354
3834 4602
1851 7811
1698 513
4072 2278
4871 1271
4747 5616
4879 5919
3338 2485
3911 3906
6443 989
2877 4403
5591 303
2283 7826
6158 2847
1587 512
8660 7494
7694 291
5375 2634
3044 189
6352 6734
8368 8273
8772 8839
8321 1827
7222 525
2380 8589
7703 8970
3843 7516
7237 7477
1007 6228
4412 370
177 7968
2078 1582
4084 4548
1536 7530
6054 4260
3003 7738
5921 6141
4731 7815
5090 8123
3568 522
7271 3033
7665 265
8085 1299
7856 6907
6049 8772
5047 1302
6224 341
5274 2711
3977 2993
3388 5329
3286 7720
3099 8704
3828 650
8645 8278
7334 7067
2040 2008
7475 6801
6132 466
7779 8003
8914 6674
5146 2376
5856 1871
1528 701
5463 8915
805 6348
5422 428
121 7194
921 1501
6279 5176
8189 2782
7379 2118
3258 4184
3119 1252
5853 339
7805 5028
2113 3753
2503 248
6237 3954
7113 4938
8936 2149
3919 1989
2618 2089
3057 5905
5905 4862
5987 1787
6540 8564
5116 4843
7965 6569
7571 4927
6796 7507
3005 8520
3033 262
3042 4148
4268 5107
1851 2364
2556 516
1404 266
1587 114
7321 1459
6116 2456
4592 4072
6142 1809
5444 2963
4132 3815
5518 5522
8138 4791
7847 3665
6709 6068
7238 3337
5361 1389
3498 743
5559 7636
4443 5667
8217 5600
3819 7434
2218 4163
8582 3183
4912 4579
3350 3072
3713 1683
7114 7233
3923 6992
3225 4770
7666 897
8642 5633
6565 5616
3648 4523
2200 8687
6189 1166
4089 4444
5819 1983
97 2258
8560 4325
6883 5023
4793 8685
7174 3474
778 8576
5348 1359
5139 504
5406 7762
4812 4554
754 4650
4504 3957
2757 2670
4573 2286
8891 8640
2939 678
879 1234
6424 8779
4994 1161
4157 881
5753 6557
6845 501
3905 6464
6004 7970
6082 4150
3978 3410
988 144
2136 2635
1937 4462
6965 6986
7570 8103
3084 2686
201 235
1259 333
4437 1333
131 1565
449 605
3518 7775
7477 8688
1768 177
5618 126
3541 3472
5939 6908
3989 8518
2562 8625
6006 3177
7535 2025
7213 6451
5200 6313
3629 899
8739 708
1444 8819
1428 5462
8042 1795
1193 21
2377 6067
8979 4590
1441 6703
8346 8253
6886 6319
7082 866
3879 7975
6805 8896
1987 6636
7257 7751
720 3014
85 2110
1662 26
8467 8335
4466 6602
6543 4099
2512 4444
4215 8726
4172 6166
782 3273
5878 1801
1541 6774
13 1853
4712 1252
5037 8466
8406 783
1562 2055
5344 6335
4195 3031
1679 6052
1307 1084
3614 1219
3545 7880
6520 8248
1362 6800
1660 6119
769 8820
6933 5662
4002 374
6417 8993
5562 2999
4414 7736
8223 2332
112 4999
1 1435
6681 7663
2035 8138
508 8026
8434 2158
1204 8579
8121 3707
6050 7102
6066 1629
7654 1478
4230 727
8708 1327
8641 4027
8142 2651
6716 4313
2678 2483
4964 2135
3029 6939
7894 7152
2099 4137
5347 6667
8883 3573
6039 527
8048 8069
5308 5477
4687 8271
170 3568
3936 6591
7382 1563
8615 219
4981 1957
5902 390
7489 6432
6086 3139
7210 3313
971 7775
2131 3019
1576 7812
226 1025
5836 6089
1559 2131
5182 7718
5828 5551
8864 4228
6628 135
3234 7289
2708 8517
7181 3969
5 8103
8832 3354
5914 590
8423 4436
104 2430
8073 8103
704 6147
8187 1884
2982 463
3320 7791
964 8747
452 6301
5685 4361
538 5262
5271 2345
6295 6749
983 6892
5018 4561
7291 387
7158 2061
4916 706
7206 417
6814 8765
6168 4251
4956 8238
3385 979
8849 6037
3195 6834
2723 5042
7971 1988
4852 2706
4173 2662
1669 6272
8630 5680
2951 1206
1150 2
184 8985
6282 776
2457 2553
2476 3657
6006 2398
5713 8988
2396 865
6520 4406
7367 8849
2697 7985
4528 6766
8253 6294
95 4143
643 7151
6737 6127
3119 6941
3392 3955
6513 6229
331 6186
5012 7457
5032 8874
6856 1274
7653 5299
1605 6084
5411 7043
1677 5829
1119 6616
6637 1611
5099 3588
5674 5669
7322 6416
3566 7306
6672 2277
1430 5811
3694 4119
7035 4650
2772 5640
2416 284
3542 1
5019 4311
52 4505
4871 6871
1952 2010
8740 7013
1370 5777
4653 6001
1995 4738
692 2634
305 2111
8904 2801
4217 642
4392 5015
488 117
3463 4128
8050 3501
6373 7676
115 4328
53 634
396 1319
4512 4325
820 1715
7167 4368
8269 4567
3722 6091
6354 6281
8613 5907
7862 5296
8145 3110
6304 1851
7206 3928
5903 1291
8829 4178
6573 468
4718 769
3516 805
7133 127
6826 6288
8540 2532
2444 6825
6205 2411
4263 2303
6858 7394
7127 1026
7225 5836
2278 2653
694 5526
6454 6228
6367 6226
2903 2118
3652 1897
3032 2375
2328 1788
6867 2806
2517 8388
6596 3376
6710 8652
3162 4997
5154 4034
5453 7617
4229 2767
956 7126
6037 7548
294 3422
7730 2082
8584 8736
2011 7124
7809 8413
1835 562
6588 4
1402 1356
3056 2164
4185 1017
5221 2548
7719 5283
5821 4786
1330 1585
7423 3534
372 3621
2746 6181
5712 1451
8818 7280
603 1338
2937 1341
1858 4590
7954 2839
45 8038
3568 914
6276 1793
491 5911
7514 8462
4074 4373
6747 2118
1793 2896
7509 5622
3796 3557
407 7779
2885 8715
2914 6352
3488 6836
628 5706
1556 1021
6938 937
2674 8264
3202 8364
109 7223
5039 328
6342 4740
139 50
5457 6483
8158 8192
232 1940
2496 1061
7067 5300
7655 2865
1874 2683
6402 3373
4676 6126
6335 2628
2984 7460
1228 7144
1245 1951
3419 1851
7466 5235
3529 3727
4683 5685
5412 5072
4986 7362
7273 3306
8324 4812
5456 3744
7286 588
8223 4510
8343 8443
8657 3292
8804 6955
584 7514
3673 8614
3719 4453
4369 2916
8558 2528
1628 3268
4546 5209
4216 6209
8417 5073
5945 839
8569 7958
4378 339
8527 6567
3997 5022
8929 482
5914 4137
3426 6367
7270 8343
5839 8557
5533 2438
148 2408
1294 4693
1456 1658
4083 5703
942 2162
6971 2776
4576 5930
953 8169
141 11
2119 6577
6280 6215
6960 2182
8396 688
8502 3754
5850 3927
7261 1818
1984 7753
5952 813
7643 2243
1787 6367
417 3287
3925 2968
2202 8039
5557 3482
6394 14
4592 5106
4662 1601
7374 3828
5365 3473
7679 210
6435 680
7625 1958
3347 89
4390 985
4811 6543
7774 2354
5902 5922
410 108
5240 4942
1124 4631
5055 7954
8138 1816
3817 1498
29 6960
8968 8812
6091 6269
7901 6778
8739 7417
1066 7172
4674 6226
4449 2303
1897 6361
1725 5481
2600 2684
3212 1031
798 4463
7925 8699
5472 3453
3160 8210
5569 4100
8103 6745
1034 6516
1123 3529
1338 5957
2007 7504
5353 6220
8324 4573
3528 7750
5561 2379
2115 8280
5626 7506
1641 6064
7934 1919
834 5138
1989 3031
1111 3528
6110 7470
5323 883
3368 1963
3766 6263
8226 559
2707 7961
2565 5972
5975 8295
732 3909
384 1605
2597 3565
6258 8784
3314 4243
7159 3934
6291 7017
4431 1819
6545 6699
6444 7710
829 7461
6171 4612
6473 2627
2649 5083
4227 728
4568 362
5821 3220
8299 38
6863 2145
1171 6622
7032 8967
8888 4792
4136 1412
1412 5784
5571 3857
4468 4874
3904 3496
4155 1242
7475 4679
5231 2269
7879 4430
7977 2533
7413 3504
2540 5208
2433 2526
844 3890
5449 5261
4522 4161
2605 4541
8543 259
2961 3057
5009 7044
3829 5129
7042 4539
1015 6659
1138 264
2208 351
3945 643
4490 8540
8983 1488
3213 3724
8470 4326
2090 2807
2538 1562
2381 5819
318 5348
8169 872
3315 3262
6645 5247
6781 543
7663 1678
7866 1189
2870 7103
4446 5173
2044 8349
7202 4540
5638 2035
8185 8900
6723 8407
8942 3727
8417 3490
8869 3531
2399 7778
3433 5752
6110 3476
2706 8031
1189 2982
3398 2109
7243 4905
5498 640
7645 355
4967 5013
6273 3041
5106 2835
8292 4140
2585 5185
1517 2203
1270 5389
5800 443
6090 6926
5030 252
7037 8256
8512 3123
4961 13
8744 648
232 5659
6826 2368
8240 8017
4180 7178
5349 1999
4412 7956
8760 4926
3134 4482
3260 756
8180 3877
1345 7763
5687 2225
4532 7089
5914 4673
8165 963
1983 6352
791 5518
7037 3128
3584 226
4705 7704
4163 5945
6127 4983
1804 507
7465 7544
134 2458
8774 2929
4689 12
4060 7984
8009 5438
1209 8788
2925 8677
1633 842
4645 8117
2553 317
4472 8732
4598 7790
5825 7889
4660 8052
8734 3404
575 1361
4231 5982
2084 4634
7936 3731
8136 3315
3553 1135
3987 2749
3917 4545
6879 1885
2147 917
8065 3771
5488 1651
7265 5668
3406 3646
2514 4406
6492 3453
366 2771
5014 5684
6632 6745
8818 5260
908 419
147 2164
2316 1128
4208 6326
3398 4335
5990 477
8248 5877
3811 6994
7932 6461
6350 3903
2300 3703
7677 1678
8640 893
7061 914
3844 7329
7991 3859
8888 1959
1032 6333
2511 2125
3875 335
1198 1858
4834 2190
972 4639
7059 7951
7174 8307
4132 453
2316 812
2414 3483
1872 141
2671 3950
4831 8555
6672 3092
1502 6743
3472 6518
7248 7248
7846 5860
5172 5433
2702 1834
4347 5586
8737 3914
5412 480
8208 6303
5043 5517
4001 1013
3560 7936
7462 6957
2980 3772
6208 3655
8465 5716
5820 6172
4707 3949
3778 6330
2412 5235
5300 429
5054 7593
8468 704
230 3175
6357 4735
4025 7885
3363 5203
6089 4003
6903 144
2053 3436
8763 4036
4398 4344
3747 3023
6420 137
6403 4607
1792 7736
765 1332
7829 4370
1545 6091
5656 8304
2036 7077
5366 2894
1346 1034
5140 833
6617 2355
5276 1960
7923 828
1358 8507
2980 2328
7216 5666
4145 5250
2110 2999
8707 5032
8553 1621
2543 5073
7152 1611
7066 4782
8502 7137
6750 8177
7427 1917
8208 4045
675 3810
6308 120
8994 132
785 6771
4376 8958
2202 7837
5077 8732
702 4380
2405 5149
6642 8913
483 1878
6654 891
2332 5228
333 8157
1097 1863
5092 21
5494 6620
5065 4596
3930 3390
208 4719
1208 8595
6410 7112
3199 1512
107 7470
5165 4116
5807 96
8147 2979
1417 3900
2737 3000
1835 5496
8271 4016
3633 5812
2131 7022
4990 4007
5584 7936
485 6655
3219 3607
5419 8493
8229 5546
7814 8676
951 5470
5651 7806
8121 852
7276 8430
8508 1631
1470 6965
2369 4011
8247 7948
3663 204
2449 1558
3014 5594
3938 301
6912 749
2441 3578
4744 8931
5185 1004
5353 413
7164 7333
7526 5983
3843 8877
1408 3038
4189 3712
5926 7874
5708 2368
5991 712
1129 8138
3703 89
7825 8364
2704 7749
8011 404
1365 6145
1298 3972
6393 2334
1135 2667
8206 5789
5445 5923
1595 8688
6511 1656
889 7698
1978 3193
6322 7574
7752 6238
7200 6339
8240 8627
6796 6658
1974 484
907 8208
1478 8606
7203 5960
1101 5984
5606 8706
8401 1062
5855 2087
1431 3956
3289 7599
8513 4483
7128 7633
7968 1623
5250 358
4196 3869
1464 5161
4432 2716
2685 8588
2495 8395
4177 1624
345 2527
7139 1886
3607 508
7851 5112
1745 3298
973 5066
2179 7614
3164 7586
7755 731
5798 6346
853 905
1741 7864
7889 7249
6488 1235
4280 6470
1953 1767
7261 3383
7043 8201
3462 5141
628 802
4943 3525
4248 2316
1539 120
8657 5919
6174 4525
5575 1129
7098 2669
5851 3711
269 2320
3581 3382
3948 847
5343 4856
6890 3534
8566 6268
7846 1671
2702 6808
6442 6667
4290 427
8057 1647
715 2708
8435 4966
720 287
3092 2432
952 5517
5608 3157
7517 1098
6169 181
8892 3892
8098 4878
6217 4969
3570 8923
5842 3971
1402 5632
4809 1712
4126 2352
8707 900
7309 2863
788 5001
6888 1709
1771 6967
8317 1801
4965 6197
8058 681
6932 824
5918 1096
909 2483
8476 623
5380 5220
6530 923
8291 4873
4617 4177
7028 2078
5453 5624
3588 6425
1152 4704
7771 8445
1993 1879
5968 6180
2314 6616
1376 6426
1090 4041
1867 2316
6712 4258
1473 2007
7742 5546
8229 8104
1762 2598
1806 3063
4667 5830
2423 838
1057 2354
4631 4334
5046 7074
1292 7265
1001 8475
7176 8898
6093 5118
320 8261
2787 3932
1691 1792
186 2074
4142 7206
7039 6565
632 4436
7077 8468
3754 236
1786 1945
8325 7270
1092 8168
3931 8653
5811 7512
8723 751
391 3727
3156 2962
5118 6772
1087 6389
2867 4427
1900 3142
8069 3135
3064 116
2480 1778
4019 7307
7999 1399
1149 2047
1422 1106
3938 83
3076 5227
7291 8281
1545 8409
1589 3539
18 6674
4993 2765
3456 8286
1827 537
8838 2461
5072 7872
7627 4494
633 1676
7692 2565
592 6189
2204 6865
3640 708
4419 2093
6060 2572
4922 5362
2014 8862
4261 1158
5167 473
798 5091
2715 62
7153 2663
5941 578
1219 8264
1122 7233
4168 7054
3184 7586
1035 5099
1051 2285
6259 1865
4415 5878
5885 2592
6157 1850
3153 508
3581 4180
2001 7412
5249 4024
7317 3116
249 6842
7739 1629
7678 8158
1096 3417
6291 6280
6986 4144
2008 3444
8261 6261
8104 1309
4189 119
7514 3024
8074 3438
6546 202
7963 617
981 3874
4252 7816
7577 1382
1827 7914
7406 7687
7329 6717
253 6634
5145 4723
7670 8990
5413 6419
6268 7688
2256 6143
7885 6581
7557 6254
3557 3391
2444 1856
1242 3192
1568 6643
1145 4880
3180 7709
2751 4643
7284 1482
2560 1645
2565 3605
7767 897
3281 7031
8702 165
8492 6615
2573 7624
6547 4200
6731 8513
576 2834
3844 8457
8460 6302
2277 7122
5281 1002
3016 7710
4528 3850
95 1395
3071 6707
8182 8814
2770 6887
6861 435
3779 6710
5244 8584
8808 8373
2677 4282
2885 4337
8665 2953
2018 6406
6166 5253
8147 3009
3457 1762
8983 4393
2853 8237
4307 6744
2759 6108
6743 4092
5438 1763
6483 730
872 2107
8007 6445
2673 2294
3498 4190
533 3349
3894 3047
4877 465
7060 6915
5003 7806
6937 6631
2434 2560
829 6159
5936 7924
1471 2703
8236 7869
5001 569
8475 1392
7982 3485
5890 4494
4669 7342
4486 6014
2730 2256
1799 1747
5617 3878
7179 1844
595 7211
117 1120
8472 45
974 309
7277 1577
4 3975
7487 1174
8654 4161
6980 1334
6938 7414
4934 3569
1385 4529
8769 8964
1504 4878
3501 911
2812 8990
8285 7916
527 5805
2459 5506
2229 1661
8054 7014
1415 5383
5666 523
1965 183
206 5881
8485 5184
4889 1411
3902 3555
5963 538
3277 5329
2957 4848
5944 7976
2941 1488
8008 6900
1932 3575
3975 7263
619 6555
792 6297
2920 884
5568 1870
1071 2623
600 8246
4419 974
6860 6726
8136 4579
5824 3706
794 8396
5324 558
3422 560
5015 2232
46 7805
6548 6554
328 5165
4336 6963
5739 7626
8184 5269
1807 5745
5151 4405
7825 4284
1290 3051
4921 2579
330 1060
3418 7262
2875 1034
8436 7275
5285 2282
3913 6349
773 5600
1683 929
4694 2417
3981 4883
3561 3837
1546 7130
1156 8714
7471 6767
1720 1104
3850 7084
2996 7803
5079 3893
651 8196
8569 2233
178 1693
3641 1877
3494 7641
952 7538
1865 5422
2005 7693
324 1380
4206 8104
7444 4689
1176 4284
3337 7733
6811 7814
2400 221
4895 7163
64 3588
5260 6609
1166 3635
3404 7251
2825 6954
7731 1029
5708 432
5284 6882
5710 5164
6953 3738
4314 6619
7604 2650
1807 3026
6582 5637
5518 5804
46 1111
7449 6681
1828 1495
5074 7903
3703 4596
7305 4404
2779 1546
3907 8786
304 284
3975 1580
8155 5091
6429 7856
7867 8020
5939 8989
2133 2564
3152 5612
1301 3181
6802 1207
3704 4507
3976 5964
7280 7730
6797 415
1928 7011
4467 4778
8372 1220
5481 3331
1161 8982
6672 5826
2656 4741
2292 6392
4723 8263
5398 3039
3565 5278
5499 3650
3422 6039
5120 4491
6844 4815
7450 6455
4716 2621
3371 922
1836 3759
639 451
2085 1082
8356 1051
3150 421
6770 519
996 8439
5420 4650
5114 33
8955 3762
7474 8728
4451 7920
659 4052
8498 227
8934 5953
1468 2502
1268 4000
179 8419
8477 6325
2697 8134
6941 6578
5270 3429
5389 6782
4639 2099
1383 2813
7928 8754
6705 8446
2307 768
1724 338
8245 5318
5050 6941
253 538
3901 5023
5825 8721
1213 4216
1264 619
8405 2699
2415 8688
5053 512
6939 879
1427 5825
7378 332
8228 7080
8754 6507
5140 8802
2127 5760
8349 7647
7161 1983
5898 3412
8706 3776
5492 3968
1093 4450
6490 5808
4082 7927
5728 3319
7251 2841
7339 6533
6346 3156
5146 4628
254 8946
3948 6544
1596 5486
6039 3220
5315 2160
7018 2383
8633 6788
7776 797
4945 8970
6337 7108
543 350
1959 5166
8221 7725
8603 2314
8544 5819
4976 5555
8915 3389
2691 4470
7601 1700
4776 7531
6803 485
4695 353
5668 5754
4264 3697
6634 5881
1314 441
121 8057
3383 227
2447 6687
7199 8427
2791 1602
2503 2670
2043 7918
2695 4527
148 734
6860 5012
3327 2699
4487 3947
5603 1332
1997 3065
5897 8135
947 5173
4362 5980
7461 2183
5612 5840
8754 3162
2363 784
680 7894
2936 6154
8761 8142
2280 7191
1067 5213
1710 1634
5565 2633
6807 8396
1705 8305
3340 5688
955 3931
1554 4873
3474 1653
2374 576
6509 7965
8516 4819
4479 665
3282 1642
3462 3184
4893 5139
1517 6739
5052 8961
625 8101
388 4516
6691 160
6728 3773
7585 7469
825 4223
5803 1641
1520 8704
2796 7518
6310 6029
5227 1634
8229 5534
5750 7337
4003 3642
5259 3481
1947 5857
2771 1190
5250 7016
1277 1582
672 2677
5384 2735
2676 2760
7867 4778
6568 1262
1775 5768
1314 3864
2655 1166
1437 6783
7397 2874
5524 7690
404 1275
1407 5252
2251 3916
2459 7007
8785 4802
6861 3767
4286 1929
731 2984
7665 1035
7335 2125
642 2861
3499 4280
6516 2831
8769 7894
7825 4978
5976 2064
4958 2600
53 7503
8194 5562
6977 2444
1632 1776
5274 4586
5177 284
3426 7921
1082 5932
2770 7284
3728 4558
4073 2808
775 1842
7475 6226
3046 408
2037 5339
7579 8873
3621 1657
1987 4476
2563 8683
1465 5317
4025 6558
1966 743
3166 8544
1203 8370
7267 6976
2474 7365
5057 8498
4379 2350
3378 4166
6088 2129
7409 8552
6630 7480
6146 4783
2238 794
6777 5784
7375 5871
7706 3979
7587 7912
6574 1159
5912 5649
5486 5123
8675 1931
6496 5991
1487 1543
1320 6202
4721 547
8588 5378
6114 7897
6489 4896
4370 7235
7473 8421
3466 6041
8953 3525
5796 5473
6775 8314
6374 5345
2298 233
1268 5360
4798 1759
7732 6221
4795 1456
7678 5173
7676 5999
3736 2104
4162 8922
6860 5084
1747 2149
282 1693
6258 4791
2839 3216
8834 6423
4889 769
6461 7603
7869 3031
2815 2308
2304 2587
6628 1013
7249 5140
5939 1959
1597 1753
7510 6697
114 611
2853 2841
110 1478
4979 434
1778 1338
6296 3371
2866 7674
129 5983
7142 7192
7138 2824
7251 5870
204 1980
408 8161
79 7574
907 783
8827 2382
112 1805
2640 8074
7701 2730
3913 2235
6872 3562
5117 2531
3808 6427
1873 5795
1713 7227
3992 6528
366 3974
6994 6170
4878 3028
8765 6454
8579 6148
5039 6112
4615 6170
1461 4396
3611 1565
3459 3415
4868 1474
1564 8140
7082 5193
5723 134
5651 7937
8151 1154
8587 7221
1942 3300
2529 6534
2473 716
5644 7259
4123 6549
3507 2804
1526 247
484 5509
8328 8025
6409 98
1264 8026
133 2987
4031 46
102 6066
6975 6899
5623 3774
374 8280
6404 7739
3643 8007
1477 489
786 7107
7308 647
2456 6259
91 248
3632 8900
4841 3238
1676 6314
2437 5235
8225 6792
8678 5786
2941 5750
1009 2029
659 3033
2803 3202
7359 8884
2231 8199
112 7947
6548 4070
6224 3780
2972 6280
242 1219
2747 150
3056 4861
6366 8938
8580 2986
6059 2301
1942 7125
5880 7381
3520 7818
8967 4973
1763 7190
1605 75
8638 7976
939 1966
3415 3283
6338 2738
3999 2166
2869 8736
8034 6968
1399 6572
4892 3398
554 8511
801 8831
323 5471
5087 4298
2826 8104
6691 3719
3018 1998
4842 3000
1639 1323
7949 1432
3479 3228
821 2302
3022 536
5158 2098
2689 5671
2764 279
3395 576
8022 1679
1809 2189
6900 5368
7090 2273
8323 2885
1728 5098
8179 5090
6574 4909
8600 1194
2891 7459
2520 524
5464 8086
8551 5544
3184 4868
6084 1313
7230 2478
8882 8098
2159 7595
8335 3809
957 2031
2461 5777
1108 8524
8021 6784
511 7181
7752 1046
1839 4730
4926 454
84 5386
4329 1468
4251 4335
1930 1052
4438 7990
1516 1532
4461 348
486 8948
295 1027
2617 3149
1906 2911
1459 1344
4013 6683
4596 7042
4559 7201
6746 6664
4956 5622
5919 8948
6835 7703
279 625
4598 5368
6203 8103
8099 4747
3294 4781
8445 6901
7288 239
6580 7689
2064 6082
8522 8904
1300 1770
878 5899
7469 7582
2233 8038
8607 7504
2973 3736
3649 7339
5940 1102
5178 7547
5764 4624
8044 4718
2315 6249
3554 5660
997 1862
3509 2234
5823 6057
1972 3650
3153 7566
6203 1997
8262 6509
442 3936
6352 539
5337 194
2062 3362
601 6393
7592 5185
6985 8103
7510 8841
1658 6588
1403 4143
3579 115
4400 8513
7422 1033
2366 2179
8186 7410
6413 6472
4551 4939
3052 7424
4885 6269
8154 877
7604 8002
1210 2606
4462 3970
1695 7864
7678 8305
8572 967
4850 809
894 3520
7363 5183
5421 4548
5919 3174
7181 168
5140 2153
7424 4716
1470 8494
8953 8008
4870 2524
1523 3498
2517 965
895 8636
3809 37
6350 6896
5325 746
6021 6801
4918 453
7836 5515
4403 7825
5194 4531
5276 1274
6776 5072
8616 7870
1246 2195
5174 2010
1684 3876
1031 7664
139 2667
5153 1050
4254 3385
3790 5011
5213 646
7264 6614
3737 6021
5410 197
53 314
1976 8459
7132 3788
5876 3044
1365 3448
3173 3310
5945 2422
4235 3769
7105 8636
7122 672
7001 2576
3919 4703
4937 540
3750 4941
8413 1214
347 3028
5008 7894
574 7577
4409 1036
6043 8897
5754 72
1317 3976
1553 6599
3161 2542
599 8131
4264 7954
5951 2612
4666 5827
8839 7025
5000 3221
8765 3047
3780 544
6588 3844
8575 6744
5534 3562
3570 3619
6919 6479
5478 4529
6768 8937
4406 3538
1265 3514
4798 500
3876 7020
5787 5936
1194 1949
7562 3697
8789 4021
5430 3088
4310 7229
5004 8086
2888 7014
5506 3942
4945 75
4469 6114
2981 6786
1622 7015
4209 6567
2601 413
1145 1063
5589 2997
383 5029
1694 2013
7870 720
660 1541
1285 2228
2429 1327
1227 2777
1604 7030
5124 7493
4875 8768
1951 1473
6337 5543
2181 3728
26 4057
3813 1599
464 8499
5538 6759
273 3805
533 7935
4360 7155
3224 7022
3677 5218
6757 4621
5386 7645
1699 7068
6624 4169
6412 7568
1561 5784
8154 1765
6709 3958
2550 2966
6271 7571
2689 6824
1845 3709
997 7041
2911 4949
2038 3720
2461 763
7526 1468
7989 3644
6359 5376
1547 46
8715 52
2926 927
6470 5061
7307 7967
895 6786
4744 970
3369 3911
6507 649
2703 7058
3673 6287
8180 6504
816 7041
7550 8262
4845 6555
3734 6490
1308 5431
2188 5415
2761 5808
2130 6413
3463 3781
8097 880
2643 3318
2277 7744
7371 3878
2803 5304
3626 5454
4769 6552
4791 1558
1578 4107
1945 2111
8213 8736
1844 6464
5813 4535
8547 769
1846 8657
756 6864
2776 1015
4868 3834
5963 359
7183 5976
3452 3107
3417 432
8878 3947
6939 6630
6454 8151
3592 2907
3159 3801
6277 7487
450 8050
1354 7372
5511 5028
1096 8735
4124 8300
3171 5906
7014 7922
7530 6731
2270 7483
485 6416
7481 346
5253 3846
3776 3939
3350 3682
6279 1430
7534 3840
8024 2246
1026 2321
1135 1069
1032 5570
7992 6302
980 6243
5509 4299
49 8213
4817 5175
7074 4562
5980 7149
8730 3263
4486 5614
6468 7560
6912 4551
959 3969
946 1466
5900 7355
6 8922
184 7970
838 7112
3138 7697
8163 4636
7654 4287
3300 8947
2179 3649
4059 2295
1573 8429
7312 3379
3709 4831
1849 6376
301 705
2646 1775
3052 6071
143 3131
947 7175
5594 4230
1901 2746
1904 8680
6758 2876
8609 2970
7325 7717
8286 2924
1300 1041
7107 4178
909 2272
3531 4790
4809 1237
4106 7424
5675 3840
8367 872
5229 4241
3071 865
3842 6866
950 1926
1010 5087
4124 5835
6159 7567
4317 6680
2437 5471
675 5874
8620 262
8241 1189
1188 1574
5212 7555
167 4156
879 6663
3772 8824
127 2275
2844 951
916 973
3719 6598
924 4395
7171 1768
6413 3017
8253 7265
8532 3435
6857 4008
8060 2247
1995 2168
4398 3456
7502 3672
1903 3635
394 5568
7379 6762
349 2974
7472 7206
6756 7353
3847 7483
7518 1118
8286 5905
7095 4468
8539 56
1489 8732
4413 2328
5082 7353
6409 3509
6152 2169
5056 3256
8726 2799
117 748
7570 195
5205 1227
5943 2601
317 8859
1793 2657
8128 7084
104 1851
2857 4140
310 5572
2760 6008
1090 3956
158 789
2973 7393
4764 2666
7865 782
941 7186
7894 6183
4074 4072
368 4747
6962 7157
4142 3282
7178 3154
6173 2255
6233 8178
5373 834
986 4672
5541 2017
4919 6475
5749 3463
602 688
687 4902
2203 7681
7395 2871
1506 8179
5246 1916
4917 7926
2884 2622
7985 1605
5913 6568
3744 3031
5164 7925
1297 56
8946 347
1928 6769
4489 588
4613 6503
370 5373
2870 8326
613 632
8456 7563
6885 16
2853 8313
944 6391
1723 7758
8686 3906
7761 7207
927 3453
4528 5382
8936 673
3975 244
557 2054
3360 1272
2929 8040
650 4973
2086 4907
5571 3338
4721 5550
159 4853
1975 2904
1865 2772
4261 5720
7273 4745
4605 5084
2873 5429
5624 5181
7986 4209
2931 2635
7857 4474
4947 5762
3974 7613
7336 6705
2995 816
271 288
1551 876
1350 3971
3300 998
308 7462
880 1769
2204 4190
2676 2329
7721 532
8139 1632
1332 2510
7720 8472
4014 654
2531 4714
2692 657
6493 3659
7688 4097
1702 1285
2988 4259
8785 719
2990 875
4247 4969
1653 5969
5409 616
1056 8312
5792 8021
618 2329
8264 449
192 1420
1889 2406
7927 2108
456 3518
6836 8235
8781 8411
2975 1106
3589 6529
3429 2542
2267 4361
5443 5124
7255 2100
249 5367
871 6479
2786 6817
5587 511
2678 8447
2200 1777
2785 3476
5003 7796
4863 4829
860 2875
5110 2251
7351 7437
4020 8638
1320 7807
7203 7640
2512 5054
7240 779
6966 4397
7798 1039
4967 5792
6394 5708
8640 6094
3235 5493
2885 1356
7000 1033
4070 1378
3230 5447
7501 6162
295 6810
6781 2264
2155 7499
8023 2340
619 85
487 6088
909 6689
331 34
2888 6442
1002 6687
7806 6679
5992 99
8218 5774
1375 2641
7798 7667
8375 5131
8942 4589
6900 5653
6567 8655
6875 90
7868 8326
940 3791
2503 2974
2124 193
53 3413
4013 5823
5986 802
2373 831
489 1761
4001 1244
7567 3077
337 7562
7627 7330
622 4268
4550 2324
1994 7821
913 5650
425 1525
5387 3975
1122 635
6052 4721
1386 2466
5633 4820
6457 1287
3719 5167
3449 7048
4096 8382
3698 6454
496 7890
5644 1452
8448 8753
8085 3520
2664 780
4832 2034
721 6559
202 2007
8121 1535
3050 7706
5901 1790
5065 8221
1065 6437
5779 4282
7918 6807
3206 4569
4395 54
6557 4975
3266 6889
3780 8235
7050 5152
8906 5206
8479 6906
3241 8122
7344 3102
159 3281
3589 8193
5716 5871
4799 6984
5899 3547
3874 6017
6876 4069
4945 5813
1334 6762
7811 3837
5444 5127
7407 5056
2233 1808
138 5275
3270 5315
3768 6657
6160 4432
8247 8508
4097 1226
7202 5126
8653 1295
3059 3391
1199 8700
8764 4049
6448 1513
7119 7483
2048 4944
279 7147
8600 4154
8251 7511
71 8665
8273 8099
8368 6362
3535 3185
4204 8330
2804 6263
4544 5467
8379 4054
4469 432
7594 941
6219 1010
5885 5785
579 4010
4221 2314
243 570
6650 1077
2443 587
6223 6526
7552 1336
2413 1379
7998 4538
8459 3475
5570 2540
8724 7584
6027 3571
2365 7129
6398 6407
5192 1153
7372 4636
2462 5379
7148 8546
707 1974
5015 4370
2939 8074
3222 4632
6876 1947
7820 461
8033 380
3624 4077
8058 3994
3549 6714
2930 2832
1246 7097
5715 4210
4515 7873
1619 4888
4955 3511
3083 6340
134 1189
448 4083
5809 57
5434 390
8287 5922
269 5976
2991 1594
717 5850
7303 1253
8018 5127
2291 4039
211 6827
1779 2189
4367 5721
5066 238
5662 4411
6862 1123
1747 7587
3773 4981
1948 3879
4092 8444
2289 7703
3597 6122
729 7510
6798 5281
8168 6156
1485 8650
699 2087
2681 614
500 6029
3719 3866
5832 5366
336 2778
8045 3629
5320 5579
8188 492
4758 3763
6584 5920
2689 5627
2408 4705
7621 5228
1012 3931
3868 5766
8977 8145
4061 6473
8192 4778
1882 1147
7281 809
8598 5250
1663 8103
5796 5922
6744 3922
4260 7952
5321 2037
8705 899
6552 1294
4395 2936
4837 2163
4387 6727
4982 1671
4608 8661
1467 7073
6063 2712
1937 5247
6435 8553
8077 5783
5851 8796
2115 8387
2886 8512
4289 5599
7762 494
326 6085
8193 7553
6038 6374
6027 4927
2993 5537
4176 8451
7625 5693
1649 7913
4374 3251
3823 6719
2993 7431
4471 1444
4598 4146
7542 8976
6434 3168
6874 1698
6889 2565
1863 8162
5435 5326
2824 2477
434 1638
7310 225
5387 500
8701 1403
6576 2529
307 6520
4174 5009
2845 991
3791 3190
3608 2431
6449 8957
5398 8248
4971 6447
511 6776
5587 261
383 8088
8367 4675
3226 1162
8732 6462
8510 1601
2550 1657
4847 4842
8457 1964
4244 7868
2743 8848
7480 2207
1601 1802
8040 1604
2140 584
3732 2028
5368 6368
1060 8632
8735 3885
4939 6959
7199 8582
5985 6084
4602 980
1730 1944
8724 2657
8199 1490
1 7875
3451 278
5470 1021
3007 5272
8576 5930
3233 7646
987 1955
1145 6186
1094 8537
2604 3731
5583 5188
4397 4222
1877 4154
7077 592
7538 1959
4651 1518
5726 118
5415 3830
8176 6293
7580 8150
6050 2167
8244 4108
6106 6040
7770 2831
5576 6107
94 8079
6404 8183
737 248
1304 1958
1605 2331
4757 7609
4688 5723
6212 1972
3904 804
5898 8766
371 3252
1773 5118
7428 4906
8747 2649
3131 2564
4463 3242
8512 2650
410 2349
5419 6181
3481 5854
5740 3662
1565 7986
1389 673
5214 8516
7645 5206
5632 5380
6768 8844
1433 6946
2550 5312
6517 8256
3700 2099
4289 7475
2484 3171
422 5080
7146 2276
2343 79
4184 7434
8029 217
1194 7240
6644 8156
8761 65
8405 6799
3890 8979
8699 1221
3952 5142
8483 3729
603 6719
6511 2591
6622 4524
7132 1211
1908 8538
8079 3019
2647 8667
4138 7419
8412 4349
1104 864
2433 6929
1569 1985
4002 7256
6094 8034
730 8551
2807 997
7393 92
8260 875
8032 6670
7877 3447
5339 931
6793 5479
8763 5027
7802 6823
7673 5610
5595 7069
7354 7457
4072 3375
1955 2081
8049 1895
4961 2346
4092 3677
7704 6975
1179 3927
3628 6692
6120 5458
4644 8009
4199 3979
7073 6538
8188 2862
296 7183
4810 8340
3200 6530
2955 5822
6532 1460
3904 6899
7401 4924
4282 6268
2359 2997
343 4522
6996 8077
6344 8311
1248 2669
308 1477
7520 6495
8708 8830
1065 5058
5028 7906
4954 2911
3337 5253
6770 7574
4215 7767
734 1099
7078 7554
8118 3489
7839 1029
7194 829
1664 71
6114 961
8969 8720
8000 6332
3425 8021
6180 3747
1888 2528
2758 4388
8297 1356
5738 3514
6028 1285
2755 5053
8225 7172
5034 7461
7312 5148
8789 2276
8843 3943
552 3964
3788 76
4363 680
5451 6287
488 788
2212 6869
6968 6510
3230 8674
3802 6158
8721 7393
7485 4923
3856 7246
2473 2366
2648 3082
6744 5077
3611 6953
2621 6001
4914 4155
7239 3023
1508 6074
7017 58
8802 3716
6187 80
4435 3303
3203 1626
6295 2167
881 1907
812 2556
6330 183
2083 8700
3834 7225
3307 1686
232 4508
6975 1572
3070 6984
1643 2733
4468 2920
8615 96
2812 3525
7986 2346
3541 7809
3793 2243
3941 2915
1875 4676
8062 1980
8028 7159
6349 3719
249 8651
2452 8940
2031 2494
587 816
653 7622
2055 5583
1446 14
2463 8187
6735 6309
5400 2855
2063 6243
2754 2662
8330 3843
7266 5104
5590 6416
7972 732
8373 8751
4216 3869
4938 8944
7068 7224
7386 3380
1323 3998
1705 4794
4648 7451
1385 4746
2391 1524
6255 6057
3052 2448
2628 1194
2429 6415
5746 6446
4225 5393
8225 8915
8423 4736
1027 2889
6110 3518
1965 2589
8221 6956
3772 4626
2291 610
4025 8144
7877 1587
8788 1200
6667 876
2124 7004
8033 5170
8136 6537
495 1530
4271 5902
6382 6012
5792 8722
4769 7427
7448 7853
3935 483
3500 85
6876 8207
1561 8126
5898 1812
3791 2449
1335 1316
2441 2554
379 6198
7782 3318
2958 6185
8440 2977
1445 1815
7906 4074
3557 7610
3507 7798
1138 5818
4660 863
5410 2107
5741 8136
1361 1956
7114 4343
4199 5538
1474 8983
4558 2993
1473 1082
5785 1855
3680 4325
7321 564
7280 3544
2519 44
7562 5829
5090 1667
3346 8884
859 6182
6177 4186
6702 4319
8737 7693
3077 2582
3011 7164
996 7207
5880 8273
356 8708
6908 2994
5004 6306
7410 4343
2058 207
7624 7051
110 5149
607 1490
1867 3349
340 6526
1600 2724
3786 5274
7725 2662
3510 5275
4717 5177
952 1306
5531 8143
6822 1564
7196 1108
1268 6688
8730 8421
185 1834
3236 3213
4569 4731
5275 6248
2014 8169
6331 2316
431 7495
7432 1887
2167 7924
6575 3058
998 101
4544 3851
7253 2267
8851 5005
6863 436
4547 4243
18 3778
3368 6158
7476 6500
6863 7880
5555 1338
8468 7055
5171 6209
1240 8913
1970 8760
5922 1364
7526 5939
7853 4881
1826 3783
8713 7058
7982 4690
606 5922
4510 1798
5879 2502
4010 968
8985 2775
3241 5066
5023 3703
7480 2988
2656 5085
2973 7767
8537 6638
486 435
2630 7812
8800 5867
8773 3903
2591 5702
3822 5201
6382 1683
2674 3287
3262 7225
2676 710
2622 1627
7116 6691
3188 6324
8093 4425
670 7776
7732 978
8384 3365
4118 8410
5767 8582
1119 1039
623 1489
6545 8419
2791 4366
7804 8672
8173 8460
7584 2756
8402 1801
8510 4791
4132 6861
6539 8967
7362 7632
2834 2157
109 7923
2448 1071
4135 947
3050 1910
3757 7291
8108 8732
7298 4832
931 384
8470 752
426 8442
8580 1047
273 4580
8384 8779
8400 1048
8900 941
3000 8728
6204 3856
5888 4053
1137 7840
7838 741
8927 4198
1462 7706
3559 4139
7378 1885
7861 3912
88 8628
3801 1745
2661 8901
2112 2651
1143 8788
1114 4251
6523 8296
7510 380
1858 8706
5779 2708
604 7957
2377 5911
393 7932
6366 4829
6741 4548
4428 7140
2814 7756
1915 47
7701 3139
4393 2346
8350 1714
6144 8177
6705 4682
8533 2278
5071 7140
4801 5956
3342 6024
3648 4175
8229 641
5618 6326
8219 6483
2604 5785
945 1194
2015 5205
116 7710
2243 6789
8419 3335
6504 3764
3875 8950
1269 2127
5400 3465
8467 1756
314 4662
1751 4474
2202 4525
878 7371
3915 8205
3519 6357
4578 5233
2259 1148
2277 3253
2297 6461
2644 7139
3684 5270
4818 2490
7260 6166
4954 8620
5056 812
3615 4107
8380 7733
6182 1042
8233 8755
7165 6766
7567 5456
577 4766
4412 3909
105 7472
1144 378
3554 3029
2599 7348
807 8161
2991 6635
8004 5436
4695 5974
5894 1838
2139 7602
1159 6533
96 5395
1986 878
432 8049
4619 6523
1389 3168
4536 6855
8899 3851
883 7082
1338 3549
3419 555
6306 1981
7792 7879
2413 6717
6630 8189
898 1166
4814 3155
4251 5313
1610 663
4361 197
2388 653
2660 1434
2973 7529
4141 8277
2274 4751
2439 6698
7509 7461
3883 3613
5867 6804
675 5962
6501 4202
2562 4559
3312 5214
716 900
2575 3845
6344 4285
8711 3945
2821 1838
1673 5033
7461 8381
84 1414
4536 5471
2712 1087
5401 7309
2273 4061
3099 5586
3711 6081
2005 5661
2862 1178
6092 6594
3158 281
2328 4750
1478 4341
1727 8063
4991 5940
1518 8045
5787 8905
3943 7871
4749 823
5317 1951
164 8437
3836 8853
3900 3824
3780 5759
1519 8914
354 5621
2561 7471
2455 4609
6863 8791
6889 8464
7326 1129
1825 8692
4924 195
3518 273
5991 136
6544 1452
6864 7302
5490 3450
2605 6150
2542 1060
2978 1313
2732 2103
638 5490
5338 2472
38 4141
8594 8067
3444 7797
2987 4731
5430 3227
8472 5328
819 2837
4325 5775
7273 561
1938 5494
2437 5905
2456 1835
3585 1235
3256 1578
2585 6454
6123 5128
2974 4214
7246 4702
1379 2862
8818 6170
1297 5833
6296 8789
5978 8059
8811 6848
7178 932
8531 3948
2617 4005
7545 8401
7557 7828
1679 3712
6256 4027
7022 6675
5677 4779
8458 3231
4600 1741
3827 180
6905 8413
5716 4493
2643 7497
4858 4249
4101 5955
7715 2252
981 6573
3235 5906
7706 4598
186 8252
1401 6314
6300 6587
3414 320
2325 7914
4773 419
3912 364
5988 4227
1963 1613
4729 7761
4942 5202
489 1927
8357 1590
2308 2775
3021 6382
4034 4911
2142 8593
8723 8765
8168 1397
8308 4314
949 6652
6645 5510
6521 2446
1678 2366
6678 3407
6748 6896
964 8101
85 3539
3001 627
2320 8076
7920 7170
3114 5942
5759 1960
1435 8269
7966 7995
2273 7913
2307 2449
1308 572
6118 2349
123 5869
643 4425
1769 775
5430 8375
5923 206
6019 3680
6883 605
1739 8332
5866 7807
7930 4965
2591 8045
8644 1514
6558 99
5924 1654
2921 1675
4835 3344
8000 3631
5327 7557
2376 7359
2480 606
8028 8064
5076 5319
8857 1791
1841 1778
2377 369
6875 5436
8818 1453
8292 7404
7556 6066
5161 167
6851 5331
3977 5088
8227 8128
8663 7658
1444 6669
2252 1293
8425 5241
6340 1461
6838 2895
3205 8662
5608 6527
4012 7365
6546 6040
1935 5499
7571 8689
462 8573
5803 3023
2940 7353
2685 7200
3682 6648
7169 4984
2501 8524
8051 3027
4147 7575
4758 7430
8132 3126
2140 4518
1501 2042
2610 3218
1233 1908
6271 3427
973 8700
1154 5793
1376 2237
5835 4330
61 571
5233 2715
8842 2350
5239 59
1079 795
5294 5201
8917 1082
4683 6727
7397 930
90 8125
3200 8740
1175 8236
815 1167
5134 7608
8219 4141
4118 6726
1405 1441
6297 2064
8745 941
3805 8565
1771 6234
3617 950
5235 1373
4833 7213
6653 5771
4203 1859
6328 8613
804 7023
6073 2018
6168 2641
8012 290
4009 8460
8877 8327
4630 7979
5510 7061
5556 95
4485 2961
1156 1559
6444 8228
6387 6130
7451 5857
6878 612
355 906
6913 1862
5568 2684
5584 4269
2469 1935
8616 3147
6429 543
8990 3953
8457 549
2935 6581
5298 2837
8271 1549
348 4175
2768 5707
8003 2584
593 2473
8557 2823
6280 4641
1645 8402
4545 427
4010 4096
6704 3626
6670 5625
5447 4854
570 4877
743 8796
1950 8762
5768 640
6672 7400
704 7022
6912 3038
5933 535
1253 2533
8975 7846
2377 481
7628 8676
3227 7115
7309 618
4868 5756
7437 5884
8655 7295
2819 8913
5940 3261
7603 2726
6832 6949
7274 5987
5828 558
3227 1451
3890 842
1159 8236
6899 236
6744 1603
4514 3631
6959 3779
4851 5436
69 6641
4106 729
3805 8238
7064 2581
5992 2387
961 7351
156 2438
3358 1113
6009 2649
5150 5336
1890 767
1387 1054
7599 6377
8251 8807
6910 2492
6113 7844
4485 2651
4931 4134
8885 4825
3162 6718
7296 5633
3455 963
6590 6149
8452 6916
4449 2629
3582 8870
4210 5961
491 127
3870 7117
412 973
7369 8828
3790 399
1284 7354
358 1110
5691 8261
4146 1198
1706 1321
716 4406
7320 7977
5202 1783
1487 2186
5538 6497
3346 2425
8852 8503
4055 3343
1548 6028
8316 18
314 1527
1903 3329
2972 5323
3217 3034
3310 454
6531 7768
2747 7165
1046 5179
6985 776
7426 926
7928 2383
3242 1290
3907 11
3097 3033
4099 5486
7777 429
4195 6885
4644 1215
6240 7136
6187 4262
7838 5782
5506 4236
7623 1502
4015 1545
169 398
1525 8555
1942 5685
7925 736
7594 1580
6625 3847
5430 7216
80 5812
8209 945
5849 8576
1990 6252
2689 4419
7694 3474
5879 7481
5446 7352
1263 7094
6304 8444
258 4755
4070 756
8077 2726
5658 7185
5321 5965
1551 6319
8778 207
571 8455
6217 5756
417 6306
76 5326
3968 6300
4884 1955
7433 4525
7333 2434
3369 7727
4285 7364
4384 7411
4915 5064
6910 1628
1155 353
3531 4135
6923 59
5529 985
2596 8763
8826 1654
5957 3021
4533 4329
1090 4410
1415 8544
3803 7955
2320 7810
3541 1362
1910 3187
3430 2747
5383 5432
582 495
4223 137
7280 8322
433 774
1718 6637
3501 203
8841 4659
8847 4363
724 2345
4167 1174
6556 3489
829 2240
6701 1336
5384 5176
1990 1595
8365 2545
950 997
8184 956
1511 4937
2353 2928
5458 5283
3712 4823
3596 2567
1220 4814
1677 8604
3713 6915
5992 5430
5324 1356
5604 5333
649 5981
7408 1393
5344 3354
6932 3510
3922 3339
4688 3967
8057 2294
8659 7979
8388 4828
4619 4892
8716 336
3704 2594
8557 4878
3842 4689
938 7666
3147 8014
5584 1785
2847 6036
860 6052
7959 8632
2864 3110
5458 472
3330 6348
658 4201
7876 3011
6963 4134
1709 8179
5523 3530
4548 5585
4997 8645
2036 7978
6356 7482
8967 8969
6457 1785
3615 1383
7896 1683
11 4843
4687 51
2410 5133
5897 1181
2727 1173
6477 900
1182 5807
7873 4279
7483 1441
7400 6053
5622 6649
14 323
535 1018
5162 2161
3218 827
7587 3747
5359 4513
8415 4677
8505 4612
4047 2630
4262 7564
2630 5379
7087 8225
1466 5736
63 7900
667 8592
1352 2348
3754 5831
1424 4397
3632 8002
3333 3463
1585 4474
6102 1960
8923 2577
8394 1103
6721 895
5425 1779
5955 8536
829 5876
7071 8444
3941 8337
6420 3863
3058 2591
2279 6108
4439 6078
6616 2131
8758 2311
7099 2453
419 8100
8503 8448
3948 8923
5223 8453
2997 230
2153 8555
7240 3765
5018 8588
627 3580
6242 7487
8235 7096
6150 1492
8902 735
2022 4466
1934 6658
1273 5138
5286 477
4429 8208
2721 6989
4478 896
3177 2515
5698 7015
4313 4781
6219 5604
554 3874
6328 5059
484 8592
1369 7089
2279 3202
5821 233
6957 4522
4102 1429
8961 418
8019 3218
4159 4500
7212 2241
3006 7891
8747 7262
6728 4174
2318 1811
5824 8266
7011 620
2598 7793
7303 4468
117 5093
2230 7327
5711 5323
20 2888
3443 4594
8595 7416
7214 6632
299 711
6466 4336
767 1019
7389 3500
5703 8144
2110 320
3817 5423
2351 7896
7022 2265
3018 1875
3321 4101
3984 8033
8731 6830
2736 5007
6390 8922
2987 5511
7813 3122
446 4724
4848 5571
4883 5049
2591 1964
448 2889
6612 290
4931 2929
8195 2395
4737 7896
3035 108
7050 1693
1862 400
1639 8748
1069 2418
4980 8493
6494 2942
974 8885
8711 5813
2116 813
7067 5081
2827 3477
399 6238
6152 5030
4542 4624
7981 3390
4363 7763
2648 7277
1872 7769
6307 7567
5821 568
2922 4936
3056 3167
3277 7352
7067 5277
5281 616
7838 7875
4318 5876
8030 5408
6370 3941
5594 7958
4991 7252
3652 7707
3559 2467
3024 3682
590 1585
6382 6827
8445 6949
1018 4600
7082 7607
7430 8076
4439 3036
4558 4434
7338 8678
8620 8234
6396 896
1518 342
7824 7241
2142 4284
400 8992
8792 7437
8998 8641
3713 1391
1266 5037
8019 3461
4780 8788
4604 8040
7098 3444
114 3012
8017 3888
7248 632
891 19
849 6278
6547 8434
8308 8950
3132 6523
8612 7674
3479 7728
6683 51
4266 5892
3627 8488
3726 5143
651 7379
3023 5776
769 6491
618 8722
6443 7238
3644 6581
1699 47
8434 8240
3530 3526
864 3757
4484 623
6683 927
6092 4235
950 910
5949 6394
7234 8923
5697 2386
7053 1065
938 4456
7571 1122
994 2343
1708 3907
3223 7015
5269 8985
4480 6978
668 3913
20 3438
1508 5516
722 6289
766 684
5432 6315
1349 1236
2736 5257
86 6568
1266 5109
6140 7628
5408 6812
6392 4604
8268 3595
2883 7946
551 8548
1453 5012
4626 5346
704 1941
5810 2521
7319 1833
1829 3796
7151 5272
1703 1882
6146 7267
2484 1082
7418 6624
7160 2546
1937 626
3971 1161
3193 8677
3758 7355
8251 47
2034 6024
2561 7024
5102 5224
3957 2995
2147 3232
5152 3802
5747 3877
5383 209
4697 8192
4224 5470
7532 182
1878 3197
8689 6750
2011 6071
5844 2392
1105 994
8569 8340
5952 3757
7642 6292
2504 37
450 7832
2288 345
3147 5633
3444 3284
3850 1870
6471 5114
849 1728
2700 3661
8419 8029
267 5506
689 3687
4148 7235
238 4497
4149 7699
3433 2921
5010 2818
3138 5222
6773 361
4470 2889
814 6896
122 1029
65 7836
1049 3107
7583 3393
3015 2852
6756 4875
5640 8955
7616 370
7835 3420
913 8611
7744 4773
3743 8207
8193 3339
4910 6530
8726 7700
3047 6990
6250 1965
1430 3358
5871 1068
3347 5897
689 7026
3635 6204
7722 492
734 7007
597 733
7767 4110
3482 5568
56 1496
1047 3047
3080 8311
5559 8280
6619 4883
1101 2174
3716 5898
1299 3894
3031 1825
7457 7718
5307 1114
7121 8889
3209 517
7219 8221
7570 4115
7500 5380
394 4579
1477 5519
7697 6449
2876 1835
559 2076
4246 8490
4058 7209
950 1825
487 2868
7870 789
7845 6860
3655 4772
5504 2234
5228 212
3918 7733
7903 802
459 8793
8285 5575
7183 2096
1767 7317
7233 945
2422 6868
7297 6396
3214 8749
2370 6427
2721 7334
7136 1658
6312 3697
5053 3725
3553 6244
2821 351
1757 7440
5192 1291
1606 6954
3093 1990
8261 6042
5501 3305
1884 3053
4695 6267
6663 5586
8884 5545
5914 4074
8875 8497
1983 2927
5774 4674
3689 4113
8355 948
4802 3955
3536 6398
1941 5678
5130 4388
8724 5203
1708 8872
6253 6439
5737 1
4447 2231
7059 8855
5844 4674
5521 2684
434 8522
5181 4633
5651 7644
6307 8056
5053 7962
6086 4266
5949 6392
595 328
6145 6630
1558 3340
398 70
8973 959
3187 7296
7365 7676
1149 5214
4083 5415
3529 7243
599 8464
7095 2562
4366 942
4706 6786
1155 3023
2967 2968
7388 7219
8106 2012
6757 360
2829 2576
8230 1268
8608 6800
5513 4836
6128 7213
8545 1130
478 7014
114 3251
1246 5550
1571 2815
3014 6070
8283 527
7398 4950
6387 1778
1761 3044
553 4017
6706 459
4924 4317
7176 2503
2751 3966
5968 7682
6119 5859
6962 8768
6595 5905
7908 6286
2665 4948
3519 7228
5005 8284
6897 982
2473 6244
7487 5793
844 3824
4616 5575
8727 4002
4188 5615
838 6990
5229 6791
2837 8878
5533 3363
3834 3441
8300 1275
2481 7372
4675 5194
8011 7401
5575 7660
7626 3577
6306 1978
3187 467
8444 3726
2180 2306
3813 5380
6849 3644
5186 5980
7901 2154
6290 5469
323 5504
7743 3251
6769 2841
4249 7237
2359 6744
26 2065
2054 2442
8859 6011
2172 5608
3521 3810
4812 2
3036 6677
1091 3138
7013 2671
5625 5629
7444 1423
7564 6090
1695 947
883 3849
5817 8741
5000 3259
8996 1195
4654 1346
866 1233
7553 4907
1982 1034
5099 7954
8283 200
6970 8764
384 6998
6020 2919
6851 6678
5006 4276
7350 2974
8515 7723
3160 4626
7823 5029
2385 5194
8848 6508
2887 2465
6240 1620
625 4488
2024 2355
3576 5658
2721 7621
4672 6420
8826 1348
1527 7773
1262 2759
6980 1357
7777 5758
118 7555
596 8419
5128 442
7509 4194
5242 271
5934 7840
6901 4084
8026 7221
4600 6976
7512 3686
5193 5742
3398 5651
3521 4798
5762 5113
471 7851
4412 3545
8662 8561
7774 216
6818 5246
662 867
4662 7044
5289 263
3288 917
2798 8139
5794 7705
7295 6131
5383 6586
4919 6145
1438 3278
1454 6073
5593 992
5674 1495
1238 3369
4232 5825
8326 183
1860 687
373 3584
2725 2820
8887 288
2076 2806
4220 4776
302 3358
6018 519
260 5560
2765 666
7408 2336
8946 1480
4184 189
7941 8694
8059 7795
4979 2966
8694 5029
5694 5381
8016 2948
7371 754
3750 3884
6719 561
765 209
7821 5652
8158 8827
8060 4399
5937 6146
6578 2353
6944 3698
7638 259
8112 5759
4230 1880
7760 1023
1865 5268
5073 4352
8556 8565
7050 8727
160 2172
4200 4357
8230 4892
7404 8848
7053 4605
7970 222
386 4099
6402 2458
2358 6868
2268 4940
1285 7964
5714 1412
3827 8300
7172 4842
3137 2570
5627 1421
7688 6432
1946 673
329 5306
8433 8219
7143 8078
4970 839
4393 3831
8491 783
6481 7312
6125 1028
6146 3354
95 8872
7070 3766
2544 7776
6441 7282
6339 271
721 3599
2453 7869
6907 6679
5603 3203
4869 5910
2101 6693
293 3381
8050 6694
3521 7889
3265 3061
129 2290
2078 5902
667 5215
6602 7756
6272 1189
8316 6386
1659 4744
7834 4245
5158 4256
8693 7505
909 3367
3880 997
603 5371
945 359
667 8199
2914 3874
6759 7277
322 7445
2530 8349
236 5514
3304 6266
2400 3871
784 2064
1940 2318
7990 5895
1214 476
7654 6400
2924 5436
4471 5202
507 7804
888 7785
7797 6952
96 3514
7122 631
927 6503
449 4451
7016 1041
997 539
4057 6649
3994 5799
6726 4094
900 7425
1746 1118
2420 546
6734 3270
7462 818
3836 8375
8973 1976
2516 1508
8951 1799
5904 7471
371 4539
5708 5357
8332 4076
151 800
1114 5583
5018 122
2712 1557
3670 978
2969 3851
560 5241
2863 6377
7629 3521
2645 3989
6551 2932
5572 8061
460 3288
1759 6601
5529 8526
2581 5612
1968 7182
3428 3071
8564 3846
7378 5464
5217 2978
3368 8078
2128 2980
1872 7689
5740 4033
2961 6966
6359 8333
4791 8333
704 6655
6740 1850
7633 136
3608 5621
4276 2172
2999 3107
8976 4391
8733 6129
1742 6362
8266 3648
5553 6778
8934 4399
4251 6204
5537 8434
6715 5351
5981 6513
6216 6845
5302 4105
1314 6612
2295 3806
5802 6002
3889 5551
8826 7112
4526 8049
5752 6116
3345 2354
6947 6682
738 6935
533 5873
865 8704
5102 8103
543 6850
5652 3700
8431 341
5353 6976
7430 531
5984 1464
694 6253
3014 1196
4523 5388
5041 5806
7633 3134
1535 6666
5411 6886
5283 4422
5079 6554
584 8498
1575 67
1922 3258
5977 5710
5330 483
1389 4504
5970 5895
8917 6960
6732 1240
4424 1805
2505 4608
7421 2049
2506 5775
5927 797
6119 8973
3096 4115
3407 1507
554 4488
3931 6640
6817 1602
5256 8818
3559 26
8086 8476
8345 3307
1847 6739
3786 5492
3321 278
6094 7499
4901 6254
5340 7289
1894 5424
4669 2907
3969 4466
216 7726
6108 5702
1104 3750
6967 8936
3371 8593
5693 6309
7836 242
3019 2027
5917 5896
4337 5448
314 8113
7297 6852
3732 4046
6643 5299
1598 6186
1215 6700
5676 3011
3659 7996
1236 4712
494 7207
752 51
6448 5463
794 5625
5557 4344
2083 2268
7316 8988
5529 4325
6172 1781
5795 4398
2651 6937
3234 4071
4307 8435
6673 8105
940 440
6647 644
845 5079
4183 1415
4777 4215
597 3077
5354 5121
5738 4308
2930 160
6275 1681
7317 7544
2194 8187
8425 2351
7644 2969
8776 2886
8357 5186
2643 3864
6296 2809
6206 3374
1596 5370
3666 4034
6657 6791
2743 681
105 1632
7674 5656
2911 1560
1562 1907
1678 656
7129 3251
2385 4278
8983 2014
3213 5320
315 6775
6410 6943
624 6840
2234 5451
8685 8319
5113 718
4173 1343
532 4137
4927 5601
8083 6894
6193 7630
6102 8598
4323 7713
2655 8608
998 6658
8052 8664
311 582
5998 12
5914 7710
2486 8882
7563 2232
5940 7706
7190 5530
3473 4792
7531 8808
3506 5940
7500 7185
7954 2746
2297 4565
7532 3705
7545 8892
1557 4820
539 3494
4116 3393
3856 2168
8447 1894
1503 6774
6786 4715
5134 8920
5948 5207
2136 8755
6777 6168
7898 7244
6523 2452
16 6553
7583 6752
1071 585
1985 5420
162 2457
8386 8789
3451 234
5870 1178
6122 8477
4502 4041
3642 4347
1067 6837
167 7019
1242 8752
253 3525
8378 5983
5683 1239
1804 8546
6092 7931
3051 3429
1251 1442
249 5184
8114 2395
4316 6304
3564 5112
2368 6337
6196 2701
8720 3243
2901 4484
8637 1277
1423 1678
6221 6565
5910 8301
2460 8113
1061 3431
3175 66
8388 1488
5084 4310
6808 1718
29 5517
3007 6559
7517 4672
5721 1683
3252 7839
4277 1764
1571 5073
3505 7103
5728 8066
5949 1483
2777 5479
8764 2028
8433 5961
5002 727
1333 701
800 5288
746 6355
8416 8910
4655 3170
329 2545
4293 6830
396 8331
4485 1148
3937 7416
2705 4694
4134 5400
5969 1568
8060 7269
3962 5939
7291 1197
944 564
4017 6206
7782 3206
5801 8815
6737 8545
1635 3079
613 580
67 4540
850 5645
4716 6680
1797 460
8774 1241
8796 7446
4041 989
5755 8813
4709 4990
1023 4507
4375 5197
7720 5748
4194 3082
7447 7329
4312 8149
2072 5434
7990 1608
8515 3688
8896 7465
1096 5012
4566 486
2668 7330
1371 7216
8875 3912
4834 8412
8791 7977
8761 8781
6222 6803
98 8040
2416 4676
6635 6433
8870 1341
3630 5183
5060 634
285 3253
2814 4515
5668 314
5400 8872
133 8092
4316 534
5571 4421
402 2916
2087 361
7669 7725
1047 3376
21 4894
1956 1789
4102 7758
3116 923
4715 8415
1907 7114
8587 8322
3879 76
984 1628
5423 1494
4495 8792
5478 8362
8708 5478
8800 1809
989 7447
8526 6992
3524 3091
2163 1545
1426 1852
5681 3493
4821 2852
7467 5820
5968 3534
8340 2659
5695 5069
8172 1670
1507 1739
7787 8799
176 2588
7609 3580
6284 7031
7635 6494
321 2983
3390 7338
6421 7132
7718 4609
8609 8048
2694 2809
7214 6766
8436 5658
293 8769
7037 2614
2442 8093
7090 2649
4281 514
7213 5258
3414 6804
2181 1964
371 5390
5337 6799
7540 5757
6723 5329
5745 7896
6647 1862
5320 4819
8784 5583
3300 8612
3211 3336
7972 8458
7862 8181
1305 1621
1130 772
1601 3933
5476 8170
8002 4301
1911 6476
2045 4653
3349 6589
833 4975
4046 7642
5190 5499
8299 1385
5749 4352
3353 388
3550 615
4952 702
1106 6547
5965 2575
3889 6176
434 3877
3445 7728
4770 8168
7614 6474
2102 8116
8797 1276
5395 4758
7313 8290
4311 2657
2147 1646
8164 144
4094 1458
2244 8992
4017 1044
4635 939
3239 8482
5817 2432
8577 4342
4269 8213
4727 3043
207 1177
8190 948
7938 2006
8023 5299
8025 2510
3569 7783
332 524
3427 2938
2884 3942
1688 650
7700 8283
6572 2709
7948 771
2897 4007
5679 6618
6258 1305
7248 7931
2504 7060
1393 2351
4968 2979
5092 6194
414 1362
4042 6761
2551 1876
7038 2328
2066 8198
396 3294
2350 3772
8319 2256
2732 149
1426 1402
1015 494
2582 7950
4618 6776
420 4211
3858 2761
3889 785
5950 37
3638 1166
1598 7045
5895 3306
6262 1831
6722 7822
3872 4189
2183 1504
6032 3687
8558 160
3885 5408
4506 2642
7179 4649
4947 6928
8963 2590
38 7411
4871 4883
3831 7274
1641 2433
7901 4642
8322 3730
2534 4027
5664 4358
7370 1400
4687 6336
502 3210
7638 4765
6260 424
3763 1581
5888 5710
3843 1604
2955 8004
4636 2093
3541 5400
5984 3038
6350 6058
7109 1996
5265 842
7559 8397
7667 3108
5003 1657
8420 6199
6402 3406
4215 1621
7577 898
4603 558
4663 1771
2752 1682
2598 6785
2028 2657
1761 2282
5669 971
8344 7475
1429 5242
3156 1670
6110 8282
1804 300
1523 7460
3902 2835
6493 8484
267 471
3249 3816
5053 3252
3372 802
464 7210
7243 3728
1154 1335
5990 7046
3464 5768
5349 4605
902 743
7010 5460
5346 7784
3313 3147
8104 5478
4333 8989
785 5772
5315 9
8342 4017
4553 8783
4881 1509
7677 1858
2759 5162
8047 4077
854 1960
4698 704
8702 2069
4135 1695
559 5758
6659 2158
6256 8725
6731 3443
7196 231
8033 6386
360 6355
7820 3066
5811 1867
5883 6370
5903 3355
3518 3943
4864 7196
4942 5406
1386 4815
6108 2154
1590 3273
2714 4974
1664 4707
5379 3926
6238 5492
355 3980
1940 5668
3950 2942
137 1031
5609 7311
1652 1515
4074 8889
1045 5541
4972 1828
3623 5730
2664 6358
4557 3886
4932 1117
8068 1923
8905 7644
3932 3426
8670 4896
7570 6225
4777 4219
4759 8945
5216 116
2312 7183
4557 4531
2619 5679
2955 6257
3660 4250
6182 2931
3089 306
2184 6659
212 897
6644 1394
1196 3860
7839 6563
7685 2892
8746 5624
895 6896
3901 6347
4173 915
3257 8192
6982 3585
6593 7800
2712 1462
6106 420
7551 8709
6031 840
1930 5059
1492 3505
6080 8618
3387 8792
6680 7518
5702 4184
7875 165
638 4740
89 2200
3377 2529
8101 7082
6906 3849
825 3278
1565 7507
8957 3437
4000 5860
4340 7850
6576 2606
1940 6006
1145 2229
6244 145
979 8031
7983 6485
62 361
1658 6314
955 1374
4049 5271
2693 2533
8280 7069
2583 7130
2587 6118
5178 4425
4467 3910
4062 6642
4861 4264
3737 7663
7242 8202
6464 2185
3685 1793
5652 8751
671 4880
1938 3552
3116 8413
8483 105
3510 2947
2433 1848
3909 2799
1981 5309
3923 2325
4017 7200
2138 1124
1192 5117
4437 4950
2620 8403
899 5765
7015 2806
553 5060
6726 2435
8630 3523
8309 6944
6318 8906
1112 2359
5498 6012
929 6601
2478 6906
1993 7230
3997 1495
7282 5431
8609 6491
5292 8196
2515 7770
6830 4143
8688 436
5688 4289
1060 1318
1836 5001
224 2265
1779 4103
3902 3561
1041 4241
6839 662
4044 4729
5785 730
5550 629
3504 1183
1240 7249
1840 8845
1350 6590
3698 3308
8661 1151
8946 616
6644 8259
7131 959
919 1258
7413 3962
4844 6045
443 2513
6346 971
5223 2154
4741 2812
5419 342
4134 402
1644 144
3791 96
7302 4856
6321 8573
2010 7939
5340 2469
2337 4839
6511 7761
2231 1428
4466 2072
4691 8200
6041 7311
8519 2695
5115 1756
6043 7272
5154 4671
3380 8273
2699 3307
6860 4006
3343 7423
864 2225
4931 7968
8533 6621
7248 3111
702 2226
3521 4887
914 2934
227 6556
6317 2812
5294 8668
8452 2691
7320 1080
8536 7681
997 3856
8146 5303
1316 4592
7025 2773
5902 7769
165 7776
5635 8624
8720 363
6155 2190
5574 637
2824 7314
2592 6885
893 854
7817 647
4530 5001
8153 2003
372 6232
398 1964
697 4124
