100
10000
15 70
37 8
7 59
83 21
50 50
76 97
2 77
8 36
24 20
3 92
52 78
47 50
96 47
64 38
51 50
13 81
79 79
92 27
74 61
20 62
66 72
61 50
16 69
93 64
46 4
7 17
43 58
43 95
96 63
91 48
35 22
9 9
13 61
10 28
49 8
80 31
98 66
27 66
69 22
94 99
19 23
63 73
55 24
81 54
29 21
15 83
73 40
66 97
33 58
65 81
55 11
68 84
63 59
61 38
31 38
89 47
83 11
93 92
92 8
55 42
77 77
65 52
47 10
81 94
91 68
74 38
55 48
90 56
8 50
53 16
40 42
32 33
87 95
54 19
47 39
98 4
52 94
31 71
80 17
68 86
13 37
81 11
38 16
21 37
63 31
22 53
31 83
0 67
7 6
91 69
6 46
99 80
84 57
52 87
21 44
30 67
69 35
52 39
14 25
22 63
83 32
80 0
12 92
23 57
79 28
98 85
24 89
83 37
54 92
4 43
47 43
82 55
23 95
98 22
20 16
74 36
12 86
48 77
57 81
21 49
10 41
65 84
9 89
75 96
72 86
54 58
91 79
34 24
90 55
80 11
8 52
48 49
20 95
97 88
99 84
4 52
72 7
57 47
37 25
64 2
58 61
78 56
18 41
17 6
78 25
25 73
16 22
91 97
58 47
91 85
94 40
65 93
75 90
72 66
10 30
78 9
38 41
47 44
16 14
19 83
73 49
67 3
10 23
40 63
72 17
80 37
81 97
94 20
75 61
95 97
12 56
68 20
52 52
13 81
60 76
45 75
16 21
32 73
22 42
11 53
88 26
24 76
22 90
49 50
91 14
93 84
5 9
24 39
88 60
51 76
9 21
35 15
31 96
79 23
83 59
9 71
75 90
73 26
89 15
78 63
59 97
77 4
69 12
53 86
89 49
16 70
76 8
79 10
55 51
7 11
86 21
83 42
38 93
77 16
63 5
24 59
79 7
64 39
93 43
83 44
49 30
31 48
7 35
53 40
35 14
10 4
15 3
76 38
41 69
3 62
52 11
69 45
27 22
63 7
38 30
53 47
22 62
34 95
25 92
48 51
61 27
72 41
6 70
29 75
41 31
52 13
63 48
91 96
92 15
7 60
93 73
39 56
39 90
48 79
61 9
41 58
88 86
68 70
2 34
60 75
93 42
14 26
43 57
44 39
26 73
96 82
49 46
27 70
42 95
71 0
5 21
93 69
4 9
31 4
84 49
48 50
93 56
11 88
67 75
25 49
54 26
80 91
73 42
56 81
26 91
95 9
49 33
77 18
87 27
54 84
49 81
2 20
28 99
1 32
57 48
82 99
21 86
46 93
32 92
94 96
13 28
71 83
59 91
65 75
72 24
77 59
15 16
98 13
10 42
95 86
67 35
81 50
67 56
70 45
81 19
7 10
74 32
42 49
27 17
82 66
59 0
84 32
46 79
8 32
42 38
96 65
71 55
18 20
60 94
94 52
15 63
27 24
64 88
30 24
69 75
44 61
85 68
99 50
8 61
36 76
7 14
29 48
6 98
39 1
41 24
45 10
91 20
58 79
71 64
88 67
32 73
69 7
39 0
19 40
3 20
94 43
83 22
15 39
89 27
94 72
77 98
26 58
51 33
91 37
54 85
43 88
13 6
12 74
96 61
71 9
95 3
77 58
28 60
15 73
18 50
93 74
43 47
66 27
24 31
10 6
71 75
27 1
16 65
99 6
19 80
8 45
81 9
43 32
94 28
10 6
96 90
70 6
68 3
75 18
43 24
48 55
63 73
63 0
95 34
3 86
10 57
54 44
22 26
98 75
27 26
11 66
51 24
25 27
78 95
16 75
65 34
77 64
21 60
25 44
89 17
39 44
96 87
7 98
11 32
74 43
83 79
12 99
27 53
27 24
53 5
87 97
27 51
69 46
6 23
98 27
82 69
41 51
61 35
52 49
98 4
80 57
10 45
48 64
99 52
44 58
63 29
2 21
56 61
64 41
50 79
9 42
86 19
84 93
47 72
98 64
82 66
84 30
23 72
15 21
1 36
26 83
1 48
28 94
37 63
5 92
47 77
63 47
85 74
71 63
71 2
51 7
82 60
50 47
60 1
9 38
1 46
29 38
93 37
45 11
58 5
87 24
31 66
7 53
44 84
9 97
96 57
19 94
68 24
30 22
44 66
76 71
5 16
32 8
28 83
10 8
3 56
52 52
79 0
7 96
15 68
15 14
82 35
24 77
9 22
98 6
34 25
88 99
18 31
69 20
10 90
11 12
85 75
32 54
76 78
33 11
44 61
59 36
20 3
93 93
33 51
86 89
51 53
61 0
36 56
27 97
65 1
43 87
43 77
96 44
51 38
64 86
57 6
18 89
91 71
50 88
56 22
72 55
20 33
96 81
64 99
21 37
76 43
49 73
2 87
47 57
4 8
5 79
68 20
89 75
60 64
54 16
65 1
68 57
74 35
75 82
22 22
88 92
20 22
94 95
80 99
57 74
38 77
17 33
95 51
1 14
13 37
3 73
56 56
13 99
5 83
47 39
91 17
64 71
93 81
62 17
35 75
92 6
40 48
24 97
72 17
19 77
61 40
36 90
65 83
94 41
39 38
72 1
56 40
3 84
98 82
39 96
90 52
95 79
5 21
58 99
87 47
41 59
29 0
33 26
15 97
44 4
40 63
75 68
36 19
38 36
33 87
3 52
14 8
6 99
29 61
36 63
66 79
68 57
49 31
23 71
88 75
67 87
40 34
7 13
29 56
0 99
67 97
94 23
21 91
79 93
64 21
94 81
34 96
45 83
71 58
90 23
9 13
26 99
36 29
95 78
70 72
0 62
86 1
83 62
76 31
67 36
15 75
48 8
70 98
74 3
93 7
53 89
2 96
96 60
70 26
89 84
87 84
95 41
97 76
60 32
86 71
48 84
14 52
99 14
22 64
7 83
99 22
49 52
43 16
90 42
19 62
2 52
46 94
30 29
63 68
64 26
8 94
68 37
81 4
77 68
58 5
43 60
52 81
65 26
44 11
84 76
81 15
51 79
86 45
7 12
81 41
70 43
32 88
7 71
49 4
39 34
79 72
1 65
42 41
40 86
78 27
33 15
49 21
65 49
48 47
18 14
27 59
88 56
62 50
36 34
47 41
93 21
61 5
77 71
28 91
88 18
93 91
13 6
39 64
95 96
78 91
57 42
24 49
22 5
32 47
52 13
38 15
27 12
18 16
82 92
53 81
91 78
57 49
95 41
5 1
3 47
93 6
54 62
99 94
79 64
20 99
32 27
62 46
34 83
42 71
99 0
91 86
80 48
85 82
26 95
46 42
81 15
45 76
63 37
44 45
29 57
76 96
21 17
48 3
86 20
30 86
65 58
11 1
28 56
6 73
76 39
56 11
90 34
33 89
18 23
15 4
64 97
16 4
30 28
88 63
28 61
74 40
44 0
58 42
80 68
76 83
79 87
84 52
32 46
91 35
41 70
19 84
19 16
62 92
21 8
50 35
93 75
85 22
1 57
94 67
7 24
56 56
58 58
5 83
50 11
42 87
58 7
73 60
32 53
85 54
72 50
66 13
54 23
44 3
85 80
81 14
9 97
8 2
1 29
97 38
94 88
89 68
7 91
78 4
42 32
46 10
81 89
52 11
14 44
7 46
88 15
34 37
87 63
35 26
24 2
28 5
98 89
16 58
53 59
2 75
49 24
64 48
68 2
20 56
76 16
38 93
78 99
22 62
14 87
9 33
2 91
36 60
71 9
14 39
54 92
66 32
58 91
47 86
20 62
49 42
90 4
86 64
8 52
45 55
35 82
70 39
73 37
20 96
78 36
31 94
89 41
24 43
97 60
6 14
51 5
74 94
80 62
71 3
84 18
23 23
38 52
83 79
9 99
65 50
75 48
72 68
84 52
87 91
99 30
85 96
24 86
99 81
1 83
45 60
71 25
9 59
43 2
9 96
66 54
79 41
2 37
21 26
6 46
6 49
60 31
61 35
84 92
43 60
66 3
56 0
47 91
50 70
52 21
77 89
62 28
65 63
6 55
95 14
36 85
98 21
82 91
40 20
81 39
71 6
96 97
86 58
21 79
0 96
98 17
67 39
6 46
28 10
71 47
33 79
34 8
3 10
81 24
34 78
30 96
21 61
52 73
67 71
29 65
52 45
23 62
49 52
34 86
2 67
66 86
80 89
84 55
8 10
27 73
68 20
3 65
27 40
77 38
28 89
18 19
3 74
88 26
35 94
8 48
16 17
57 52
99 91
44 66
73 18
14 48
59 8
93 59
23 60
55 89
94 27
19 46
44 82
48 54
40 97
53 10
20 93
46 57
67 83
9 93
99 20
7 95
6 64
37 46
27 11
68 41
42 48
92 24
61 0
20 45
62 71
69 4
99 24
35 9
32 5
14 60
41 35
91 31
58 78
75 67
98 66
1 76
49 40
63 89
64 68
71 2
6 53
49 6
89 41
22 81
94 72
70 77
71 45
58 34
38 41
91 20
29 7
34 81
62 92
0 81
85 67
94 28
60 25
65 45
46 97
9 31
59 45
65 6
84 90
4 39
25 90
0 69
42 53
8 0
35 87
4 38
17 56
85 81
26 85
66 12
28 37
83 33
36 40
71 26
8 82
12 79
0 45
11 67
80 55
61 20
91 82
74 89
74 24
28 92
66 77
38 99
54 57
48 8
10 14
22 34
87 58
22 4
0 65
26 10
68 76
22 3
94 63
90 4
10 93
23 2
42 83
23 98
7 45
30 47
76 32
94 8
47 69
12 51
69 44
75 42
34 98
31 60
28 57
64 85
55 22
56 72
19 10
84 97
62 55
37 54
21 86
84 11
88 60
60 59
67 50
10 87
44 63
52 25
33 26
82 13
83 75
50 29
55 47
88 34
26 49
19 4
45 19
61 12
25 14
62 2
85 79
52 60
92 58
76 41
84 76
91 34
29 97
19 21
22 64
24 31
30 43
99 52
98 70
33 80
13 78
45 10
61 4
48 68
86 2
77 66
61 74
62 60
5 16
2 91
15 53
5 1
93 21
83 97
53 97
0 40
86 14
13 26
22 57
80 40
61 80
45 38
52 50
26 83
88 23
46 53
69 88
48 19
97 28
56 20
44 45
84 2
29 14
64 28
3 98
1 19
90 85
85 56
8 70
41 39
56 66
94 47
61 70
69 37
90 88
76 10
92 38
72 50
82 3
62 85
11 51
8 18
73 37
92 97
16 45
90 12
18 36
27 47
8 23
65 74
82 90
96 39
34 80
17 70
5 59
66 67
20 99
2 91
67 22
25 6
26 20
59 97
1 3
65 95
24 53
64 6
28 13
49 65
80 87
87 58
69 63
97 68
80 21
86 75
49 32
82 40
76 29
9 74
58 83
36 28
1 44
97 18
58 7
48 58
40 73
35 95
63 63
12 54
20 60
1 14
61 84
94 35
35 67
86 13
96 52
64 15
52 9
21 11
35 63
10 73
78 84
99 61
19 70
35 97
32 28
37 62
57 13
65 13
68 20
16 53
64 59
18 76
4 30
41 41
13 71
99 57
32 73
62 21
5 99
41 33
57 65
97 9
46 35
56 46
16 72
14 34
38 19
90 72
66 81
38 17
1 69
96 91
39 7
3 77
62 42
63 41
29 79
21 20
36 76
60 14
20 17
96 59
56 6
37 86
69 13
84 65
68 97
28 13
67 54
59 68
54 79
47 24
82 87
90 51
25 45
96 29
15 59
20 49
20 8
12 89
16 49
60 29
87 68
1 10
15 84
10 66
79 61
29 66
39 63
20 84
16 7
27 91
97 19
18 22
12 10
79 70
94 44
46 92
77 44
71 79
4 70
14 36
13 17
86 45
23 89
96 35
81 13
71 89
54 58
42 1
7 30
3 24
28 37
77 84
37 15
60 29
77 70
23 2
19 2
85 36
80 5
99 94
26 16
63 83
16 18
15 58
98 66
63 34
62 32
76 50
77 13
20 10
13 58
20 97
32 8
19 60
81 50
23 0
47 2
9 1
45 78
59 5
48 82
70 32
61 61
1 94
1 88
44 59
94 50
55 48
65 48
27 93
43 22
28 97
90 73
82 26
81 92
95 98
75 90
31 33
31 81
91 78
32 40
25 29
8 94
41 18
5 13
81 5
62 5
34 86
84 29
79 50
9 21
51 12
60 22
13 72
77 93
34 21
95 10
80 94
93 31
67 1
55 20
31 43
11 36
14 26
43 5
76 97
65 56
92 23
23 65
36 73
53 93
54 64
54 97
32 15
73 33
61 19
91 9
44 95
44 76
4 90
5 98
57 3
12 86
13 83
77 18
87 52
82 13
61 23
66 31
58 24
60 84
87 60
45 87
74 51
74 73
52 52
17 7
95 92
2 79
98 66
74 44
15 2
0 94
89 15
98 1
93 87
3 94
85 41
7 92
0 59
78 18
29 24
43 91
44 95
50 71
15 42
23 50
2 35
84 78
84 62
53 91
2 37
4 3
98 24
39 64
28 64
37 69
1 75
72 52
29 7
22 92
31 19
49 22
56 94
71 74
83 34
86 6
33 42
84 48
49 42
43 39
38 6
12 50
62 67
16 3
88 64
61 62
24 90
64 45
53 46
41 58
34 78
55 33
72 69
52 57
23 79
93 69
47 67
90 80
0 0
66 64
29 75
5 24
55 56
43 72
84 68
92 98
80 60
8 41
84 41
93 31
40 20
21 22
34 29
21 36
3 62
22 92
14 81
79 2
29 26
37 24
6 57
2 85
5 23
26 36
43 85
95 76
14 3
59 49
60 83
57 66
80 52
94 94
87 60
78 20
34 72
86 26
96 79
24 20
20 80
84 12
91 9
92 30
26 84
17 10
24 52
35 23
52 51
48 5
66 85
20 48
40 99
55 90
92 68
50 95
1 19
43 34
58 76
45 1
79 69
17 7
53 21
5 69
84 57
6 98
33 26
74 66
87 68
61 50
53 90
29 44
96 96
46 37
91 96
65 82
30 96
89 83
8 35
31 30
43 66
84 40
81 77
98 71
84 17
64 70
31 75
94 34
35 38
72 50
80 96
25 26
33 5
0 94
90 22
54 6
48 94
54 55
44 16
84 83
11 83
11 53
6 44
68 64
98 47
95 73
52 51
59 93
77 94
72 13
74 11
70 22
22 47
48 11
32 45
83 20
15 8
47 71
17 10
30 69
62 51
91 5
22 41
75 54
99 83
20 32
26 29
34 48
49 16
5 66
21 67
45 26
17 21
69 40
62 59
33 70
65 37
86 4
78 22
79 50
87 7
42 17
27 73
33 23
40 19
77 37
18 36
98 21
74 24
36 24
51 31
30 79
64 10
99 52
76 28
84 55
0 27
54 11
25 27
57 35
39 94
64 98
99 69
57 0
12 30
78 40
38 68
88 97
71 53
42 5
30 10
97 31
57 79
4 36
99 15
35 69
50 66
73 36
31 74
45 31
91 3
91 52
54 35
14 72
23 98
89 44
46 54
0 63
98 30
11 17
83 72
1 67
56 1
36 48
37 19
13 20
48 75
88 69
94 68
75 51
67 63
77 60
63 9
0 56
67 50
95 9
73 7
24 63
88 78
35 23
3 7
49 48
67 9
13 91
69 66
3 86
47 42
31 48
16 12
49 17
41 60
61 92
89 25
80 97
39 95
12 74
16 40
82 28
42 59
12 43
88 24
83 36
46 74
22 2
77 33
91 13
79 30
16 92
73 70
45 70
12 43
92 70
87 98
48 92
21 31
44 41
62 49
64 71
58 42
35 54
56 84
42 94
56 98
86 81
18 61
29 44
83 74
12 78
94 73
57 78
54 34
47 96
30 61
72 89
39 51
88 24
18 12
77 15
44 31
16 8
91 19
17 58
81 0
60 51
87 85
97 78
28 28
19 83
7 88
46 45
17 60
49 74
49 68
85 86
59 28
74 32
42 59
40 20
75 10
98 21
21 78
51 66
96 38
3 97
20 36
46 73
68 62
2 9
64 83
22 59
64 38
61 50
10 55
32 95
19 28
4 61
74 31
53 90
14 68
53 73
62 52
71 23
79 74
59 69
90 17
40 91
33 79
81 33
45 21
18 28
1 76
33 11
16 28
31 85
66 61
42 64
16 96
93 68
59 12
34 10
87 87
20 28
82 15
93 99
85 62
36 94
45 42
33 21
29 85
46 25
73 25
48 33
41 54
50 35
80 42
44 79
36 63
35 4
22 70
75 17
43 20
68 6
16 68
10 99
98 71
30 99
90 23
0 4
62 14
79 98
13 75
18 21
93 2
81 69
38 37
98 52
78 95
55 66
41 23
25 45
38 82
26 74
43 67
79 10
27 0
22 2
9 16
6 91
17 27
35 7
85 23
24 87
10 23
87 4
92 29
56 61
66 64
77 49
51 85
25 27
38 70
81 94
4 3
31 24
52 72
38 63
66 46
11 33
48 70
21 77
48 94
55 41
10 16
91 30
19 65
70 29
19 93
78 37
12 80
53 26
18 0
77 32
39 2
60 26
4 14
26 73
88 5
58 74
87 64
20 96
99 29
65 69
6 43
76 98
7 12
89 92
64 3
11 50
77 81
55 11
79 49
73 81
9 46
65 34
76 99
10 19
53 84
87 70
88 11
65 11
19 50
13 62
90 30
84 37
88 0
18 85
42 37
11 86
31 23
64 32
15 0
97 97
80 78
41 50
54 33
82 50
34 11
39 44
10 90
76 19
50 81
69 6
31 0
63 39
96 4
8 84
44 31
69 47
90 67
59 59
87 4
75 39
64 80
61 90
38 71
12 5
96 64
9 5
14 16
72 16
10 4
27 38
45 87
79 96
96 59
14 20
99 90
25 60
60 68
91 95
88 9
60 78
77 64
32 33
29 92
81 62
31 99
36 42
65 76
13 79
94 74
33 40
22 69
87 28
12 36
68 20
49 88
78 39
82 13
43 76
84 16
9 24
44 54
56 82
65 38
82 37
27 1
64 23
25 21
12 46
62 43
49 36
5 61
38 2
34 82
93 92
39 7
84 46
69 33
53 75
79 0
37 39
84 70
54 58
4 94
30 10
68 54
65 42
19 55
20 38
24 51
99 5
58 55
98 83
42 77
79 56
15 85
59 43
32 20
80 53
88 52
85 82
91 45
9 42
88 70
36 87
17 15
34 3
8 70
26 85
86 36
76 96
88 3
29 50
18 46
41 55
64 81
98 50
55 34
64 69
0 86
17 73
14 25
70 2
37 23
42 2
96 2
98 32
79 80
24 15
21 66
73 38
4 26
51 2
53 6
43 81
20 40
66 49
10 13
35 25
71 56
3 88
37 25
73 26
93 58
76 67
34 71
5 56
76 82
53 89
28 48
7 72
51 75
39 78
14 64
24 54
7 16
44 48
86 33
61 19
82 60
57 22
6 75
75 70
3 35
4 69
11 11
24 67
25 4
65 46
35 60
71 52
67 41
75 14
85 40
77 25
89 51
80 44
64 3
69 13
41 86
10 19
49 93
66 31
30 69
60 33
5 10
11 29
13 88
67 57
24 0
25 92
6 27
39 99
53 66
16 20
18 52
44 70
10 86
95 59
84 2
34 33
12 6
39 47
19 4
49 76
17 94
34 24
16 35
83 4
25 0
36 83
14 19
99 4
97 71
20 38
58 72
2 66
88 1
54 23
2 54
78 60
18 62
66 6
9 14
97 90
60 74
73 84
5 9
64 65
83 14
35 5
43 18
24 50
22 96
82 66
1 23
47 11
32 51
81 17
34 29
9 6
46 14
43 44
65 59
97 67
31 33
23 41
80 23
11 61
90 81
27 6
41 95
47 31
86 13
77 86
65 38
80 5
84 71
85 45
94 91
15 99
55 75
99 40
68 78
43 97
10 24
43 88
14 64
66 94
19 75
75 43
56 62
75 6
24 24
60 40
34 5
37 64
15 70
77 21
16 0
63 6
1 97
61 59
85 45
89 80
12 71
55 14
72 92
9 53
80 87
42 82
71 58
75 8
77 24
17 80
21 59
17 59
74 57
34 4
26 6
11 20
50 20
32 72
84 7
65 0
8 0
69 15
46 79
6 99
5 8
12 99
29 84
81 59
50 68
9 50
22 16
21 79
83 46
26 69
74 56
74 58
9 50
89 56
17 23
96 84
6 3
99 74
71 88
37 82
98 76
71 98
71 53
22 22
18 36
84 11
40 29
25 19
85 79
85 85
99 44
9 85
14 82
19 26
7 64
9 61
26 55
5 43
66 90
73 59
85 92
13 25
85 79
30 49
55 71
95 40
28 93
22 68
85 72
62 57
89 45
68 45
26 55
20 30
53 25
38 24
73 12
87 53
71 33
96 15
74 68
16 24
31 89
76 52
22 46
87 56
62 79
51 2
58 60
10 29
37 96
84 13
89 26
74 45
24 70
87 24
69 18
8 46
39 22
55 32
40 59
24 70
34 53
53 17
66 42
39 87
74 11
67 85
33 93
57 21
85 81
99 93
29 18
75 49
40 38
99 33
90 99
10 11
15 2
25 69
61 50
6 96
96 62
57 60
40 2
16 98
75 67
31 45
17 8
1 47
35 31
67 94
78 56
0 52
19 19
55 46
14 78
79 73
52 56
94 73
17 92
46 6
6 60
46 47
51 61
56 72
52 15
17 33
14 76
60 72
75 3
4 24
8 90
71 73
66 50
18 41
92 36
19 12
96 15
46 66
30 4
63 90
97 2
96 25
7 0
73 29
92 67
75 63
49 99
6 98
66 83
56 92
6 15
36 83
0 34
65 74
30 17
41 81
52 76
17 59
58 11
0 91
8 43
42 97
88 39
97 41
81 59
58 93
52 33
89 92
2 93
64 38
48 11
30 43
40 29
75 96
96 39
16 84
31 56
47 57
60 13
52 74
8 5
40 27
31 17
48 76
88 3
42 22
66 0
9 74
64 87
61 53
0 11
37 7
62 61
37 39
42 33
75 91
16 94
35 38
45 82
66 39
38 23
51 99
87 50
2 10
86 78
84 94
14 12
32 51
24 52
93 38
38 87
44 15
47 89
47 39
15 38
5 94
37 73
25 61
84 94
23 8
10 54
7 88
54 85
67 80
94 84
86 44
27 52
53 70
0 51
49 65
75 18
37 3
79 32
17 37
83 12
42 25
93 70
56 4
6 29
74 98
60 0
19 66
66 58
80 66
62 15
97 42
0 11
60 14
98 1
27 35
56 43
22 55
92 33
98 30
50 0
60 7
97 36
22 55
36 50
83 75
44 55
67 82
48 20
63 96
30 43
0 1
58 68
51 5
57 51
7 80
45 5
66 14
95 25
50 40
80 94
86 24
29 83
24 25
96 46
11 88
22 65
94 77
29 40
11 62
58 93
52 86
28 22
67 81
2 31
54 52
87 88
87 11
39 23
96 38
53 74
35 4
51 40
30 38
36 33
79 64
65 80
7 8
69 56
76 52
63 61
7 78
52 65
49 85
74 83
87 85
56 16
75 38
12 10
73 36
45 19
2 41
54 5
32 47
29 52
84 69
59 56
16 87
71 51
50 9
60 77
98 41
22 32
74 26
60 8
30 35
51 28
86 57
20 47
93 80
8 24
78 70
56 67
28 39
11 19
99 61
69 27
55 39
19 89
37 63
54 27
98 96
36 5
61 26
97 83
97 25
44 37
67 5
23 74
40 17
62 94
58 17
72 91
51 12
7 66
90 80
65 66
27 36
1 22
19 51
37 31
75 10
33 51
62 23
52 45
71 16
17 52
72 32
78 72
28 17
62 3
46 7
31 23
47 76
63 36
49 8
26 50
90 60
39 8
84 18
17 5
34 46
53 96
0 22
80 36
67 71
29 79
17 14
77 0
29 21
83 23
65 43
37 35
96 38
33 19
42 13
59 42
44 42
74 30
46 51
49 89
52 55
84 69
61 2
37 49
78 59
64 12
84 54
82 82
55 99
37 84
0 1
22 78
51 69
69 91
60 41
24 94
43 28
57 38
61 75
95 39
96 96
62 67
82 32
14 1
99 57
24 29
10 82
88 23
59 13
81 34
74 36
48 94
4 80
24 83
50 32
61 42
82 34
40 64
21 95
55 65
55 37
16 5
72 4
43 31
74 71
66 46
17 67
67 71
61 73
70 42
67 81
59 62
51 93
3 91
74 66
92 84
51 16
54 29
68 78
4 78
13 91
70 54
48 81
19 14
78 25
33 5
28 26
92 79
21 89
45 87
98 1
55 90
7 25
80 53
35 75
33 55
55 32
85 80
0 50
72 1
71 55
74 33
83 18
76 43
37 29
65 31
12 3
10 32
93 70
23 36
58 61
60 22
27 94
45 12
48 68
53 55
55 25
54 81
32 41
25 97
59 38
4 23
76 78
26 96
93 70
31 84
50 46
62 12
28 10
48 61
34 34
98 59
53 42
54 17
70 0
47 99
42 66
33 45
92 72
30 41
56 97
96 30
95 80
88 54
79 91
64 99
3 71
28 22
86 40
25 90
8 10
5 6
75 78
49 6
55 21
55 13
44 24
52 96
31 96
60 15
8 45
79 4
50 83
37 4
58 45
34 22
29 64
43 0
15 11
26 81
16 89
95 71
57 76
77 68
50 44
21 9
27 76
2 48
12 6
61 18
23 20
8 90
17 73
50 78
42 82
31 1
91 56
14 92
78 74
5 18
37 63
4 73
84 66
45 45
74 61
63 50
11 18
91 6
23 24
78 85
21 77
39 28
90 87
83 32
40 0
53 23
87 21
76 52
69 92
39 46
58 48
12 51
0 50
94 82
2 80
80 1
40 91
12 83
41 37
56 80
70 40
77 52
16 30
72 57
44 0
26 82
23 99
16 23
79 29
95 4
8 15
36 10
35 17
18 4
72 78
37 74
49 19
93 14
85 89
12 12
42 66
33 92
45 53
13 62
63 54
47 44
33 89
72 48
11 37
60 17
99 88
54 33
3 35
6 74
83 89
21 85
54 11
24 41
29 17
83 71
33 77
15 63
28 77
91 31
8 88
17 44
62 41
58 1
80 38
53 24
48 76
51 3
88 94
33 7
49 85
59 79
40 63
33 66
84 10
26 73
50 73
0 91
90 54
65 70
2 10
2 82
83 74
63 5
46 67
50 99
86 37
32 78
98 55
76 39
62 77
17 64
3 84
19 91
57 23
91 87
44 23
77 81
22 78
36 2
86 58
80 23
2 33
97 99
47 61
93 97
2 91
92 87
99 91
74 12
27 93
30 51
0 72
29 99
56 97
62 81
76 48
69 53
86 5
88 84
95 51
28 31
63 26
44 98
44 98
69 12
43 15
46 34
40 32
99 77
75 53
91 89
30 13
7 11
80 42
72 1
26 60
20 93
10 79
64 17
41 43
65 86
58 37
28 9
84 11
70 98
97 25
75 95
44 96
84 41
14 32
38 1
49 95
79 71
17 86
49 67
20 18
33 68
95 7
69 43
17 12
15 75
26 78
76 14
43 75
5 37
49 86
82 50
28 79
27 65
77 74
80 12
89 63
17 2
98 17
17 70
40 44
14 74
9 28
89 44
30 30
29 28
56 88
54 51
80 61
39 86
99 55
1 39
75 70
48 97
79 84
28 75
13 55
84 82
92 88
4 84
45 91
59 20
46 61
39 47
56 41
3 85
11 23
41 14
99 89
8 81
50 96
91 46
50 62
44 18
89 10
87 32
33 11
27 46
77 82
1 17
98 91
87 22
58 30
3 82
1 5
20 57
71 40
84 43
99 57
13 79
48 0
56 27
28 93
58 32
61 44
48 11
57 21
41 37
71 83
33 9
42 70
54 38
68 63
46 33
12 20
72 33
79 93
94 99
42 83
27 42
32 91
13 58
58 77
22 35
96 39
55 17
89 6
62 15
79 79
79 16
87 20
86 12
2 26
41 80
55 41
94 4
92 41
68 88
82 15
12 51
69 60
37 70
82 63
2 85
7 17
61 86
50 20
62 9
1 33
15 83
68 20
51 30
88 84
67 35
92 75
21 35
85 61
4 98
18 80
16 60
22 22
37 57
78 98
37 31
25 43
13 76
74 12
41 48
70 59
15 34
95 2
39 18
67 98
5 49
45 38
63 9
2 9
91 92
11 63
30 22
65 39
70 30
11 90
88 27
51 1
63 11
59 36
16 80
69 54
36 12
45 44
49 98
29 57
15 64
15 84
79 94
49 65
94 52
48 68
1 79
97 97
89 98
72 44
9 53
32 92
55 4
11 21
36 88
73 5
76 14
17 27
73 72
97 99
58 8
15 67
40 74
23 51
17 54
66 45
85 38
54 34
79 45
52 95
52 43
41 73
23 20
55 86
22 15
66 56
72 43
16 92
24 74
10 22
56 76
80 99
87 28
29 62
71 49
96 79
43 72
94 45
30 71
26 40
90 50
27 18
42 63
25 74
1 98
12 81
89 38
24 43
67 39
76 64
91 10
28 25
84 88
17 20
17 25
87 62
26 4
28 6
49 45
8 95
94 16
35 64
5 76
73 22
0 34
85 63
2 36
36 48
60 30
83 52
59 95
64 25
34 12
21 18
87 54
16 93
16 58
8 95
76 51
70 47
12 51
7 35
61 34
81 96
33 11
73 34
47 84
60 92
20 17
93 15
6 42
85 81
40 23
51 21
63 95
91 20
38 48
16 61
77 21
11 4
66 10
97 19
55 85
57 76
42 91
17 8
56 51
8 7
51 92
95 13
51 6
20 63
59 66
66 72
29 31
53 16
4 23
72 61
92 86
67 9
83 49
89 65
42 90
35 2
84 83
35 43
88 37
74 91
66 89
24 17
21 30
90 75
2 27
56 28
8 20
73 7
84 17
0 82
7 18
47 75
99 49
86 18
33 70
25 35
5 28
11 43
17 27
2 89
85 1
33 43
58 57
61 18
36 77
72 70
17 61
50 10
28 67
12 36
21 87
80 24
30 46
36 31
78 54
26 73
2 35
32 62
18 79
40 39
57 68
19 48
77 68
60 39
8 75
14 55
14 91
52 45
85 94
49 35
56 76
12 80
11 21
84 89
49 72
26 42
84 57
67 7
3 27
89 33
4 24
27 40
63 95
41 68
47 48
73 82
78 30
71 68
53 87
59 36
56 97
38 28
38 41
50 91
27 79
10 44
99 50
83 5
55 77
23 53
68 46
70 96
14 25
5 12
53 21
13 7
40 41
53 87
48 58
31 22
65 79
61 23
96 18
61 30
73 46
54 69
81 52
89 64
26 32
9 96
12 35
92 43
95 50
80 70
31 28
14 1
78 9
31 88
76 83
44 18
29 3
70 68
94 22
60 43
46 78
53 21
83 51
52 9
68 56
21 41
84 52
51 90
71 26
56 95
31 68
99 26
42 18
40 12
59 73
67 10
33 15
18 42
95 91
81 49
97 8
94 3
95 95
67 92
60 45
82 81
7 1
19 33
95 40
52 18
62 96
11 47
67 42
41 23
58 72
39 97
83 85
2 86
96 31
17 36
23 75
6 25
90 65
56 27
4 20
25 33
77 77
2 43
88 90
65 5
47 77
98 71
40 81
15 35
77 56
23 22
72 99
0 69
2 68
51 40
81 22
99 69
9 33
10 52
69 34
62 63
44 60
48 96
73 90
49 85
17 53
56 78
88 72
25 16
96 94
23 0
93 31
10 91
11 7
13 91
94 18
82 73
46 73
22 17
49 23
58 80
17 85
50 81
28 84
39 60
45 60
55 79
67 22
70 12
28 82
53 63
44 11
44 48
21 85
47 50
23 54
52 64
75 78
78 56
27 65
92 53
41 93
25 8
12 18
74 43
92 3
81 16
11 34
6 85
24 98
29 3
72 50
3 83
60 21
52 5
58 31
54 87
43 89
9 50
47 64
91 75
5 51
98 3
38 80
38 42
40 7
34 17
93 86
63 41
41 68
20 98
59 79
20 35
24 23
43 66
48 38
69 46
99 30
69 80
30 98
93 89
81 38
55 57
61 24
43 72
53 16
73 95
85 12
48 97
50 47
94 17
90 74
40 23
26 2
5 80
96 73
30 9
90 19
95 2
94 83
2 77
73 53
44 17
33 29
34 90
73 11
28 85
34 20
42 91
48 5
89 15
20 92
49 8
12 56
20 93
6 54
27 26
37 49
7 40
70 28
27 21
80 88
10 4
13 67
83 91
50 17
3 4
43 16
27 90
23 37
41 70
10 22
18 79
98 29
30 91
53 16
92 43
58 20
28 60
46 83
33 88
75 85
40 77
21 19
33 31
3 20
38 63
44 10
18 93
95 58
85 10
65 78
73 49
82 70
62 54
48 67
38 11
4 8
92 45
15 94
23 46
18 52
37 7
47 88
26 95
37 8
57 33
98 65
14 2
60 31
4 22
31 68
7 5
99 61
76 20
9 0
60 66
24 58
17 19
38 87
56 89
73 53
33 27
29 15
83 59
71 12
30 5
51 51
14 72
80 32
56 55
43 60
45 35
65 43
90 90
1 13
91 94
23 27
25 64
21 14
98 69
95 94
63 33
38 90
30 87
65 91
85 46
59 7
80 72
11 96
13 59
86 48
25 44
73 26
10 15
28 73
47 79
53 80
75 46
4 78
59 13
84 67
43 81
85 70
98 22
87 93
33 17
31 63
72 24
34 64
57 8
64 90
64 24
41 70
3 16
16 91
90 61
44 44
1 96
89 10
62 18
82 0
72 1
33 77
9 21
12 2
61 95
16 81
33 97
43 40
94 26
34 35
47 21
92 69
24 97
25 83
86 30
61 56
53 16
58 25
94 13
57 23
42 47
7 61
52 39
85 65
63 2
80 77
77 66
90 99
60 33
31 0
37 65
88 16
80 81
67 77
51 79
83 22
25 81
32 44
64 54
40 61
82 84
66 90
16 35
75 57
34 80
22 96
66 83
20 39
27 23
87 50
78 14
58 49
70 81
81 80
67 49
69 48
71 59
28 89
0 79
50 15
23 55
7 81
50 22
75 91
87 33
86 78
6 30
44 53
41 53
83 83
52 32
89 22
91 15
83 49
15 90
32 43
68 14
57 81
60 4
26 57
4 43
91 96
25 24
6 39
84 10
59 4
29 99
77 81
28 67
50 45
10 11
30 21
70 71
54 13
81 80
33 87
10 0
21 76
9 17
29 39
79 82
12 56
19 62
70 26
2 16
76 7
69 3
50 74
19 91
57 65
97 62
4 46
2 39
83 28
24 97
27 89
92 46
37 44
28 82
75 33
42 27
6 89
58 63
11 0
33 42
81 36
53 51
55 3
50 17
88 62
39 35
6 9
33 35
48 55
31 64
43 53
24 42
8 58
7 13
53 72
35 86
19 26
94 17
21 7
36 5
51 19
79 99
26 80
92 66
55 68
10 17
13 1
94 80
28 39
40 52
26 78
79 72
83 86
94 70
34 50
27 73
10 3
39 35
60 84
1 9
89 54
7 43
28 38
70 62
49 89
52 30
64 63
66 38
44 35
57 28
17 13
18 19
72 84
49 56
52 1
94 55
33 23
14 99
64 50
20 26
77 68
70 70
3 14
78 26
0 53
37 0
13 4
58 59
92 54
5 15
3 31
90 99
27 31
37 20
21 0
82 83
66 49
5 74
64 49
9 10
7 30
98 41
95 50
41 57
50 60
41 99
9 21
96 41
50 81
71 33
43 91
70 75
8 34
87 69
45 25
38 98
71 9
46 57
92 91
70 75
7 57
88 91
43 72
83 75
50 97
80 96
53 54
77 76
61 82
85 19
28 43
83 61
74 81
21 46
33 92
90 49
85 42
91 91
29 18
75 45
23 91
52 29
2 10
43 17
5 0
65 96
79 76
24 70
77 80
93 14
7 82
19 58
13 44
88 78
49 36
99 33
65 2
52 88
53 60
77 73
72 67
48 55
56 16
87 87
0 91
40 69
90 59
46 43
42 9
95 60
35 1
28 27
28 95
74 63
4 89
52 15
54 29
0 58
69 53
36 21
21 88
6 29
54 84
51 37
38 37
80 45
3 31
32 80
12 42
53 7
72 12
60 57
62 94
97 92
57 63
21 59
65 81
25 73
93 53
14 16
55 6
88 8
10 29
67 86
33 16
70 15
69 25
97 30
67 15
40 37
90 77
55 48
87 86
45 70
0 71
87 65
78 61
82 54
90 71
85 4
16 94
11 88
75 20
76 78
13 98
35 42
74 33
50 46
4 40
40 45
17 40
75 46
40 22
25 29
93 88
69 38
31 98
56 82
62 9
36 89
13 42
74 69
38 26
83 91
78 94
22 48
39 42
92 67
37 78
10 59
57 95
85 72
53 17
63 17
68 31
39 79
91 89
49 88
18 51
13 77
14 58
40 71
83 30
62 57
18 87
78 33
93 17
88 92
83 69
17 76
99 13
28 61
81 56
38 63
95 36
61 74
86 42
21 46
23 0
61 79
28 7
70 25
77 28
5 96
99 58
44 11
14 50
24 89
72 95
94 51
20 13
83 6
41 30
66 85
15 61
73 77
76 77
72 70
5 48
93 63
54 30
15 77
63 14
61 46
75 83
21 77
75 13
22 89
7 89
30 81
31 26
21 46
98 30
22 10
56 50
90 43
87 10
4 42
66 63
50 76
19 51
66 0
9 7
53 39
72 55
51 35
46 24
50 39
9 14
19 30
94 22
84 3
64 23
20 71
48 35
59 75
45 30
84 90
12 48
60 39
58 25
25 41
9 60
92 56
94 1
82 31
68 81
12 78
34 30
96 32
39 48
90 21
23 67
30 47
84 0
18 0
27 11
44 86
13 68
40 50
58 56
37 19
18 99
87 53
96 55
85 14
80 83
46 74
67 41
72 52
75 99
72 19
70 97
19 43
74 61
95 17
77 13
23 11
41 95
98 38
52 35
76 92
3 95
60 61
90 41
41 41
73 40
18 68
44 75
25 25
98 10
67 88
59 61
56 2
56 99
44 6
93 31
39 93
64 42
55 95
16 70
16 51
30 67
55 20
9 51
8 23
7 16
25 36
71 28
53 8
56 65
57 27
8 84
64 51
26 77
70 99
53 74
73 52
50 11
1 77
98 0
61 93
0 42
64 92
77 0
78 96
0 57
59 32
23 18
60 68
19 37
29 24
5 29
87 0
0 34
71 37
35 68
35 47
48 1
75 79
46 77
35 81
83 79
85 95
38 15
94 52
20 13
12 6
88 76
91 38
9 9
94 68
47 41
19 69
18 4
63 96
67 94
78 63
67 47
89 54
94 5
27 39
78 10
43 49
20 59
68 75
15 38
48 67
30 91
83 72
82 71
75 88
85 74
70 47
64 87
94 81
65 82
86 87
56 83
43 31
77 5
52 81
74 83
50 46
81 62
83 2
44 56
37 93
76 87
20 43
36 23
5 29
81 42
38 78
64 14
88 76
66 42
13 83
85 23
72 1
3 15
18 72
39 45
55 21
8 10
70 80
12 70
18 40
81 0
55 36
35 48
52 7
27 6
56 35
88 26
26 10
26 47
29 40
95 55
26 26
25 9
78 83
17 13
41 0
13 57
91 51
19 23
97 56
46 1
60 38
64 10
70 98
23 63
45 81
34 21
74 69
70 16
45 49
85 63
12 52
7 9
95 41
87 32
77 50
79 8
21 22
58 6
50 85
55 7
27 10
67 31
22 29
61 24
55 97
71 15
62 74
72 51
26 14
28 28
17 18
50 26
90 2
94 78
23 86
79 52
58 23
51 66
68 12
44 35
44 71
70 9
91 79
76 38
9 41
98 69
33 49
17 84
54 4
15 21
45 88
64 38
92 4
45 42
14 82
39 21
18 95
72 65
4 70
64 36
93 81
85 93
12 86
37 99
39 88
94 38
74 52
53 63
48 31
7 14
98 18
41 12
51 15
87 56
23 64
97 17
24 88
14 26
44 79
69 87
58 56
32 15
37 98
14 39
10 85
79 78
12 15
86 27
43 37
75 46
96 15
4 66
96 11
97 52
56 76
82 83
98 65
62 57
46 92
64 24
14 21
49 4
6 52
75 1
93 48
72 54
60 56
64 71
28 31
26 83
35 15
81 68
28 57
7 26
27 67
95 22
46 42
31 74
90 26
61 15
92 53
59 82
15 11
2 3
72 44
8 86
34 74
49 68
3 2
37 81
79 46
44 98
33 88
90 3
5 18
28 81
84 27
95 32
41 69
59 84
74 15
39 80
40 84
62 68
83 80
44 29
44 78
45 13
36 33
62 98
95 38
58 69
37 92
62 84
27 37
20 73
92 31
96 44
69 82
56 44
12 15
67 54
92 43
0 52
60 91
95 3
81 34
87 35
31 28
64 61
5 70
27 6
74 77
59 63
26 83
66 77
96 65
77 60
27 9
94 52
34 32
12 59
67 44
5 74
71 1
15 43
49 66
30 56
46 36
90 65
5 66
59 54
43 60
9 57
96 48
87 93
58 65
24 63
21 80
8 65
24 91
45 82
50 69
29 79
18 18
30 65
74 18
95 54
84 23
45 34
56 64
72 40
44 90
18 8
27 30
15 3
88 90
99 20
96 90
80 96
14 8
39 6
38 10
35 96
88 65
66 16
60 89
91 8
17 58
21 24
90 73
86 22
87 61
30 55
18 44
7 13
41 72
69 39
44 12
84 22
55 49
4 28
62 5
46 93
40 25
21 39
17 17
97 1
64 12
26 21
90 71
61 71
72 45
44 25
38 71
18 58
0 92
88 98
84 97
49 86
48 66
37 37
88 83
42 45
24 12
55 64
36 10
8 69
62 65
15 51
60 18
81 32
62 32
86 74
81 92
58 3
49 56
57 28
54 54
86 83
35 18
58 87
29 57
2 58
39 45
32 18
97 52
20 35
79 47
62 35
34 40
38 77
22 60
51 63
5 53
9 61
5 15
62 13
67 68
28 99
73 54
30 33
56 48
79 25
74 90
22 79
27 86
48 85
99 7
66 93
32 46
50 1
7 45
94 95
84 11
7 43
14 46
4 74
54 66
38 38
29 67
9 23
18 48
89 22
85 68
6 55
75 56
1 80
86 41
57 91
88 49
45 77
27 77
8 25
70 2
20 47
9 80
91 40
62 60
58 3
97 31
68 8
17 72
16 31
46 99
28 13
24 53
22 67
3 88
38 80
76 99
8 8
80 95
91 84
25 74
27 78
89 33
75 11
93 31
70 45
32 21
8 28
71 65
4 54
71 46
61 99
52 63
48 47
30 67
3 84
59 48
43 68
7 46
89 61
52 34
49 35
54 98
74 5
13 90
64 18
79 29
80 36
12 29
32 66
99 79
70 96
7 66
41 73
96 30
67 81
63 32
59 24
53 66
44 50
0 6
63 20
99 42
7 79
17 34
55 62
38 36
95 40
69 64
50 15
31 27
98 28
65 34
78 22
14 20
42 77
3 50
89 83
63 27
98 59
35 93
66 42
14 20
7 7
81 76
26 38
36 44
11 77
65 87
24 53
70 4
55 81
64 37
35 95
15 57
15 94
91 15
6 91
45 11
66 27
96 85
31 12
57 93
56 2
81 8
87 18
63 14
82 87
29 42
7 43
13 92
71 38
51 98
69 73
72 12
62 57
3 96
56 12
52 35
16 18
21 96
31 21
29 28
14 78
52 21
99 12
4 76
69 50
55 93
82 28
86 1
71 36
63 98
16 24
69 32
76 93
27 58
64 90
33 98
94 6
12 97
78 19
65 18
78 24
53 47
39 4
8 36
74 58
93 62
37 55
7 67
11 12
17 27
27 28
90 99
36 91
88 75
73 40
27 12
37 35
82 43
91 23
66 47
37 60
28 13
6 73
1 86
22 79
34 48
96 42
66 99
74 56
17 91
64 11
69 30
42 4
88 85
83 99
59 75
62 11
23 91
59 39
65 38
85 58
27 25
76 48
13 84
43 69
95 49
92 78
44 59
94 23
95 87
22 65
47 39
42 48
57 68
5 79
64 23
49 57
92 75
34 0
11 59
88 97
38 13
12 40
48 17
57 18
89 4
46 15
95 93
38 19
17 60
53 93
87 21
8 94
19 97
40 0
90 96
45 87
13 87
13 25
6 44
75 99
24 17
71 76
27 91
4 70
21 73
86 37
91 46
90 50
31 92
99 38
38 76
72 66
49 47
90 35
17 70
25 74
2 65
36 0
44 26
40 1
85 42
90 64
85 81
45 97
49 80
5 96
45 89
29 0
87 13
70 96
61 54
73 60
12 14
86 63
8 93
20 72
1 6
42 60
11 44
28 37
35 12
45 10
16 88
26 85
97 63
85 86
61 23
74 83
10 75
92 1
41 87
57 14
8 11
18 71
64 46
1 65
27 85
71 78
27 26
62 55
77 34
72 7
34 24
64 83
76 7
36 82
20 21
40 93
21 49
48 24
56 62
82 2
6 12
52 65
80 29
28 90
72 18
38 5
41 96
84 91
37 35
14 36
61 57
7 29
50 44
44 78
67 53
97 58
88 98
94 61
14 84
63 16
29 15
11 74
9 65
9 1
98 7
80 25
70 11
95 8
64 5
66 89
3 85
31 19
54 82
24 73
25 31
76 61
53 36
94 63
14 43
99 89
97 29
63 76
66 42
72 74
96 21
56 80
20 82
49 22
37 79
31 18
12 76
50 52
7 74
4 6
12 43
23 99
46 76
97 39
52 80
61 32
27 82
79 22
22 3
33 85
15 30
46 15
53 45
34 62
0 56
9 72
15 92
37 60
26 35
65 94
11 48
80 64
61 89
82 66
70 19
78 19
30 71
63 88
32 81
64 89
92 78
84 0
0 37
79 90
82 99
82 14
13 90
41 99
8 84
68 90
21 83
55 83
3 19
90 39
78 69
89 26
22 31
76 91
4 78
49 16
37 6
3 64
6 40
59 42
90 4
28 25
8 54
3 83
3 11
55 77
69 97
77 85
3 3
55 17
44 19
83 48
90 49
34 78
8 49
78 74
39 37
3 78
42 58
12 0
13 73
64 40
45 29
72 49
65 5
42 18
67 60
8 47
11 12
22 35
52 90
83 50
65 3
77 2
73 63
11 21
79 40
57 68
12 62
8 14
39 68
77 64
88 26
4 72
40 3
4 66
35 9
46 84
29 26
32 31
80 67
9 72
80 41
47 6
22 83
88 34
76 61
74 90
91 65
70 73
83 84
61 14
13 10
88 39
91 38
95 10
4 30
8 23
40 63
39 13
20 54
79 4
1 24
77 93
84 37
16 51
77 59
91 56
37 1
47 87
13 90
56 35
33 91
36 92
71 80
6 67
80 19
86 15
54 1
23 28
41 98
54 25
79 34
2 6
45 3
3 21
68 52
42 88
28 47
64 22
17 31
92 41
33 34
50 74
94 43
70 87
77 51
49 10
62 70
68 3
51 84
74 56
34 55
80 11
36 21
55 23
72 13
10 57
79 18
55 99
1 28
39 28
33 84
83 89
95 62
21 94
51 97
57 80
47 14
41 13
87 14
62 35
90 26
0 82
97 21
22 68
97 17
80 90
9 8
10 25
44 34
81 90
23 90
61 24
4 45
9 88
87 42
47 73
63 55
65 39
41 65
54 75
88 2
76 10
72 75
17 79
16 29
78 89
71 92
35 94
87 10
67 33
8 55
2 6
27 63
18 24
85 32
77 74
85 22
42 24
31 88
53 68
2 76
82 77
0 33
84 73
83 16
72 59
6 3
12 10
97 7
4 42
71 53
0 99
51 11
56 94
23 17
20 7
49 73
42 56
69 84
52 30
2 96
49 63
97 11
13 69
10 0
90 11
27 62
65 60
86 97
0 30
48 47
48 55
92 58
31 68
81 16
72 4
59 14
8 9
98 79
69 68
46 99
25 15
82 90
3 0
72 2
24 10
75 2
48 17
73 86
41 39
17 22
93 71
44 54
8 85
90 40
55 22
80 82
38 92
11 16
85 83
54 52
68 48
82 97
3 95
52 81
0 59
40 92
62 66
39 0
29 61
69 93
39 72
94 51
95 92
40 14
11 50
45 29
16 14
83 89
7 15
41 98
68 85
24 41
48 1
27 85
45 92
20 40
11 92
27 29
83 32
81 18
4 80
40 43
75 53
89 82
60 20
25 34
40 35
48 76
15 30
89 13
53 74
5 37
44 41
31 5
71 1
70 16
47 10
9 95
67 42
19 88
5 70
29 95
31 58
98 33
27 61
15 50
19 73
23 81
20 99
40 79
8 26
24 75
36 80
1 91
64 72
12 98
96 35
20 28
71 43
1 70
94 88
94 73
33 87
56 79
92 12
98 28
2 65
74 42
57 63
67 2
56 34
31 88
18 67
79 11
39 70
30 68
86 66
0 42
17 77
37 38
2 64
78 87
2 88
63 55
72 90
7 69
53 23
73 38
80 97
81 50
91 34
53 34
86 8
89 24
36 76
27 36
15 63
14 17
80 35
4 55
2 79
57 30
98 52
42 1
22 61
47 89
27 60
97 50
81 54
0 96
53 11
51 71
19 38
93 38
90 47
73 43
26 10
90 53
43 16
40 54
2 71
65 78
11 16
96 5
33 47
84 2
33 4
36 54
36 38
67 9
31 19
78 32
73 7
78 57
46 4
89 93
79 28
78 35
61 37
66 13
63 49
45 8
44 95
83 37
88 99
42 38
39 30
96 24
73 36
98 48
91 63
5 62
44 13
30 4
9 27
65 12
35 40
29 2
37 66
76 18
95 1
27 3
55 3
55 30
54 82
36 59
25 23
38 71
36 4
41 63
61 59
51 21
48 37
10 42
19 48
33 36
82 69
32 66
7 78
68 58
53 50
92 3
70 53
18 12
94 22
37 4
92 74
87 58
67 91
3 25
88 35
7 73
87 12
80 29
98 67
10 9
93 60
38 82
22 64
97 8
64 36
2 18
14 12
33 82
8 91
58 66
53 46
98 80
67 60
52 50
51 99
43 38
35 79
95 54
33 67
11 56
5 40
57 7
6 38
4 82
22 37
11 3
15 34
80 42
46 40
24 16
40 86
85 88
90 31
86 70
92 43
46 94
10 58
16 37
49 52
9 2
56 81
68 30
66 65
18 16
37 49
50 90
91 22
16 20
84 48
78 26
31 28
8 94
85 40
54 10
16 36
87 20
48 0
69 15
20 64
92 44
21 10
62 54
46 32
33 39
20 74
85 80
7 13
88 26
60 55
88 47
3 55
39 94
31 9
95 64
42 81
56 32
93 25
33 24
50 51
98 98
13 49
44 12
42 46
77 77
80 64
83 18
24 42
67 14
96 26
28 34
29 60
8 48
49 88
35 70
11 62
80 15
17 6
1 69
62 20
79 42
39 88
38 44
87 74
10 8
44 99
22 45
69 48
44 11
52 76
90 90
23 76
95 92
96 56
62 95
56 92
18 60
5 88
46 55
21 74
23 59
59 8
10 10
34 98
56 7
29 48
55 33
35 73
41 0
40 38
86 33
35 76
64 41
3 94
29 13
56 58
66 99
57 65
56 69
68 52
73 44
15 70
86 57
71 10
51 0
18 86
74 9
76 3
52 15
15 88
99 92
69 64
59 1
70 2
42 9
20 78
76 47
76 90
71 61
70 98
37 17
14 44
28 9
60 8
45 81
27 91
52 17
38 34
20 17
17 99
92 53
16 62
6 60
58 72
85 72
78 91
58 56
8 36
11 61
65 80
29 24
98 40
6 94
23 59
32 76
80 26
66 90
22 5
42 6
49 65
19 94
61 26
99 55
77 42
88 84
8 62
24 33
56 57
26 9
55 72
21 55
83 33
14 47
8 76
57 38
27 67
3 12
39 8
19 29
34 46
27 49
25 96
3 52
16 82
66 25
64 22
61 79
92 17
79 83
58 99
20 91
53 5
73 40
14 9
38 70
53 23
30 52
79 5
23 29
93 50
76 85
0 2
17 16
67 86
45 1
51 66
4 96
51 71
39 4
61 43
8 66
73 29
51 94
29 93
56 5
5 52
41 86
22 68
75 18
11 72
11 13
33 3
55 47
18 1
6 34
5 65
25 53
73 31
24 0
94 32
47 12
95 43
79 62
11 85
75 40
84 20
57 23
58 2
25 69
14 86
50 43
75 86
86 57
57 85
2 66
69 58
19 11
58 63
58 96
47 14
16 83
31 55
88 17
6 99
29 83
84 47
58 13
50 25
91 92
8 96
60 19
38 97
30 61
66 35
91 30
25 71
67 42
68 99
91 6
95 14
52 18
26 77
82 18
42 5
59 18
85 87
97 24
75 83
28 41
15 53
32 48
9 81
18 35
43 60
24 11
94 17
25 67
77 43
21 91
43 20
77 53
27 32
96 10
13 53
9 95
15 73
47 70
99 77
27 54
63 60
16 49
64 9
25 91
57 61
19 68
20 45
14 79
30 83
5 36
98 58
58 27
88 80
41 25
80 72
41 72
57 41
83 52
69 84
5 92
37 37
61 43
37 69
40 16
62 13
25 35
27 14
71 82
95 22
68 25
73 41
85 48
2 31
50 38
77 25
66 50
23 34
87 73
74 31
27 55
94 57
69 44
36 51
93 50
21 86
67 18
67 10
89 12
58 96
38 4
69 79
62 34
16 41
6 87
16 38
13 67
45 36
46 41
26 71
4 84
70 5
90 0
34 85
4 5
18 32
51 44
61 19
83 81
57 19
7 76
36 91
39 27
6 59
26 89
86 75
53 57
0 82
4 22
27 72
94 77
40 95
57 37
9 93
70 81
64 73
12 36
85 23
59 90
0 23
17 57
83 96
36 9
98 9
84 58
51 20
83 20
98 10
23 59
25 21
24 46
99 37
42 91
72 84
21 6
12 45
37 94
78 19
39 58
55 40
68 12
24 56
28 64
6 36
1 6
14 88
71 66
17 37
83 38
46 16
58 31
98 66
31 46
43 46
22 25
46 15
58 55
72 58
40 34
54 59
7 26
46 23
69 43
17 95
32 92
4 52
28 70
69 79
20 23
0 67
59 46
81 16
33 67
75 74
33 91
23 59
14 93
98 7
45 13
87 68
73 15
95 39
70 96
91 70
49 43
86 43
1 24
30 51
21 89
72 81
60 88
14 45
23 20
35 45
77 55
86 76
74 6
93 11
22 10
16 6
1 47
42 67
85 44
75 75
74 69
99 17
64 0
5 12
34 26
71 12
63 86
25 84
83 67
49 57
15 92
8 16
5 24
70 17
4 87
55 62
78 64
13 2
17 75
76 95
56 30
96 34
2 99
48 16
69 14
52 9
32 39
71 34
80 66
34 89
18 11
35 75
60 2
36 9
93 55
13 70
98 73
93 64
98 68
6 83
98 52
56 49
62 33
80 1
52 39
61 45
24 49
64 37
51 3
79 89
70 83
4 10
6 62
21 84
40 16
58 63
33 31
78 88
80 9
84 50
36 7
84 89
47 31
27 13
19 31
5 70
5 11
80 50
17 58
68 76
52 14
0 46
64 68
99 89
88 72
83 12
13 84
89 79
25 61
36 82
82 93
71 69
3 85
42 38
31 99
51 9
90 98
32 97
77 6
49 48
22 41
51 11
78 32
96 3
6 17
18 7
35 63
39 84
35 37
47 38
66 30
13 20
3 75
51 97
68 36
68 85
33 74
54 23
30 93
96 0
68 25
0 9
33 24
12 17
30 43
64 74
17 19
95 66
19 58
33 84
18 92
38 27
41 95
38 93
14 7
42 56
60 30
48 54
62 44
64 10
1 83
43 10
36 16
0 15
32 30
98 11
45 65
13 63
38 75
48 44
46 81
63 84
16 85
54 20
51 79
74 16
82 95
60 60
90 60
15 78
37 21
45 91
43 63
37 90
73 59
8 7
29 93
23 61
0 99
38 58
98 64
56 3
48 44
89 49
54 95
5 96
87 91
63 38
44 97
5 9
81 61
19 69
3 79
73 81
2 79
70 44
5 71
91 67
28 61
56 88
54 87
52 74
54 57
41 32
73 32
33 93
27 9
43 63
39 4
30 33
96 27
14 40
39 20
98 0
51 32
54 71
45 59
89 68
27 75
53 16
64 17
51 96
68 28
83 20
20 7
51 54
95 68
90 73
60 63
84 93
92 31
85 24
89 2
97 83
23 40
39 48
31 20
34 23
62 93
20 61
6 6
52 74
60 6
15 50
15 26
50 17
65 99
40 18
2 32
89 41
59 5
0 52
94 18
57 47
78 0
21 13
38 68
20 54
40 59
28 17
20 4
49 89
80 7
86 80
67 96
72 85
46 90
86 38
29 3
99 50
39 36
96 72
82 64
85 74
1 9
39 50
70 11
36 32
44 34
93 52
47 31
32 80
81 12
37 61
50 89
62 37
53 94
37 92
26 47
10 92
24 4
84 58
37 76
86 52
67 46
1 14
91 5
22 48
69 29
74 48
60 51
30 54
70 88
88 73
63 60
73 47
16 66
22 51
17 56
16 53
80 72
66 70
8 72
98 24
89 11
33 97
1 78
68 78
59 76
65 94
54 25
65 57
42 58
16 70
48 99
88 20
1 24
41 63
51 64
17 71
47 5
7 33
0 1
91 64
37 75
54 86
3 82
6 81
89 59
12 7
3 48
99 93
20 42
94 56
30 38
70 0
44 8
63 59
48 23
12 27
76 62
75 1
5 12
66 3
21 39
88 59
61 83
83 96
62 50
90 28
56 74
56 64
61 70
97 15
95 68
79 24
17 62
78 56
0 17
17 11
39 3
91 32
76 41
71 35
51 76
5 19
69 87
96 98
52 32
39 56
33 18
95 43
23 98
24 47
12 17
73 8
13 98
65 31
71 14
46 28
3 88
71 11
12 57
4 64
88 32
17 40
54 73
82 22
41 12
98 99
33 79
6 87
67 47
94 63
19 13
59 66
89 62
84 25
77 21
17 39
84 81
14 81
41 19
56 51
32 31
22 31
64 59
13 62
55 44
98 25
42 96
5 54
74 28
28 59
68 76
47 20
76 63
88 37
68 36
57 48
2 55
61 16
33 71
25 74
42 17
20 14
12 12
46 43
3 50
12 57
21 14
3 32
55 17
34 63
66 81
49 66
99 76
30 23
73 13
17 69
98 91
38 49
84 63
93 17
83 26
13 67
55 46
73 73
94 8
30 25
91 29
11 40
68 15
53 69
49 68
56 63
89 37
5 6
52 79
71 24
88 20
53 99
3 46
56 22
65 54
97 99
53 35
51 45
45 21
33 22
74 42
61 41
50 58
61 1
68 48
55 62
1 65
63 13
34 98
51 43
97 0
95 20
2 46
69 55
33 74
59 30
62 20
2 94
80 70
94 58
69 21
86 71
29 97
43 69
43 29
41 70
45 82
57 17
21 10
93 2
36 91
20 83
55 70
16 34
55 53
96 63
12 95
98 27
82 75
90 15
15 29
91 12
79 33
28 45
81 24
72 84
93 16
62 1
98 18
75 45
82 14
68 75
36 38
86 83
15 46
20 99
27 4
32 66
92 98
14 37
31 83
86 58
74 46
77 65
11 12
34 71
94 81
79 30
56 70
44 33
60 47
4 11
12 87
85 97
91 83
42 29
27 66
77 16
55 2
14 40
37 30
6 97
91 27
22 2
99 21
87 58
21 24
86 58
54 74
89 77
34 18
71 45
69 67
34 33
89 95
14 68
83 8
91 77
67 42
9 70
57 79
39 71
87 42
72 81
23 31
12 42
75 72
57 97
70 29
14 50
0 90
78 80
95 76
2 84
7 90
85 8
61 67
73 52
89 76
72 73
97 59
30 13
85 64
5 36
33 46
97 62
56 27
25 36
74 69
58 20
6 67
91 51
31 85
12 8
59 18
62 57
92 66
9 50
78 21
89 99
17 83
59 73
45 14
10 4
50 57
30 12
5 71
25 33
41 61
42 1
64 43
75 27
21 24
13 3
20 8
28 70
37 39
22 44
12 68
64 67
23 61
33 54
59 5
85 64
93 75
84 5
34 28
28 27
2 4
3 55
40 6
99 13
36 29
42 51
17 68
67 1
67 55
6 22
49 54
59 13
15 65
21 19
47 7
6 91
94 64
71 74
29 82
26 95
15 46
44 14
32 48
32 25
19 79
84 12
29 36
31 4
60 18
25 76
7 53
64 59
19 3
0 2
38 75
92 86
81 37
63 92
13 83
78 41
7 45
48 62
52 79
69 36
19 78
37 89
78 36
22 87
99 24
83 77
52 12
23 66
2 43
21 93
44 39
37 23
22 66
50 71
66 72
59 18
39 90
91 74
80 10
78 75
95 99
25 59
64 19
79 72
22 43
89 20
41 96
42 74
13 30
65 59
12 76
32 85
5 13
97 8
78 35
4 57
86 42
41 62
86 83
37 96
25 36
75 95
26 37
2 70
67 28
3 36
10 72
46 54
98 27
47 73
62 4
30 47
98 79
69 75
46 69
89 40
50 97
16 41
16 43
85 90
51 46
19 34
52 67
63 12
21 26
43 78
60 25
53 72
26 89
27 8
48 93
81 13
19 24
27 3
11 69
33 5
17 0
49 30
25 5
14 76
40 87
11 11
79 14
21 60
12 75
70 71
64 32
2 62
77 14
98 45
27 58
6 87
16 75
54 15
24 12
64 75
7 48
78 50
45 65
49 2
17 4
93 62
72 44
72 12
80 5
6 89
92 31
73 97
48 34
47 52
59 36
68 70
9 37
90 99
64 38
73 2
3 61
33 56
46 14
16 19
35 81
47 72
87 45
27 8
57 18
28 16
77 50
64 14
75 96
4 65
58 89
36 29
96 76
32 60
41 6
99 18
57 1
18 26
16 34
13 37
47 96
90 8
67 52
57 77
37 21
6 99
53 31
34 34
59 14
84 44
51 49
17 45
63 37
58 29
16 29
65 12
15 24
14 0
48 70
23 94
79 89
48 68
71 33
19 23
77 10
69 70
2 62
81 3
89 91
43 29
49 92
73 89
28 44
89 21
32 25
67 63
57 75
92 27
51 50
77 45
18 59
16 36
30 3
40 34
26 29
25 55
44 40
39 95
20 49
82 91
18 62
50 93
84 89
74 6
84 73
74 83
93 2
58 69
17 56
68 91
57 49
71 63
91 26
52 90
51 5
45 80
37 39
16 47
58 52
45 61
20 3
17 80
88 51
4 36
51 48
40 59
91 93
41 11
31 47
98 42
88 13
9 67
22 29
16 72
10 34
63 28
89 94
55 63
53 63
96 85
0 19
40 57
93 95
44 83
64 3
21 47
85 63
34 40
51 18
39 95
15 17
67 51
74 58
12 53
17 22
18 14
19 47
25 5
98 78
75 35
18 32
11 7
27 2
36 86
6 1
34 81
35 3
47 59
0 20
43 71
8 92
33 5
52 82
33 49
92 47
87 24
22 40
29 6
6 67
41 90
24 16
70 35
52 70
88 88
26 30
58 16
63 89
34 83
58 85
51 92
93 99
90 92
90 74
11 72
0 75
42 97
22 19
56 37
19 29
97 56
40 47
60 33
98 73
10 71
85 84
37 73
10 29
82 49
24 59
37 42
57 86
33 21
91 91
88 41
61 72
44 48
82 57
69 6
38 96
7 62
73 13
8 60
94 19
32 72
53 42
69 76
98 17
39 71
45 88
45 48
0 79
16 82
84 6
2 62
45 65
22 76
33 84
12 58
2 52
30 83
19 54
12 4
50 41
37 81
23 31
61 64
52 26
89 19
60 54
39 54
82 58
24 39
83 12
95 28
0 66
0 1
92 42
63 63
87 38
91 97
49 78
58 41
39 83
11 33
71 4
99 22
2 58
16 56
13 62
61 43
8 97
29 70
97 82
71 49
35 78
95 61
27 66
77 5
61 95
73 35
46 38
72 27
80 94
80 64
3 62
38 7
36 69
37 18
12 53
33 90
92 63
63 29
95 41
63 12
82 64
43 34
57 60
31 53
62 4
4 96
80 42
37 82
6 55
84 7
5 94
72 23
16 6
68 40
43 19
68 33
39 77
11 4
16 30
84 90
52 84
97 13
21 28
49 4
13 49
36 34
20 70
67 83
93 12
25 81
22 99
1 68
16 63
49 76
61 85
7 40
53 28
20 74
93 62
99 34
93 53
83 84
52 27
81 91
60 67
50 84
61 55
7 21
43 21
17 23
0 10
47 56
58 44
86 36
10 21
19 68
59 83
43 43
68 50
10 36
6 82
21 42
28 94
75 64
24 60
65 46
74 55
42 4
27 34
66 15
15 51
83 59
86 6
13 14
82 44
35 75
80 50
65 39
72 9
26 51
38 18
96 29
51 60
20 86
66 81
80 67
12 0
32 58
3 10
2 58
62 74
34 44
54 5
43 48
69 2
60 88
33 42
27 33
1 99
65 19
38 86
49 99
53 80
80 57
87 24
75 11
55 1
35 80
32 63
55 83
13 28
22 96
95 87
30 6
62 32
65 88
64 80
0 67
92 94
26 30
25 2
26 83
82 57
29 24
68 83
79 94
4 17
58 20
70 73
8 77
52 31
22 32
24 28
2 95
12 1
65 2
91 21
36 49
86 72
7 92
20 64
36 85
56 89
85 76
32 52
52 86
80 65
4 19
25 7
21 95
28 74
67 83
2 91
16 68
7 77
78 61
38 7
48 85
54 81
10 71
58 79
35 22
37 47
6 67
88 40
15 31
30 63
17 79
58 51
91 25
94 49
77 59
92 93
92 12
17 99
69 70
75 6
26 46
82 71
16 94
61 3
90 48
64 80
73 37
7 71
92 7
33 46
40 96
91 62
89 5
32 61
86 74
97 52
92 68
1 43
97 34
15 67
95 88
60 83
56 34
41 74
25 31
78 87
23 10
80 28
88 87
0 3
39 32
27 62
63 58
59 95
82 2
51 85
65 29
11 14
69 60
91 86
61 23
50 40
85 30
40 81
44 32
10 17
33 68
10 65
66 83
58 98
51 57
73 42
55 91
76 23
51 1
76 33
40 2
74 93
64 5
56 85
4 13
59 52
21 52
53 70
35 58
55 68
10 58
77 13
64 64
12 35
31 22
51 82
4 23
79 85
83 69
28 82
10 35
8 50
71 95
84 45
60 57
0 43
5 84
76 25
63 72
28 20
0 31
91 94
83 4
23 10
47 60
83 34
17 40
16 12
86 9
90 54
38 5
1 39
9 6
27 14
81 76
63 61
78 43
4 57
4 53
34 82
19 75
30 75
98 47
94 93
57 95
40 44
6 13
17 69
94 95
3 61
18 13
61 53
24 74
98 45
97 3
24 78
61 44
18 12
49 85
72 73
98 36
33 82
77 47
45 32
56 96
70 66
22 20
64 98
42 76
35 93
3 31
39 24
38 37
30 55
25 50
67 51
33 27
98 91
57 81
25 72
87 11
4 19
50 61
92 95
24 97
38 54
96 15
11 82
52 48
14 48
47 45
46 91
33 87
18 11
15 66
3 57
76 71
4 85
23 44
78 81
60 17
53 33
6 36
86 68
72 44
49 42
53 91
65 97
93 67
47 87
67 84
72 0
6 52
11 22
5 59
59 61
94 63
64 51
57 59
90 65
24 52
5 10
25 52
84 92
35 58
74 5
90 87
96 23
21 37
78 98
3 5
96 52
40 54
84 20
13 39
90 57
72 45
31 18
84 32
73 27
68 14
84 46
87 41
70 52
8 61
92 25
60 35
47 74
3 88
93 30
33 85
7 70
3 53
6 90
89 96
19 83
57 12
13 84
4 84
0 73
48 23
92 2
8 65
77 14
70 49
24 83
45 72
75 1
74 89
0 59
79 30
11 77
84 65
27 94
91 70
54 55
86 31
97 70
13 51
57 79
57 75
15 34
48 34
97 62
30 99
82 13
64 2
67 87
49 67
93 70
57 15
21 36
59 39
55 77
15 6
91 79
71 33
65 97
71 52
65 68
27 87
18 29
7 89
16 23
51 83
66 74
74 0
91 83
99 76
75 77
73 25
78 49
3 44
49 61
17 7
65 31
42 26
14 2
46 43
60 11
40 56
36 7
55 19
34 42
75 82
76 40
36 74
6 12
70 40
23 16
7 34
54 67
38 75
66 91
34 2
48 25
77 75
31 17
33 84
53 45
36 96
66 66
58 15
93 23
34 84
6 45
36 46
20 53
15 43
67 13
68 26
86 43
26 47
52 43
39 37
94 99
25 11
84 26
18 52
30 97
49 50
48 64
5 24
76 66
23 74
5 32
26 35
93 23
41 99
85 18
1 83
62 23
78 6
53 86
53 45
67 50
51 73
38 28
13 8
28 28
98 71
56 73
69 47
8 29
88 65
56 85
10 86
80 91
54 30
73 60
79 67
79 67
72 16
65 76
39 84
2 92
92 44
58 84
0 93
79 61
54 65
35 9
55 29
26 83
42 28
45 73
30 37
31 87
12 72
31 18
51 42
23 0
84 40
9 85
81 6
37 91
22 44
7 19
72 53
74 52
10 68
11 11
92 73
57 5
2 72
67 70
29 42
70 72
22 58
55 51
48 88
76 3
92 35
47 93
71 42
15 17
69 85
14 46
96 90
35 39
25 59
31 67
22 47
65 72
91 21
48 76
88 77
19 47
97 17
41 41
0 55
89 43
9 18
22 59
75 39
39 38
5 87
10 3
33 69
48 55
99 55
98 87
75 41
50 44
12 6
50 9
35 78
80 30
73 80
38 64
18 57
69 31
78 57
89 78
80 69
74 86
24 47
65 27
19 65
69 1
12 18
22 40
18 66
24 87
74 86
15 41
87 60
38 93
1 9
75 60
72 19
68 5
30 81
93 6
24 66
84 16
42 32
44 49
66 2
50 94
46 60
72 16
16 80
66 86
71 43
16 52
24 36
96 90
43 9
75 31
71 7
76 75
56 40
48 58
24 2
63 58
83 22
39 20
42 16
68 4
93 6
88 2
2 64
82 30
25 13
10 94
51 74
86 87
95 87
10 51
98 36
1 89
60 25
87 28
17 63
64 91
79 5
73 81
25 63
92 51
52 59
87 53
67 26
4 63
42 9
14 88
38 62
56 38
73 92
38 87
11 88
98 49
93 65
13 59
6 17
17 51
59 58
94 65
34 30
11 18
9 57
29 15
19 34
31 72
25 18
7 37
68 11
27 42
60 97
84 69
56 83
96 20
68 56
3 6
38 8
50 39
44 3
36 91
61 88
32 86
55 10
0 13
37 79
32 93
79 18
6 97
44 66
57 33
56 72
15 26
18 97
94 9
54 19
70 46
36 61
10 64
8 88
65 25
76 10
74 93
73 15
66 83
76 14
31 17
97 3
94 9
98 58
79 74
45 42
74 87
23 41
25 68
55 6
21 46
40 45
8 37
69 23
18 36
48 96
56 67
45 20
47 75
22 12
22 86
91 87
11 17
66 67
22 68
84 31
52 99
59 1
8 98
95 1
10 74
88 47
81 9
4 82
59 47
38 52
52 64
93 26
19 18
17 72
87 59
67 24
17 77
70 65
56 57
61 15
25 80
30 49
95 88
71 43
86 85
2 72
3 71
54 9
31 30
29 60
48 7
68 77
14 51
6 19
6 99
0 45
67 43
89 48
86 79
87 17
8 39
25 79
16 67
76 60
2 42
98 59
4 48
99 34
23 36
16 64
51 44
61 19
72 18
19 99
83 9
69 79
20 46
51 97
52 9
17 61
82 18
63 77
36 42
16 83
62 83
41 56
49 72
86 1
33 32
26 76
40 6
47 34
58 9
28 74
18 3
89 10
69 1
49 63
46 77
23 87
83 29
52 53
67 2
56 25
3 55
45 98
44 11
19 7
92 25
86 54
11 19
54 98
55 87
9 91
35 35
77 73
55 37
1 82
64 21
62 27
13 57
60 88
78 50
62 58
39 95
70 39
48 61
68 65
62 40
6 78
49 79
79 69
52 65
28 52
55 30
63 5
94 35
83 73
49 73
89 79
57 52
9 83
62 16
41 31
55 54
51 47
54 65
83 0
14 8
65 57
11 36
82 39
67 98
72 22
60 48
8 36
2 61
8 59
65 9
25 55
4 90
43 13
18 17
43 98
75 39
5 98
52 55
71 4
91 75
86 57
90 11
63 91
58 14
6 96
35 94
49 17
35 60
13 29
79 18
94 34
39 67
37 90
75 11
55 82
62 76
70 79
78 53
34 27
87 80
63 49
69 53
30 25
33 30
26 62
76 18
32 81
91 27
27 0
97 60
47 37
73 77
76 28
60 71
27 41
3 12
61 56
97 99
77 69
21 89
41 0
76 48
48 4
46 24
18 6
78 62
90 65
47 45
70 53
92 94
92 14
42 80
99 65
47 33
37 37
44 21
56 75
30 63
94 67
64 96
91 17
18 37
48 87
32 57
7 47
25 70
85 93
74 23
8 15
22 64
55 57
47 49
43 65
24 88
33 58
63 44
53 87
72 31
99 77
87 11
45 18
28 89
70 27
42 95
14 24
32 42
89 71
47 51
36 28
26 71
12 21
13 69
21 67
87 37
87 50
34 57
66 71
50 56
94 97
14 45
94 3
13 88
17 92
15 52
67 10
10 26
60 50
94 82
91 9
34 87
23 11
83 66
89 46
2 34
88 10
54 20
84 24
84 89
40 12
9 68
5 19
26 67
75 26
63 64
61 61
54 29
56 19
99 70
45 47
55 10
50 69
0 71
26 36
57 0
89 70
78 44
90 61
43 71
6 49
1 36
83 29
5 27
88 86
68 69
15 75
36 34
14 88
57 57
70 29
4 74
85 71
90 6
1 70
44 12
42 80
23 88
67 9
87 58
86 15
34 42
91 57
6 37
6 14
40 22
99 0
25 0
88 63
7 74
92 66
63 42
65 4
24 17
34 31
40 39
5 96
65 32
35 16
75 66
70 90
53 14
64 57
18 79
58 41
59 88
37 37
48 36
53 51
24 26
11 20
35 21
6 3
4 13
4 14
79 54
71 20
42 36
44 93
31 84
68 5
73 82
30 65
75 31
92 39
99 62
92 55
7 36
12 54
9 47
31 64
69 91
31 2
47 93
50 54
43 39
40 10
78 49
79 78
27 58
86 32
10 49
2 48
50 42
42 49
33 29
7 89
71 45
25 68
17 70
89 54
87 84
67 59
94 68
23 80
25 24
64 96
23 3
80 74
68 48
20 42
7 73
86 21
22 65
37 93
52 76
90 39
47 81
0 26
0 59
58 57
99 69
44 82
91 65
3 37
43 38
8 78
72 52
14 78
97 6
20 65
80 93
40 33
36 12
39 83
35 75
0 6
7 82
4 7
5 9
1 72
60 41
36 85
19 53
16 36
22 83
91 5
34 76
22 20
46 74
94 7
31 15
85 93
12 23
77 34
90 46
65 85
60 81
62 0
89 8
83 22
12 18
58 87
56 6
24 4
73 47
35 31
14 33
35 47
1 79
18 49
62 55
6 48
57 7
97 77
77 21
72 87
67 5
4 69
21 2
19 94
1 31
53 13
28 64
21 55
80 66
77 22
63 96
96 15
56 50
16 68
96 27
29 61
42 1
53 91
74 61
43 8
12 54
73 35
41 49
94 79
75 68
86 3
35 59
9 62
45 99
90 48
75 1
33 12
7 57
35 49
94 80
65 63
43 90
28 53
10 31
6 98
93 77
17 38
58 57
17 33
32 89
99 18
1 42
80 32
95 46
91 23
95 16
45 18
95 51
11 51
26 83
54 62
42 85
23 44
56 31
69 6
16 70
50 0
10 74
51 69
9 42
57 99
18 42
30 9
76 44
52 24
40 86
86 55
42 46
11 56
14 88
3 44
73 67
3 20
55 37
97 57
58 20
84 57
89 81
64 34
38 33
48 15
55 10
84 88
38 53
93 35
21 44
95 6
63 48
33 16
4 90
6 4
90 5
48 85
77 36
23 34
33 19
42 74
90 5
79 90
47 83
51 63
93 72
92 81
58 98
51 59
63 26
65 29
91 89
22 26
17 52
80 71
86 37
50 99
18 8
0 94
28 19
14 71
7 29
15 76
29 98
86 18
66 16
85 31
3 33
94 91
61 16
17 5
97 55
33 7
22 76
78 71
59 89
30 77
19 13
1 83
96 89
44 48
11 42
53 95
14 45
2 56
0 38
65 55
65 67
6 72
49 88
30 82
65 82
25 65
47 23
90 91
31 40
88 81
52 19
28 82
42 84
32 45
31 0
90 58
39 22
92 56
47 19
2 65
52 53
1 57
60 59
71 38
41 38
9 45
85 1
52 53
92 88
92 3
47 17
65 74
98 99
63 4
61 13
14 62
76 59
70 95
1 25
24 64
45 39
63 94
18 5
16 92
94 30
88 66
14 74
36 33
68 35
88 40
68 1
47 97
56 64
17 76
42 26
10 16
95 74
36 56
43 34
18 37
86 8
41 53
21 53
53 61
38 16
28 90
70 21
82 91
85 53
89 57
60 31
9 17
26 4
8 88
11 24
25 4
52 64
39 49
37 20
42 67
76 60
65 71
78 95
46 29
68 83
74 23
55 88
65 24
12 93
37 12
47 22
21 96
98 26
18 94
11 97
80 42
79 83
83 66
95 96
33 49
24 67
15 6
34 52
67 29
0 7
63 43
88 27
34 92
95 28
28 74
22 42
32 2
34 31
6 51
17 80
68 74
39 74
38 99
66 27
63 79
96 41
27 81
49 30
8 33
23 0
11 70
41 16
93 66
76 43
29 55
71 75
6 24
98 58
71 5
21 51
83 94
40 20
62 82
49 71
56 46
28 73
91 49
0 44
30 47
66 75
21 9
22 44
6 62
31 50
29 57
92 36
53 35
47 30
96 52
29 92
74 81
1 23
12 74
39 77
15 41
74 52
82 75
67 21
43 20
91 1
21 79
42 95
22 66
30 14
74 62
32 34
87 69
82 77
59 27
17 70
33 77
5 72
94 69
65 20
5 57
71 22
36 24
19 9
15 3
96 92
91 38
40 47
54 89
18 60
40 82
29 15
7 52
75 76
16 67
1 12
80 92
16 66
36 56
18 91
99 60
56 90
60 57
7 63
48 98
58 18
70 97
30 79
71 49
92 58
8 67
54 24
60 34
81 64
69 24
52 79
70 83
21 12
38 30
33 69
81 44
79 78
35 46
75 96
92 39
67 3
7 45
1 65
93 90
4 75
53 40
16 84
20 51
10 87
81 67
56 86
97 36
36 31
92 27
7 97
35 3
42 68
59 33
10 33
56 92
65 72
95 37
50 98
31 50
45 80
92 53
80 57
91 41
83 36
21 78
27 98
92 25
48 68
60 94
3 24
27 81
10 69
62 55
86 52
55 15
12 35
86 56
32 60
43 77
5 1
18 36
87 68
82 42
67 46
6 70
63 83
46 63
34 63
85 96
32 26
60 3
57 42
71 4
15 81
28 37
45 25
22 70
76 33
86 29
47 80
55 76
88 55
62 17
30 97
58 63
21 1
21 53
2 94
5 43
73 6
1 70
65 19
46 58
57 95
5 75
89 0
85 28
61 69
1 84
13 21
57 43
53 97
85 20
9 45
84 50
75 25
54 96
6 85
1 89
50 56
94 14
82 41
10 93
4 40
86 61
74 6
17 58
70 94
50 22
50 29
79 26
46 55
63 32
36 53
76 13
80 41
72 94
93 49
89 61
9 92
89 87
35 11
78 89
42 99
32 99
30 33
55 13
65 34
30 68
57 59
93 28
24 58
6 53
22 76
31 7
61 14
92 61
59 0
3 87
24 49
65 94
58 80
76 80
9 30
84 67
85 79
7 47
29 18
94 82
54 13
43 35
40 86
83 35
98 4
64 84
17 31
79 29
80 64
15 80
10 75
62 35
14 2
45 49
75 38
88 9
10 83
51 94
45 61
27 99
61 33
18 47
60 74
62 76
42 82
1 43
44 5
8 24
95 95
12 45
82 22
61 92
83 65
9 12
67 93
14 40
9 37
19 57
83 70
12 44
81 95
21 96
90 7
78 85
67 91
43 27
41 21
14 0
86 82
69 26
61 59
70 58
25 25
20 38
98 78
49 91
17 65
6 3
0 95
21 87
55 79
20 75
60 51
23 37
42 86
91 35
88 91
7 94
51 93
79 44
48 17
48 59
32 53
47 17
25 38
51 49
17 97
36 72
88 99
42 17
34 61
17 65
24 5
23 57
72 42
44 18
38 78
76 36
18 13
61 66
42 19
61 94
73 36
83 82
7 71
7 80
92 41
82 66
44 19
45 75
63 29
62 40
83 43
60 74
81 55
80 47
30 98
57 49
79 58
62 3
59 10
41 76
19 10
20 3
34 83
43 94
55 51
79 34
5 77
89 63
97 98
82 2
74 1
55 85
96 97
84 10
95 36
96 83
48 45
70 6
64 65
66 95
16 69
28 90
84 71
63 29
40 77
42 34
57 34
6 16
22 43
52 34
34 64
66 17
51 41
47 15
92 86
39 77
0 40
9 0
43 27
36 79
25 3
56 2
86 39
38 18
72 99
59 32
46 84
63 74
67 14
85 82
80 32
99 8
46 15
57 96
46 30
10 78
57 10
4 72
66 42
91 42
76 3
50 87
44 41
79 88
94 11
72 1
82 8
37 81
9 36
89 43
90 53
27 40
63 34
44 64
20 33
69 54
81 89
48 93
95 82
55 77
98 12
13 60
2 96
56 91
90 27
70 35
7 84
57 51
93 25
98 32
90 58
20 31
50 74
80 66
51 88
67 65
77 86
27 37
28 95
78 66
70 75
29 89
89 23
51 41
66 79
55 3
2 30
24 74
64 6
75 86
65 16
70 71
98 47
38 47
0 50
93 63
45 61
97 10
4 32
81 82
70 77
91 42
1 81
5 12
10 95
24 88
71 45
20 82
31 1
56 46
26 22
85 61
76 68
88 35
11 85
77 33
44 36
71 95
77 27
92 99
5 86
49 13
15 91
55 75
36 49
64 26
36 46
74 35
90 90
6 49
21 1
26 67
73 10
22 67
78 79
26 78
85 82
78 49
59 57
10 91
33 31
17 43
39 98
47 71
77 14
56 89
30 93
87 16
75 37
38 88
86 78
96 41
10 42
47 32
88 0
54 71
31 47
98 66
54 81
45 45
97 72
96 47
71 61
41 86
67 55
21 67
57 56
2 83
82 75
20 78
15 67
81 5
89 60
42 97
89 40
19 50
88 54
56 70
6 47
22 87
76 8
7 25
26 19
78 43
61 52
59 87
9 38
70 66
72 85
1 34
13 11
30 90
52 73
82 50
39 78
3 39
41 60
84 52
35 35
37 32
96 9
31 54
88 18
39 16
85 90
82 92
40 31
96 76
30 86
22 25
12 32
24 24
18 46
44 4
81 80
11 72
46 1
17 65
74 73
22 88
62 69
79 79
81 66
32 96
13 58
6 82
51 87
0 52
69 55
25 77
90 21
81 32
33 60
71 25
68 44
9 68
33 43
29 55
83 2
57 80
12 89
0 85
8 94
35 94
53 39
25 95
44 26
9 43
52 87
2 80
46 55
41 72
33 89
73 26
28 2
25 85
91 18
24 81
93 93
97 68
89 11
62 26
16 19
24 27
71 39
33 73
42 19
2 90
2 31
44 8
49 32
14 47
94 7
72 33
16 15
35 45
55 70
73 18
17 66
30 7
28 75
88 19
52 89
24 2
53 38
3 91
8 4
8 10
89 81
68 97
96 53
21 49
49 62
39 27
24 98
49 76
77 12
14 1
7 39
24 78
56 23
75 15
22 37
88 0
94 41
55 85
35 18
69 91
36 22
71 76
30 67
50 94
67 25
44 41
55 57
41 40
42 60
2 39
20 36
65 16
65 92
79 31
18 79
99 66
24 9
97 0
86 2
14 94
34 82
75 64
31 25
71 55
61 50
63 51
45 26
9 62
76 49
31 20
86 56
76 46
83 50
33 86
26 40
60 5
1 2
25 69
57 11
82 93
21 54
37 59
85 12
42 10
83 40
90 13
66 28
70 9
85 12
43 29
98 50
30 82
45 68
96 44
24 55
94 9
34 35
23 85
59 6
97 32
71 38
43 86
26 14
76 29
44 6
44 22
94 21
59 41
92 98
5 86
72 74
99 9
80 38
69 75
49 32
8 5
16 60
6 90
95 83
37 50
15 41
21 90
4 64
0 11
69 35
48 89
9 49
25 48
24 0
2 64
22 9
27 52
35 45
60 89
41 43
62 4
13 68
51 20
95 81
96 70
45 65
20 57
37 93
41 44
12 76
30 63
2 76
78 43
36 9
18 71
46 99
26 71
34 92
32 48
11 35
37 40
25 14
85 33
22 95
69 2
48 12
82 63
80 91
80 35
86 91
39 86
56 1
32 35
3 57
73 8
45 54
83 56
67 35
29 19
89 40
33 23
62 70
49 98
88 92
71 92
9 44
77 77
86 32
25 26
4 64
58 75
43 43
24 52
90 93
83 55
78 54
82 86
9 28
79 24
1 33
39 59
0 5
29 32
98 29
67 62
89 65
81 31
29 2
22 11
38 58
90 64
19 54
80 76
24 9
99 71
6 54
62 67
64 64
78 58
15 4
74 19
74 7
88 66
83 76
29 90
24 47
81 61
42 37
43 76
9 95
9 75
93 78
69 30
78 88
37 13
89 7
88 33
6 15
16 23
17 41
89 26
10 14
31 38
25 90
4 59
44 11
49 68
89 10
54 29
81 45
70 9
41 68
20 6
95 67
4 27
81 25
36 95
11 76
62 57
47 95
69 41
87 77
82 32
19 56
64 88
2 41
10 68
75 51
97 41
83 69
65 2
39 88
55 93
94 97
93 56
99 27
0 90
22 73
83 39
36 26
28 4
67 19
51 70
48 59
22 56
89 6
20 33
74 31
89 10
68 40
81 0
39 35
92 4
9 55
73 30
60 30
83 78
93 52
58 95
89 22
12 86
36 19
20 18
79 23
98 12
68 50
37 91
20 89
81 47
16 11
40 53
35 48
66 16
28 65
71 66
52 81
16 71
82 21
86 16
87 98
38 73
90 41
7 52
72 32
43 78
32 36
57 99
2 15
17 16
69 9
59 8
2 23
1 69
39 97
48 92
87 72
65 62
89 78
41 98
85 19
34 67
51 30
33 73
61 48
21 4
20 22
88 4
52 6
56 44
87 78
70 71
29 27
7 32
6 95
19 36
71 92
11 90
86 53
9 31
53 81
48 42
3 3
21 99
95 12
60 5
37 75
53 2
34 65
88 48
1 17
49 62
13 2
4 18
56 5
24 17
67 31
5 95
12 70
69 52
88 79
99 24
86 87
25 79
99 82
93 10
86 44
96 21
92 6
27 78
24 43
20 55
20 58
42 66
93 52
84 27
86 63
13 86
9 65
78 87
67 81
69 84
9 1
72 52
13 89
93 69
85 86
74 75
21 71
3 84
74 6
75 15
39 17
61 8
11 42
17 25
23 62
12 66
35 16
33 96
93 3
13 76
6 53
17 37
31 51
72 10
99 47
26 88
47 1
32 66
58 31
53 98
53 89
44 27
78 36
14 87
81 59
61 6
15 61
85 85
85 0
90 36
9 76
43 34
9 14
25 69
88 97
58 33
12 67
90 28
98 19
68 27
21 38
45 29
83 85
15 56
6 71
69 18
70 34
68 22
1 41
56 8
45 68
80 6
5 74
97 63
61 63
79 79
84 34
11 92
88 57
24 71
34 74
82 41
79 33
98 47
3 83
40 54
13 13
69 24
48 2
68 69
70 89
74 58
96 28
26 92
81 58
85 39
75 90
5 42
44 11
86 89
86 37
76 7
56 74
69 21
76 80
10 0
0 80
75 44
8 34
46 82
20 85
92 75
90 26
43 53
72 61
39 79
45 77
46 88
22 88
4 44
98 12
13 16
50 91
70 79
15 60
24 99
83 57
77 56
5 20
20 98
97 45
42 54
32 75
8 86
69 82
66 63
41 86
56 44
47 76
8 11
45 7
54 51
8 17
6 61
67 52
36 93
59 63
0 54
6 28
63 47
61 89
70 12
29 39
14 47
61 10
0 33
45 13
94 89
56 75
84 84
78 40
32 15
23 22
99 92
73 49
1 80
62 4
41 45
76 31
68 32
9 24
41 30
57 53
12 45
16 69
30 84
97 90
39 5
20 38
9 92
72 66
63 32
55 24
48 78
67 84
14 50
82 59
60 50
93 69
84 96
77 59
57 59
61 98
3 31
9 7
37 1
90 51
86 43
37 61
73 56
13 2
8 76
73 2
24 78
8 91
14 11
13 26
93 2
40 64
68 86
46 69
64 54
33 57
41 4
81 38
74 84
79 46
87 6
46 43
29 6
51 16
11 17
0 21
53 34
25 71
59 92
54 75
40 31
41 85
49 26
93 85
21 8
3 65
2 77
81 82
89 94
33 30
80 62
33 80
99 34
81 81
65 92
46 8
89 36
6 88
44 64
93 30
15 84
10 13
93 41
50 81
55 55
50 20
94 90
12 38
47 45
95 30
90 69
85 22
31 98
37 92
31 78
94 37
59 28
67 74
48 87
51 97
15 34
18 60
30 5
99 14
97 31
99 59
14 35
61 65
53 90
26 40
55 59
41 49
17 54
99 76
79 38
71 22
76 51
9 9
91 29
78 49
40 75
40 23
84 13
12 29
70 94
64 35
16 61
76 14
78 17
45 0
52 67
20 48
11 97
29 69
74 82
75 39
65 9
22 25
75 88
25 36
85 47
24 41
48 70
33 79
35 74
88 10
18 82
44 92
60 78
36 84
31 53
77 1
62 87
31 48
57 4
23 53
33 52
65 90
6 17
74 41
86 23
56 41
97 59
43 78
13 86
60 74
36 78
12 80
39 95
67 69
43 33
39 92
25 61
37 87
5 77
12 22
14 80
58 75
81 37
13 57
35 10
86 83
44 95
95 26
88 0
59 57
78 46
73 80
62 6
65 94
41 82
86 39
15 53
60 35
50 40
78 70
92 85
53 78
99 98
63 95
34 54
32 19
71 99
61 4
19 33
75 70
45 99
86 28
8 32
79 32
29 60
42 84
89 3
36 11
28 48
53 48
25 44
53 21
67 78
22 26
55 83
11 30
75 64
58 65
86 54
