4000
4000
1409 2984
1458 1870
15 2465
908 3821
287 3472
230 2019
1722 92
1116 3722
3542 133
2611 3466
3459 3568
713 3322
2348 1532
3636 3861
771 3466
1489 1204
1609 2356
1882 1924
2639 1738
3512 2957
64 3543
1741 3178
1745 3920
3882 3340
2307 2833
1441 2418
48 2267
2046 1776
3292 2174
3671 746
1104 138
1049 3518
3755 3380
2519 2621
1015 1434
1338 1009
2831 1407
3736 1285
2024 1125
2908 2058
188 1291
1627 2218
2369 633
3688 3562
285 2036
1919 2749
1961 3498
1680 426
2724 766
1513 3438
1422 3568
294 2437
1648 3434
1513 2555
1106 1774
1882 1320
2852 1351
1681 3961
775 3368
797 3952
3690 1628
2722 2759
584 2941
3941 2485
1608 690
3101 1505
2775 3219
1904 320
173 927
532 1444
1942 378
1800 2000
1713 771
3504 389
1675 1298
1745 1044
2108 365
3433 597
1238 2904
3476 2410
402 1732
682 596
2805 2552
586 2463
1734 2571
2056 860
2197 892
2081 447
3035 3653
1350 311
3042 3817
3194 1216
3722 2255
1463 2183
258 2834
787 165
2687 914
712 3950
1314 2829
797 967
881 2874
430 1036
696 3962
463 2856
1532 1843
1100 182
2843 3080
2179 2509
679 2570
3125 1867
2649 3111
534 1931
1503 1289
2476 2160
2136 3295
1862 1566
2731 2274
1674 2243
2351 1375
3734 3683
2172 500
2008 1381
2603 3004
3487 3603
869 409
2617 1256
1263 3758
3126 526
3290 3665
3989 1133
507 1845
1866 463
3196 1008
329 1795
3405 1047
2598 859
1905 2966
1556 2265
2559 2334
1249 1033
3793 565
589 458
3253 3279
3671 753
880 1629
179 3850
246 3074
1962 2559
3825 3368
2560 533
7 1657
2163 1174
3244 2801
1962 2121
3789 2709
1231 2845
3953 3043
491 1218
1968 3308
1831 1931
3003 1402
2202 3792
1415 1176
21 291
3052 1001
406 3456
3177 3312
1127 2920
1734 3022
2638 826
2989 2906
391 1270
847 2203
57 3066
3209 1454
2614 3509
3452 535
3213 1116
2678 969
2354 1445
2875 1492
893 1858
199 3940
858 361
1521 2368
879 2026
1894 1457
2553 836
1930 2205
471 1819
1291 1010
3213 2761
2276 1039
1351 1463
650 3774
1888 3647
619 1540
3852 2800
1739 1921
3139 187
140 3759
1202 1386
3067 2773
1577 3509
2919 541
2182 356
3061 2547
2097 967
3761 1631
2015 357
1267 2082
213 464
1269 1926
718 34
1793 3019
2386 3125
1140 946
1772 1024
1778 3117
3582 3994
2959 3903
919 818
3881 1975
2947 1879
2582 948
903 3593
265 3573
3431 2035
3658 1194
3656 1574
2961 29
963 2997
2772 3658
2250 937
1065 3925
1846 423
957 1884
3160 2205
1718 793
1822 62
1390 895
2357 3429
1619 2490
2660 1306
314 1938
1458 2237
2675 2852
3206 2552
2347 3843
1053 1729
1474 622
3021 168
778 41
50 1381
2702 3178
3825 2150
2136 590
840 2224
504 2410
1151 3613
1497 3157
624 1733
3168 3959
3662 1408
1035 1061
890 3059
3111 1958
920 2717
302 3140
3338 3826
559 1780
2265 2050
1266 3914
1967 3070
2831 1628
2504 2562
2585 2847
3836 2703
2183 1906
1593 1328
2072 288
3217 3329
1888 2003
2276 397
484 3600
295 3425
1456 3176
1354 1921
688 1580
709 2062
211 3816
2049 1165
776 566
3150 22
905 3307
1302 54
930 2106
1768 335
1271 18
187 2530
1043 419
3175 2289
1757 3307
914 2689
3038 2628
1459 729
1888 3559
3414 1738
927 1898
3112 444
92 3832
71 1812
3099 3756
2469 1482
3634 3677
3588 1474
2495 1239
2044 859
2465 2208
2265 215
2947 3711
2965 2086
554 2196
1342 1624
861 2642
2789 3153
1403 2327
3740 1858
2664 1009
2334 2367
1711 2442
40 1239
3254 3062
385 3386
3794 2830
2122 3352
3794 1153
2430 1659
3606 3599
2006 2905
114 3220
1065 1186
1596 3668
2846 2925
2393 779
10 1487
2865 3262
2457 2031
3339 3891
1873 3214
1168 826
1379 952
3196 1350
727 248
38 2543
2275 2802
3326 2676
649 2142
1345 3906
427 2936
1638 3195
3036 2498
507 286
183 3462
3549 2623
2630 63
3189 2792
1417 1447
3929 361
1581 1839
2656 2973
3394 1246
689 2950
148 3319
379 689
797 3402
3784 1454
3671 884
3504 1241
107 2809
316 1279
1053 215
3498 373
2703 248
871 3589
1285 910
796 3545
1711 28
2638 3095
766 396
843 3644
1661 2172
2271 842
3685 2656
360 2732
1114 182
1970 1425
2961 317
2726 1520
133 3994
3377 2340
3016 2548
2181 2417
1229 786
1868 2780
1431 1867
516 1761
105 1669
1516 397
3362 1908
3025 150
3702 3336
2323 3672
1038 433
3378 3209
2874 3111
3780 2149
3130 445
3957 2864
1858 2587
2922 2784
1767 2893
3521 1357
588 2238
919 3985
1059 1480
3438 2428
430 2342
3489 3368
3500 2136
1410 3275
3083 3336
1409 3252
316 3794
2032 1140
3306 3559
62 1868
2250 2176
660 2427
710 999
396 139
2489 2491
3797 2657
714 2506
2569 1718
3528 2564
2789 2616
1383 422
2933 1889
3793 1186
3079 1713
3718 1485
1070 3219
1234 3548
2075 2306
1295 2636
316 2744
529 1415
723 3199
3509 2127
638 3069
3002 1190
122 1462
929 3888
733 2404
3761 2616
3726 2932
2435 2155
2256 1827
2832 1167
1463 2757
1788 36
1003 856
3714 1425
358 1423
518 719
315 2312
448 3245
476 175
295 2851
3365 3483
351 3341
3079 3242
2281 1345
3769 1489
1980 3957
2641 384
620 1726
3553 3009
1733 684
480 496
1258 2964
956 3336
1863 2753
647 3450
3287 1095
1257 2570
3572 2652
2350 3637
1316 688
750 1626
2019 131
792 906
2131 3848
2376 1300
3782 160
33 2117
3334 1037
3442 3303
1295 1600
2479 1319
3321 3447
870 2497
1122 1213
56 2896
3536 3511
833 1431
3431 3202
3268 2356
1066 1207
1231 3342
362 3254
522 3453
3855 2920
1257 3152
2625 2582
1591 2024
3842 2055
2307 3759
1907 2501
3251 635
2243 2254
1490 824
2019 2337
2709 807
1113 2368
1427 3240
1558 1250
3966 2038
1308 1221
1033 261
3831 3746
1619 2581
1449 3771
3901 3322
914 1826
3045 243
1745 1402
1830 2335
1885 2856
1861 2552
398 1365
3488 848
1823 3364
2137 2187
449 2385
1510 924
2009 3127
1459 1047
3516 1134
1029 2425
1389 1940
3458 2752
3954 2759
3533 3489
2717 2027
572 805
3683 1790
3966 3118
1966 3182
3682 1670
454 324
1566 3283
2708 1039
743 1934
2936 583
2038 3471
1751 3868
1691 2400
3462 3872
617 1568
362 2057
1496 2121
1225 367
3077 2881
1242 417
371 3481
164 2092
777 3634
3343 3548
2184 1672
1967 1379
3588 2536
407 305
1302 1188
3037 1462
1753 3077
2726 3291
297 3623
1816 567
1569 3418
278 3517
3919 1975
1065 3515
3315 2294
829 2430
514 687
374 3802
3184 3322
3573 966
3210 2330
898 3539
2904 494
373 3881
1107 2000
3487 2097
1336 79
3129 28
3656 768
973 398
235 3621
2169 943
337 3789
2450 1359
850 1875
916 2836
2960 924
1748 3832
2815 963
3559 1222
3701 1645
926 2722
1682 2882
1884 2836
3257 1537
1402 3110
3607 2342
3660 3982
2671 2063
3855 699
1163 3526
3453 3539
35 3231
393 3800
1721 1932
1502 300
1128 968
2818 2667
1694 1686
2592 599
3249 1884
1256 1919
118 2976
1887 449
3290 3707
2054 1333
2719 2233
26 3282
254 3541
3127 2539
410 2802
3486 1531
1857 1842
1196 2172
2647 352
3374 372
3203 1172
1956 2077
2379 3731
1984 2865
1595 1213
1756 2118
3014 2313
1956 2887
381 2127
133 78
681 2533
1603 3930
2165 1063
1979 3774
1511 1296
3287 2449
3589 412
2029 1724
2260 2264
260 1480
175 1016
1392 2068
2508 320
2004 3858
3608 2009
577 1049
608 1282
2845 1851
1825 2154
2684 466
156 3097
962 1682
2021 3721
1357 1746
442 2943
3033 1765
62 3668
1643 96
689 1947
3361 2680
198 3719
945 2234
769 1398
3085 2324
807 1502
1927 3548
3330 455
2988 2874
761 2508
3424 2946
3165 32
2915 132
2105 2704
1857 260
3362 1932
310 780
370 3495
3665 509
2907 520
2242 936
1758 3971
633 1313
2593 311
718 2199
1057 2896
879 2605
3659 3127
2339 1401
1902 1171
804 3448
945 1552
2656 3518
945 3596
3925 1379
2189 2872
2053 1467
3171 1136
2674 2650
3528 401
1169 3862
1699 3230
3248 1397
486 972
3372 1082
1112 2008
397 822
3647 3777
1349 1492
2624 43
2388 2315
2368 3454
3125 1817
1577 2360
2371 2247
3038 2346
3970 3954
3060 2761
1949 3835
116 3544
833 1763
2790 3041
2081 1324
1804 995
1103 3906
3249 3008
3785 396
2025 3079
484 91
3391 711
673 2555
2750 1400
2502 522
310 3935
3480 287
845 2744
2111 2747
3261 1029
2860 3805
2561 123
2926 3403
3056 2758
278 942
866 3615
650 2412
514 3948
2329 1359
3259 3282
2198 1861
3756 3776
1117 416
3247 3093
917 1081
1552 1946
546 1893
1051 2409
556 857
2072 2186
1853 1326
427 817
43 2542
412 2158
2491 1859
2245 1092
1312 3917
3073 2862
10 3613
3514 1809
867 860
777 3153
78 1292
1174 40
494 2640
1150 3799
2148 1101
3272 14
1894 669
3062 3984
3339 2103
3202 1216
589 556
3162 2037
1111 391
2859 1925
2636 1728
1668 1928
1531 1812
3631 3952
1219 2451
2211 2808
2928 50
2272 507
763 364
249 3260
3822 876
3532 3892
3872 3607
2775 615
657 1365
907 41
183 3258
3298 2441
784 3546
3313 783
860 1021
2931 2822
3389 2951
2128 871
536 3773
2917 2021
46 3903
2497 1742
2839 1790
3898 2223
137 3742
1450 2485
981 1815
316 1868
3074 3164
1804 3043
786 1720
2553 2191
2027 722
1788 2644
1180 1605
3559 28
1156 1336
3838 2663
3202 1712
2597 52
3309 2161
1860 2699
3439 2097
1300 3285
1508 3031
430 1197
184 3131
3575 3296
1472 1568
2277 3929
1223 878
1885 3970
3693 498
844 1373
526 1928
408 3617
225 1467
461 3611
2590 611
3518 2524
3242 3192
1255 350
1355 1176
289 1491
2843 3108
393 3650
3902 1014
3355 184
1011 848
3219 1932
60 3097
3435 181
526 1533
3855 3951
3774 3223
3871 621
3016 3840
541 1020
2958 2600
3444 556
746 115
860 2317
889 3688
1104 545
2567 843
3602 3200
3946 3389
3131 1007
2401 563
1376 2489
1348 2554
2929 2961
2900 2891
3159 3906
2315 1191
706 2052
3978 3617
1767 1255
3801 190
1762 2855
2244 1593
3498 3725
994 3238
2642 231
505 1790
3757 1882
1329 206
2789 116
2406 1799
1079 3071
3861 3051
3540 3936
3394 1987
2085 2992
471 335
1255 1227
3037 1512
213 211
3710 579
3612 298
2095 3174
3490 457
632 1404
3178 2586
3746 2031
2862 536
2000 2335
2409 816
2571 338
1591 3895
985 3231
1764 3367
2092 3488
2887 737
2517 2173
1904 3414
243 1266
2214 2690
1236 1916
1261 2508
3253 3512
421 1427
3458 109
2155 3594
1057 2772
1464 3744
3046 3731
2153 2888
3264 405
393 2662
1330 2348
1731 357
806 306
3094 2226
1810 3240
120 1595
2824 320
3393 1801
37 89
2733 326
1549 3244
1080 3782
2619 1784
2472 3570
1251 1081
3362 1903
3297 3465
582 3098
987 2587
1460 3386
2095 1451
2314 3698
582 2773
3578 2796
1385 2829
1377 1122
1851 952
3934 1677
772 3660
3289 1950
412 1235
2672 619
3563 2568
1616 1254
484 2450
3705 434
1609 1888
478 510
1844 348
1900 655
1248 3429
234 3401
870 2195
3650 500
3625 3571
3734 2700
1374 1758
3682 815
2673 581
800 3163
3970 79
2220 3133
304 3478
2207 3924
2385 1624
2632 2947
165 3393
2498 1039
2063 1590
11 3304
1278 1302
2500 3497
2632 3166
2907 3384
3606 681
1286 1668
1471 2326
2686 1518
2986 913
3752 2285
3786 2979
586 2426
448 1487
3052 2857
1290 1962
3864 1579
2826 2110
1869 3336
3373 2304
2322 797
1896 3569
3879 3160
2253 2111
2504 2145
598 2596
868 2634
697 738
3457 163
3180 1527
1502 1538
1347 3159
2489 168
2258 1808
3570 1993
1513 916
340 3249
596 1089
901 2747
3087 2674
2251 486
2114 732
2511 3254
3482 2076
799 398
1821 1708
1510 2457
606 1118
1415 1966
2473 2976
3598 982
775 660
1065 1294
970 2799
505 629
3144 614
2084 313
2736 1789
798 1170
34 1007
3162 1709
366 1969
37 397
1481 947
2438 167
3903 770
964 1951
1108 3393
3967 2281
228 2679
3670 460
1084 1517
1927 1005
73 3927
3118 3264
480 2561
2323 744
37 684
430 3513
3810 3852
502 2222
1051 1916
2847 1047
3319 2659
2768 1099
1100 2959
1139 360
796 885
3748 550
1631 1643
475 504
3302 3372
1139 2138
749 149
2302 1132
3755 2988
1531 2023
1911 829
1619 3965
2754 212
813 3767
2824 2939
2596 3274
424 876
2752 3742
3229 2046
1283 1177
1234 3401
3258 960
1252 1370
2928 1578
2202 969
148 2832
2969 3878
1338 2474
2239 3672
2534 3859
1117 749
2672 352
1738 700
452 1231
983 2273
3155 334
2094 1667
539 2385
2132 2766
1121 2729
2993 3772
1371 1912
2448 728
1384 887
2971 1325
2310 3519
2353 3956
1974 3678
3299 3388
1913 904
3544 3283
737 3916
1582 3331
3010 398
3922 893
2812 2729
533 3845
418 2046
1261 1710
2621 2804
527 2199
2444 2280
3665 2974
2489 3764
3037 2805
1954 1499
1352 1467
1201 3649
3216 194
1214 842
1560 3824
936 1503
135 1936
529 810
1777 2042
2956 877
559 1316
3218 2418
2966 123
3348 2599
1611 2555
1111 3553
1227 1912
3725 3462
1130 1168
941 2938
3237 294
2421 382
602 3990
3127 1261
3011 3044
2825 1394
1019 684
896 2025
2852 2268
3056 217
1179 2411
737 2015
1280 2393
3387 1696
1373 1352
86 3878
3955 3572
232 3385
3780 1566
1215 1324
3194 2922
3834 43
1706 1529
2926 959
2735 594
2026 325
1362 1938
1035 1394
1593 312
2918 2199
1559 1402
3261 2052
269 122
3385 2351
1936 3431
358 1576
1913 2059
776 387
1407 3523
3504 3414
1076 539
3827 1291
3576 1862
2543 978
296 956
1087 1576
2708 507
373 49
2761 3263
118 1256
2724 1010
2035 3703
109 2213
558 507
24 2379
3347 3562
2362 2283
1974 3360
3368 135
891 2473
528 1570
667 1793
1704 2370
463 2216
1640 116
503 2513
349 989
3574 2428
381 1680
1560 3747
3608 244
2922 57
3267 3011
473 362
253 608
2172 1192
3699 1564
1029 1417
1758 2145
3387 3586
3372 1989
2556 595
1706 2003
980 2095
2611 1494
64 3742
1836 3316
1269 3791
3398 1574
62 852
1580 2239
3951 1046
586 2287
3965 3701
2513 2587
2874 439
3275 3394
3925 560
666 3702
3989 1181
666 503
1247 1213
948 1822
1101 794
3335 3065
1191 2724
283 3651
3012 2715
3731 2495
3638 42
796 3624
3103 3096
3292 3409
941 837
244 3406
3392 3448
599 3377
2525 1027
2221 1697
3178 2144
422 289
68 2510
2482 35
828 163
2138 1650
818 2080
1672 3619
2710 675
3364 1067
2594 1580
350 3342
2043 1432
545 1737
848 2055
2812 1606
2243 2777
3755 217
1086 2730
591 2773
212 3390
3281 608
564 2858
797 992
2133 757
9 2225
80 3910
546 397
1801 225
2866 524
1256 124
3723 2326
301 396
2428 1901
2153 2964
1322 2493
1694 3415
2652 3449
599 2199
3435 3084
56 1852
339 3897
2927 1066
3055 1621
2458 2437
3921 2281
1804 1159
3563 431
2021 879
132 2492
3405 2278
933 188
1156 3471
2314 1607
2179 574
3660 1916
2021 3818
3553 2618
2058 3265
2355 259
1100 2381
3873 805
662 3922
2744 1192
2949 2843
3479 2973
347 1084
3471 2770
3255 170
2998 2066
3931 2739
1452 2020
3531 1003
2106 2094
3139 692
603 3291
2646 401
1801 2976
3905 3414
3298 343
1679 1110
3624 2966
1840 1038
3037 418
736 870
569 2522
3255 1783
163 806
1945 1558
2888 3728
2301 3966
2360 524
685 443
1757 2325
1110 3506
615 1229
2757 3047
265 2086
3831 1971
1399 799
764 1707
505 1241
1408 1970
55 2356
555 1401
891 3963
643 1981
1185 1587
361 1987
2694 1985
2627 752
3707 934
3893 2367
2653 413
1034 1567
430 2111
1450 1627
3117 3232
41 891
1289 2423
3027 1903
3578 721
1934 3407
1997 2185
1336 1815
440 645
1582 2871
3176 1056
613 3565
2306 248
2481 1647
2049 3977
841 2967
437 1618
3295 352
2429 2656
1613 2585
3724 3982
529 3772
2387 1688
2969 2543
3159 1844
1544 1787
2378 1057
3511 90
1480 305
1484 1102
3754 195
2116 2176
3022 2616
2686 1917
1217 2409
2299 1160
2214 48
2359 1000
644 261
2046 2221
1041 626
901 1513
64 3235
333 3599
3948 3519
2253 180
505 717
3785 1173
3545 921
3244 3131
1839 429
1926 2414
3859 997
212 3080
3885 786
466 513
3822 2871
2548 3962
29 2833
3340 2145
2108 556
1173 1018
3848 559
3554 1736
2458 3564
1341 2979
2790 3934
2062 1762
40 2121
1972 3030
1092 3561
2737 2641
3090 2841
2311 117
3670 152
1184 2092
1062 3945
956 749
2757 3678
3035 2750
512 1865
3283 872
615 3898
2946 3939
3800 2940
3361 2396
2807 1820
353 3887
1088 1420
606 2420
2804 1168
2983 2903
1607 1631
1934 1056
3732 556
157 2575
3568 959
3234 2758
3285 2261
2163 1890
1541 3523
373 31
1617 3368
301 997
34 2340
3723 3489
3522 864
2842 2788
3027 3320
832 3148
2198 2405
2321 1694
3760 539
782 3277
3860 2958
3500 1038
2935 3977
3417 3383
454 1136
2028 3164
2061 1058
852 3711
2017 527
1697 849
3228 1656
461 3478
2844 1937
869 2341
64 3452
2604 692
961 2049
472 3199
702 2821
2652 2856
3472 2723
3957 3122
3377 3687
3222 3070
2806 428
1804 3076
3389 3057
2079 3413
3737 770
1109 2491
2824 1284
3807 1150
1350 3747
2310 2904
873 3000
3883 2704
1359 2448
3825 542
3360 3761
950 1803
247 3083
2090 363
3885 1759
497 1735
686 928
2992 806
1978 2874
2590 197
1648 3726
191 1757
2456 545
3306 3503
1768 3389
148 1670
2552 2564
1876 3589
2605 2008
1698 709
1033 756
816 1758
1168 2704
1787 2643
3992 2656
3234 2029
2521 103
2269 2049
172 2519
2691 2177
2898 1111
2363 368
2434 449
1445 3873
3019 2797
3423 3379
1645 2645
2099 3740
2674 420
3525 3018
3000 2307
1196 483
657 1569
1639 1501
2556 2289
3819 2842
43 663
594 1424
1272 3372
3694 3098
2878 3619
115 2925
840 1380
2111 2297
296 2413
175 2718
3633 189
3080 3372
1245 3337
3383 2365
1196 1665
3247 1112
2608 2467
2825 3998
3197 1687
2695 2638
480 2301
3608 2380
966 3585
2624 898
3298 178
137 3097
3033 3073
1322 2795
667 514
2551 118
2661 1967
3483 32
3685 3610
1662 1351
3832 1112
378 2267
1560 478
2934 3781
3863 1791
2609 3691
880 256
3677 820
2938 1149
2662 279
1253 1794
960 2527
1028 925
1522 38
1868 3555
3450 1133
2948 521
1404 1139
2629 2298
3538 1897
221 2158
3663 1790
1219 3640
1118 3158
1377 3178
1023 3335
2930 1635
1456 2785
1592 3714
750 460
764 3345
1722 153
3992 2055
1502 677
2852 3616
2801 658
3413 1971
2058 1253
1122 3797
1193 1534
3405 2362
1392 2000
2928 3747
3317 1097
938 1509
2627 1081
1049 647
1726 408
2705 3897
798 1121
2662 1962
2892 1736
586 1322
332 1974
2480 693
3036 1594
1462 852
369 1081
2087 1354
2446 3416
933 384
3105 621
968 2178
3255 3152
191 1558
697 3131
2583 2214
3363 1064
3307 2781
2723 3264
2740 3777
556 1508
3541 3707
755 2579
1804 671
2867 696
155 736
2050 2758
1445 682
2481 1503
2040 107
3108 151
578 2155
2652 516
2724 522
1416 3444
431 2525
791 1379
423 276
3028 257
3398 2485
1568 3957
3283 269
1905 2062
3541 1870
3053 3781
3385 2314
673 3873
2870 540
1156 1303
965 1902
1815 3078
3241 3420
1080 2890
1281 32
1642 1980
1897 2766
3099 919
1280 3754
1970 1951
2885 3350
3776 3262
3944 1295
996 3779
2042 1073
3890 149
1654 844
222 2767
2767 708
2689 2823
410 1134
3912 158
261 191
3144 3315
2965 552
2013 3048
3846 2764
691 1130
2529 1060
2339 2813
184 1624
2580 1134
153 1116
961 3610
1485 1296
2948 496
3182 2331
3425 331
1126 3569
931 2299
1197 1316
428 227
2904 1414
672 1696
397 43
1323 2954
1843 1627
3751 581
3186 3524
2700 2158
811 2298
3127 1719
28 1681
2154 2768
3523 778
1260 2494
1146 3042
2110 1150
281 3221
2592 1022
3410 398
2287 2164
311 3492
361 3848
3104 3827
950 3109
2893 2805
1895 101
1181 1023
2495 665
2646 1553
1415 2307
2952 552
2328 2896
3306 1829
2973 573
1333 2695
2200 345
3476 3606
2294 393
457 2580
2878 620
3252 1292
1283 1721
1712 2759
758 1267
309 2751
1293 2547
998 824
599 3297
1396 2278
2504 1369
2214 3126
1353 11
879 2461
3669 632
3932 1028
1322 548
2147 2660
2844 1668
3998 3047
3920 3079
3008 932
1297 3967
477 3779
397 2507
2286 608
741 448
2030 2725
2303 115
255 3956
782 1575
2456 1194
2200 3712
3297 1743
2869 663
2161 968
726 1952
2527 244
257 2894
2044 81
2913 17
2338 1158
3340 2134
1892 1318
3909 2583
2399 761
160 2162
1777 1156
361 175
1834 2243
2714 36
873 3974
3812 2604
336 2977
2702 1126
1912 422
1804 1734
253 3395
1719 1469
1775 2928
225 3835
283 1495
2264 2389
3354 1256
2692 20
2838 3815
1851 3898
2197 3243
1339 3077
2111 1947
1922 2976
3073 2061
1540 743
3133 119
3236 939
3322 145
3194 3418
367 3514
3370 2817
1834 1319
2113 3426
771 3603
1055 3540
536 2315
3324 798
1089 3785
2712 1616
2885 99
3574 354
3456 2982
2554 385
452 17
2217 1797
3919 2728
733 129
1318 3012
1741 3994
2542 2656
1274 823
490 3735
56 2740
553 1424
3851 1087
1108 956
3930 2611
1688 3548
438 3397
1288 1082
1979 1976
408 2431
477 1643
2916 2299
3558 2195
2507 340
997 1723
886 167
2735 1011
896 900
1684 906
1532 607
1094 1681
3976 2036
919 710
833 2489
17 3172
2474 764
371 2343
2734 480
1338 318
2365 601
2991 1705
1269 328
3058 667
1747 2373
3846 1026
932 2511
782 3371
3956 125
2207 1190
379 203
178 2388
955 963
636 84
1539 3208
3399 496
2548 1724
802 3889
1710 1052
1316 1894
3925 3875
2168 3968
2869 2056
1005 2733
69 555
475 1904
1219 2138
2077 3272
3242 438
3245 360
318 3962
3439 1402
313 3048
1605 3593
1430 2071
882 1210
3510 518
3378 1950
2453 1958
224 116
1371 2717
2010 271
3447 2068
735 3863
3516 2840
413 1307
3948 108
826 223
1481 1589
1161 1456
459 1379
3707 1704
2126 1275
3810 1830
1365 2694
2149 2393
1851 2110
3102 2997
2966 962
852 3074
2983 2249
1189 368
2756 1675
1879 1350
988 1595
1525 728
1596 1037
2284 1428
3559 3203
2468 1491
13 2301
2994 3168
3313 2433
2624 1008
937 2675
186 1569
156 3328
359 1668
3956 3580
3472 559
3142 3347
2399 2925
2103 2042
2335 2625
216 3263
3349 1860
1828 3276
3982 3965
1394 2027
793 1583
774 888
1711 3213
586 3693
2009 2417
3592 3797
3442 1608
1035 908
3718 191
3968 1451
3576 2846
3503 2483
2294 3505
2486 3230
3178 700
2928 3242
532 3407
2901 2036
1855 2836
552 343
2824 3754
1194 1538
2208 480
1832 3179
624 1496
3732 3987
327 2197
373 2330
213 1914
14 283
3070 61
2338 1989
2773 394
2493 146
150 284
2324 205
3270 3561
200 1079
1402 1889
2275 2465
2861 1207
2166 2828
3662 7
1194 47
3327 3358
159 2057
3859 3886
3953 2558
3543 3143
3994 1061
2657 3712
2895 1774
3296 3595
416 1130
1109 3547
2498 2879
2074 3860
177 1788
455 3006
2019 1605
3508 2591
753 2578
926 2452
2537 2677
1479 2783
3315 2426
1671 3068
53 927
2512 2432
285 3561
1639 2833
1242 1832
929 1787
1541 1102
1546 1253
512 26
3800 1131
3403 2538
841 3563
1903 2903
2849 1092
3146 128
1264 3657
2435 2956
1077 2733
923 2566
1531 3977
408 227
3897 820
3961 3791
168 653
1524 1614
382 2740
2832 3356
1630 3946
182 252
2349 563
701 697
2040 2218
384 183
836 3325
45 3999
2966 2587
2746 2155
819 2629
2153 340
0 1569
3571 2010
823 2139
303 2989
1714 356
1836 1036
3509 3299
384 3461
2223 1735
3329 88
2095 3195
196 2799
2264 2849
3208 3030
1969 3986
3048 3402
1714 3725
1136 2922
3011 2152
3224 867
889 268
2343 3918
1762 3176
589 3436
178 2507
1068 1004
503 471
3965 1986
1839 271
2042 1444
913 3259
2304 3730
3876 3868
3508 733
1092 3012
1592 2887
2907 1791
605 2626
3523 3322
2657 2364
435 3601
612 1821
1758 316
274 1768
3285 1320
2377 111
1119 2122
3438 3733
3369 1799
1760 332
2646 491
2023 191
2089 1379
3757 2459
1199 502
3786 1271
2131 570
1536 2183
3255 3709
1499 517
3833 3039
2881 2008
836 3847
3729 1868
28 2534
2211 492
2124 2979
473 1158
3825 3501
1509 978
3616 183
2375 1336
254 1481
1008 978
3204 3415
3985 271
1462 1844
1423 206
1369 3572
3722 331
3932 1116
3139 2333
1002 1769
3036 674
1919 3115
2347 2436
3759 2407
1603 3308
823 2217
1411 1839
1272 150
3080 3691
2320 2742
2842 63
2994 2004
703 415
3967 1841
2583 3980
2326 1242
24 1540
3375 1765
895 1138
261 333
3553 1268
3503 766
2944 3487
1481 184
2960 2941
2116 1670
2086 218
2993 2218
181 619
2349 1624
1806 3125
3935 3615
856 1390
2187 3651
2328 2059
562 466
3322 3596
1790 565
2379 2475
3253 1065
1539 3033
3292 1244
3218 491
3936 2644
3325 1182
497 3568
1357 1271
1109 803
606 739
2433 3926
2689 1547
3286 1416
3923 828
1949 2187
2664 1932
3267 756
3220 1387
3494 2091
937 939
2402 3742
2939 337
2079 187
3272 3930
3273 2929
692 955
2573 482
3545 1351
2255 1196
1999 1408
1860 3872
2928 2651
2115 297
3724 2238
570 1386
3822 3639
3736 260
2444 3552
546 485
3764 3687
1332 2385
3881 2002
2400 3776
2692 2918
3694 1661
2976 1008
2777 2138
908 2870
994 3012
3593 1940
2002 3425
3069 3682
1683 3807
1264 561
2978 1744
1921 2740
2585 1139
631 3793
2174 2006
1064 98
2668 2932
819 568
3980 133
3337 3157
1675 1690
3174 1392
510 919
2221 2078
2826 1414
2084 1822
300 664
521 3320
3083 479
3048 3108
567 631
1020 1911
1943 364
2211 1617
4 1176
3814 2469
2170 1535
1349 1911
230 172
3968 969
315 2735
3277 3653
2685 2655
3266 3451
1648 1700
1144 2483
3752 2294
344 1030
3522 1384
273 2171
1961 2333
2636 385
266 1758
1537 944
1216 1976
3563 1356
2224 2322
1866 1892
485 37
3557 1055
1518 695
746 1575
563 1802
3874 1127
1207 821
2642 2077
2491 3402
3260 364
2313 33
2332 3333
468 2589
3279 3245
3246 3229
2550 1471
3976 101
1583 327
2320 321
173 3904
1005 1380
1740 2465
600 1655
1276 546
2969 3356
1490 2883
3140 2275
2959 1227
2497 433
1989 1115
1523 3321
269 173
684 1031
374 2363
459 1127
3621 3081
2601 7
3221 1542
1918 251
212 684
2563 3055
584 3211
469 3873
841 3141
1322 67
74 684
3175 1400
3745 2957
2499 3495
1957 2016
2951 2837
3552 454
2019 3789
845 3144
881 2125
1372 839
3555 2944
2129 1816
1746 1550
2291 3650
1815 1087
2779 3188
2336 2751
2575 442
3480 2959
1132 1829
3247 2569
564 1283
615 1382
509 3308
1792 1083
585 2040
3876 3257
3837 2163
3257 1498
2742 790
1101 1864
3611 1819
1915 2147
3625 606
2850 3293
1855 2618
1628 3580
1687 2116
3005 1067
2625 3916
1413 3837
3963 1564
3076 1311
3538 2565
1495 1583
3664 2986
3861 3708
369 3104
3229 3217
2886 1032
165 873
2412 803
3819 492
766 771
998 777
3013 1037
2146 3762
2640 1513
2459 2926
2692 1361
1345 3943
3748 3290
1167 146
118 1851
258 2217
3732 2275
1335 1542
1287 1112
3938 1691
676 2277
2160 1178
3026 3388
332 3690
1547 41
2008 481
1481 287
2506 2908
3211 154
3824 578
569 1214
1809 1201
2921 2592
568 1212
1213 1688
1555 767
1521 1344
2489 935
716 1807
2478 1957
401 3138
466 1204
1746 1120
1212 1861
3515 845
1189 2104
3432 250
2369 3585
418 1881
2621 2560
2560 1483
815 918
1599 96
1201 194
1970 365
2354 3891
3118 1680
3774 1621
3977 1382
758 3899
2380 792
378 58
3527 1337
2326 814
1111 2034
1479 408
3858 2093
2410 1953
110 3925
48 2664
516 1444
637 2024
302 3413
62 442
373 989
3344 3991
1412 2890
3206 3371
1860 3484
156 913
3111 2969
3606 1334
2775 1186
3414 3953
465 2595
3571 2186
2310 1211
3455 3409
2491 3715
3171 3433
2265 2547
1145 2427
1152 2310
1534 2043
3742 2887
1142 1574
2130 1499
1143 3360
18 979
1719 1186
1960 1808
3371 2378
474 1490
2369 3282
2710 3354
2763 2716
3131 2205
2630 2192
3574 874
271 3245
2547 2475
264 2887
1000 187
3989 435
932 389
3078 1510
336 1227
11 2071
1827 1970
3256 1638
3623 3637
440 1147
1017 1240
1435 3549
2672 1763
3967 2521
3201 1832
3116 2293
1153 996
1267 2377
434 1719
346 3541
2226 2770
1946 2890
1399 3126
70 3774
2006 2181
532 3641
302 902
923 1019
2099 3038
1272 1252
3252 3219
807 3816
2087 1738
3686 1137
2039 1900
548 3935
3903 1447
3242 3943
1810 2383
3362 3332
183 1700
3204 923
2407 626
2911 1967
2842 395
289 1838
3988 3466
2054 1417
3395 2673
552 634
539 139
3861 649
200 3233
1890 719
154 3428
1654 1578
57 2597
1774 112
1725 967
703 1256
1525 3080
146 2983
2739 3042
890 2172
938 3710
2650 2577
2246 1075
2353 3231
598 2094
2633 248
847 3331
2395 3721
2100 3424
1469 1338
2801 86
495 796
3614 2317
1443 823
2321 1957
1634 3619
3950 3369
643 3955
446 2106
1547 1769
1353 2562
725 776
1313 230
2578 1864
2521 3056
1757 2769
740 3613
633 3378
3326 77
203 965
2973 3295
487 3602
3933 2509
1055 343
1168 1908
3445 545
3315 3324
2432 3101
728 888
813 2072
46 772
3145 3413
487 3956
988 2241
2322 1154
1603 2980
2087 1238
1187 85
2328 2387
2754 2534
493 2181
3022 1822
3533 3439
1775 86
194 366
2783 1050
296 2556
2076 2797
2192 2234
2205 242
1657 3105
2187 1156
2830 2276
1308 266
1469 671
846 2783
320 3340
1344 1633
1584 1659
3034 936
3542 684
874 2302
1805 1022
283 699
1425 3017
3353 570
3607 222
1717 1914
714 1640
2587 367
1947 3564
1134 718
10 2051
1872 2149
3428 617
2845 3951
2976 478
1503 2530
1669 3086
1869 2738
25 3102
1838 1552
162 2564
459 2626
2071 3503
2419 1251
3354 1907
705 2687
1253 2877
3087 2530
3778 3436
1088 1304
614 1575
3769 3208
2877 2724
3891 3559
2743 964
2049 3359
2775 3781
583 3738
611 871
3250 3268
281 804
2627 3069
1506 3749
1463 3274
2729 508
1104 290
2757 3523
1483 3265
3172 3750
3913 2971
683 3277
112 3001
2838 1505
1463 2760
935 341
1705 90
791 1267
2530 1332
999 3155
787 3053
1595 2004
666 1680
826 1892
3584 907
2670 1303
2961 169
1601 2174
2718 1759
2516 1846
2602 1771
297 2103
15 2691
3470 465
5 2118
1249 1938
915 3965
1697 1581
818 3375
2880 237
858 3636
3638 2449
1675 2688
654 3298
821 836
665 1185
3369 3987
1221 464
3623 2446
2759 1158
2099 851
554 979
1258 3238
2656 1401
2050 1801
3872 741
3581 3092
92 1299
3921 66
3353 3429
516 2043
940 1334
2424 2990
436 1678
1757 2991
3374 3273
502 2718
2131 1267
1341 3724
3294 389
781 1587
59 188
1858 880
679 2230
490 1293
2731 2393
3004 1423
234 1231
823 3755
3157 1403
2701 3944
3210 354
3683 3666
452 3619
3622 3467
2607 1818
3672 1750
804 764
2152 1682
2135 1997
1173 121
1548 417
3364 284
1297 1817
3606 598
1499 2816
2034 1343
2810 3078
2358 2252
2223 3787
3904 3750
3845 1762
3978 3855
2316 3687
1175 1350
3434 18
2282 3911
2918 3849
3452 1018
1106 1506
767 160
1532 1784
1700 3945
1111 281
394 3419
3456 2961
1764 195
2537 2023
557 5
1399 1381
1778 1311
1519 1008
3172 668
3651 1656
3982 1667
3099 3914
3068 3679
1546 245
2038 753
654 1795
555 3804
3292 903
2268 2343
1202 1395
3088 1371
2445 2728
150 358
1 773
3453 2067
1076 408
1806 3432
1746 2654
1761 3931
2618 1172
93 3946
377 371
671 1682
3371 192
319 3240
1434 1886
896 2791
1566 404
3011 3611
2644 79
1409 2719
2747 869
3520 1481
500 1277
352 3639
3848 3908
1627 2039
2076 527
3991 2303
1794 2512
2724 3574
2154 3608
2851 3822
812 3075
3012 1342
2099 543
1020 3256
1801 3926
2551 832
3819 315
1038 1417
3722 3977
3388 3509
3990 254
2039 3782
240 1878
3598 7
2030 381
2207 3887
148 3287
1526 1956
1311 2195
3663 2012
2665 2083
3414 2481
2132 916
521 3624
185 3723
1797 1226
2137 1548
1888 5
1421 2008
2201 3293
1576 3425
903 252
1409 1482
1338 1298
3931 1016
19 906
3086 2554
232 848
189 2712
424 1542
3751 318
3211 2140
2193 1784
3952 868
56 1806
2982 3475
2262 3861
982 2027
2775 777
3881 897
1822 354
1970 2368
1559 1228
3036 3367
2702 2066
3447 2393
1182 589
3146 3817
419 1215
2660 3108
259 391
691 3862
3747 3615
3572 258
2600 739
2228 1700
1537 80
218 1212
2422 3842
3729 2949
1086 1359
1173 3003
1530 2304
814 2349
2784 3435
1326 2162
3677 986
883 2675
1357 1312
405 3885
898 2823
27 226
3581 434
3464 1842
3823 3191
1922 983
1230 3157
3122 477
2502 3336
300 376
3057 743
3849 3262
2087 3381
3508 1708
1106 2397
3414 2539
118 3947
3721 0
20 1496
2653 754
639 2774
1270 853
619 2239
2240 1286
2093 2230
520 2343
819 89
1978 2348
607 356
820 1425
3621 2143
1474 1914
2179 3302
98 2496
682 613
830 2648
3191 1992
3407 264
636 3992
3653 2567
717 2681
2323 3796
694 3032
1475 210
2434 3124
3793 3918
1389 3383
2106 1812
2701 3357
969 2699
2840 2349
3795 3898
357 3881
1906 2368
252 334
3138 2858
371 1833
1686 3425
3208 3696
694 445
3425 3274
531 1872
2581 3011
1162 2353
3921 1879
1432 3031
2207 1752
2414 2293
3927 1527
27 3391
964 3463
3107 1379
3581 146
2902 1006
1856 1373
1839 2629
604 2545
3086 2968
3546 606
679 1582
3168 387
3082 2953
332 1294
2729 161
2291 1599
2441 1243
2842 1067
3682 1115
588 1104
1247 2358
396 2783
1497 755
3654 724
32 2690
1093 1660
347 309
1320 163
2080 276
533 1157
3355 1042
2640 3792
284 1165
2829 2896
1620 3934
421 3173
3559 1335
3548 914
2183 1650
128 3161
1336 2989
2019 1553
2130 2091
102 3255
1609 543
1712 2518
3889 2001
1466 2946
3556 1651
508 3326
3569 2923
3512 396
23 1712
3016 1757
2342 2196
3349 2711
2628 3371
2737 3606
11 1242
3844 2255
1860 1064
1487 1043
801 462
389 1052
307 291
968 2168
3556 774
2147 1949
570 1269
1631 1628
3416 1182
1677 2182
1524 160
2576 2775
3783 661
3345 2098
1187 330
786 3689
1749 2256
2409 1782
3965 1017
1199 1446
569 474
2846 3538
1298 1913
569 1314
3153 3476
1257 672
1011 3496
1744 491
863 113
2568 2608
1389 2014
461 1693
726 672
1703 3544
1623 1486
871 3527
872 1307
3194 1954
1758 1834
2526 3887
2781 3114
1859 2214
305 2644
1456 2760
1361 3713
429 129
1291 1294
1220 130
822 885
1423 3802
3552 2731
3053 3822
2909 1215
2658 1558
127 1407
1914 154
3855 3675
542 2373
911 2661
1489 2276
3090 1784
1596 1183
2152 1835
781 2904
2909 1692
2031 2015
2910 1907
1218 715
3821 2701
139 3924
2169 1887
2376 135
2139 1426
1492 2167
3254 379
3796 229
2745 2783
2403 1968
1722 681
2456 1244
102 722
3469 2940
2761 1090
2983 2044
1674 3546
2578 1846
895 3028
2177 2799
1837 156
3422 3026
188 1227
2920 432
1902 872
778 790
3017 984
1140 1687
1053 2571
2985 3779
557 1799
1692 236
2350 448
781 1193
251 2681
2611 888
110 889
3388 1215
3111 533
1289 1435
3263 1746
520 764
2394 1313
3978 3112
3186 1020
2083 2920
3060 89
1411 3658
1008 1960
3351 2481
312 466
3387 713
893 2797
2836 1881
1222 732
2652 3091
86 2801
13 427
3250 1404
2855 2242
783 2736
2188 823
2264 3216
2339 1253
732 763
2944 2948
2404 3745
2118 671
1896 708
3353 446
3802 2081
3646 2304
2284 172
3904 3769
1068 1589
2976 1178
3554 1841
1120 412
2845 3861
3976 680
2397 3679
1127 1489
3215 518
375 2026
3256 3589
726 1386
1500 3971
2771 3043
3085 3983
2218 3771
3332 1874
3208 2771
839 3930
3076 3301
2821 1357
351 2542
3782 568
1214 3905
3579 3035
3969 2064
3750 1688
2887 2977
175 2339
3858 3007
1413 1345
3223 347
1677 3087
3894 3313
91 2588
3625 453
974 667
2939 3128
1165 721
714 3894
784 3411
1871 116
1078 1265
449 3013
888 1441
1885 3063
91 285
3161 2752
3709 2403
2543 346
1080 2973
3687 3505
77 3541
514 2265
453 1881
3900 2859
530 301
1454 121
2428 2067
2995 3349
551 2580
898 1976
3069 2303
1778 3108
1337 3577
2273 2353
319 2532
2481 941
3106 2208
2985 3138
225 2682
2250 1826
42 1639
2220 2271
1406 3602
2486 3277
368 3888
1879 3812
2452 2742
1891 1211
1022 716
2524 3439
1361 104
2049 3105
3440 1271
1795 1937
3855 1842
133 861
702 3514
3740 2176
2482 1863
1432 26
3363 299
1251 2969
286 2774
510 1563
417 1374
408 553
3966 3583
3485 3557
2244 2826
937 1317
633 3270
201 3633
1758 786
999 891
3705 3754
816 2815
427 3203
19 3036
2682 3032
3220 3534
1908 20
2105 2668
2747 2124
346 2273
2764 2631
907 3322
1718 1155
2440 1234
624 2833
572 1150
1384 3651
792 186
1159 1434
1499 3626
631 1748
3042 3712
3558 318
2904 2061
1267 477
266 607
1322 2810
1713 3397
2048 1839
1045 2452
3335 958
464 3021
1281 3539
3644 505
2836 767
750 1727
518 413
2327 3996
1148 2854
672 1224
3242 2208
3646 2491
1964 2077
2566 2925
1035 2032
2380 1464
3057 1652
3385 3241
3646 16
3820 2478
1030 887
3835 3340
2295 3251
538 1511
3214 2268
1391 491
1155 3013
3621 2288
2775 548
1828 2334
3067 506
1889 3383
3998 375
2098 3594
3741 18
2122 1311
3793 3281
2076 3886
3685 809
2155 1535
2336 110
840 518
425 3370
692 1158
1381 2462
3530 1734
1404 3008
2632 1356
3752 3370
736 2317
1594 1915
3078 3796
2166 3318
637 527
967 1941
3382 2346
450 3897
815 374
835 2771
1579 1959
3801 516
3016 618
3371 2469
1256 191
2062 2187
1493 941
1321 1518
339 382
515 2826
867 1729
2967 3888
1588 455
1988 151
1274 1780
88 2614
2997 3563
1035 2323
3621 1533
3562 1718
674 542
336 843
432 237
2721 1748
3789 1322
1133 2119
544 3351
1628 2304
3870 431
1678 2494
2345 1112
3914 572
1587 2876
108 3859
460 3388
2210 2114
2311 3158
3201 2126
2540 441
2528 1904
95 801
3904 2572
3948 2418
2590 2211
594 3951
3610 3505
1038 40
3038 86
3471 2191
2115 3826
819 835
1883 871
2691 3732
3279 2953
41 3946
3239 374
53 2221
3166 2322
1125 1160
2287 354
2573 1942
1167 955
2333 2471
1031 2757
380 269
232 3888
2152 302
3876 822
135 1134
2363 2889
1137 3790
366 1544
1440 812
373 3130
428 3779
1789 1858
578 3031
1 2293
969 3586
1217 120
3822 945
2660 3074
1092 1425
2784 2244
673 526
494 2798
3125 1319
2734 3176
2295 3888
950 861
1902 104
1200 1144
577 530
2480 3657
3539 2290
109 1989
2492 3542
1676 3746
1822 2539
1219 2651
838 487
1495 456
3499 3713
855 3447
143 870
3380 1807
940 3531
2501 3330
1850 2291
54 2199
2064 3370
3267 1497
2044 3548
283 77
3332 1602
2414 3842
1491 3288
642 3436
1153 899
3381 438
3150 1460
2059 3837
2970 2129
1620 1905
3445 2624
776 2897
885 878
2377 1905
3539 2562
1692 3127
2206 322
1922 1742
3671 3751
1823 2829
433 936
669 1231
258 602
3234 2004
1667 3074
2025 3208
897 992
651 416
1523 3942
2018 143
3929 1786
2551 794
464 2992
2612 3890
1272 1082
2584 3812
1256 432
1306 834
2700 923
2598 1681
113 1581
2108 2398
2853 3723
747 1402
1988 1702
2762 1016
174 1805
3498 2689
3267 1594
2539 3254
1743 304
2946 1733
1767 2211
2789 1513
435 286
10 3977
1991 943
2945 2594
2833 1637
2677 1063
1624 10
1458 1400
2201 3541
3132 2117
3028 1015
1118 697
2849 3969
431 1166
3050 23
1668 481
3632 2201
1491 2385
2309 1253
3905 3683
2498 788
2078 2298
3674 2429
1988 2787
400 2299
1342 3992
1565 814
1025 1155
645 3091
2046 3844
375 743
1090 3434
3513 3064
452 3173
3514 2179
2698 1913
3949 635
1791 2081
612 3402
3856 3077
2298 86
3679 407
1813 2362
2938 522
2115 2397
2153 1574
3749 1958
1301 1971
3864 2485
3998 1835
2907 3765
1110 2714
1251 1100
168 2587
2762 3929
2244 1175
1342 2424
197 325
1664 1850
881 472
2617 3066
259 3243
1026 818
1357 3805
3670 2816
1881 352
3642 1675
2678 1382
3619 640
346 3778
327 810
1264 2368
1492 2664
1880 953
1496 2728
1430 2896
1517 3053
2334 3379
3801 2351
3190 2183
3367 2397
2684 106
1893 676
1497 185
763 3399
1878 1913
3830 1108
3956 3204
1239 1920
3655 2366
2644 3956
2120 1747
3933 1697
731 3572
3096 397
3548 2110
170 32
3546 3060
3558 2349
2624 2090
35 942
1392 274
2542 3317
925 3291
932 3980
3247 3896
2414 2489
2300 1618
1120 748
2582 3780
168 2923
645 3143
3576 931
3337 3089
3074 1027
1466 1051
1590 59
3359 2292
2770 2538
3372 3606
486 2447
1030 1998
1531 3671
1367 2062
2279 2604
2834 1020
2641 1359
1990 2582
2740 820
2677 2045
1391 899
2205 231
513 3643
1699 3784
781 3577
3432 636
1730 2019
2862 1119
1981 2709
568 134
3164 2370
2024 0
2528 1236
3742 2373
1435 2595
1107 1297
3623 3806
3912 5
2024 1203
3098 1684
2368 1375
674 2613
3976 1943
1278 2262
3445 3078
1103 8
694 576
3221 2284
2921 2987
2928 2735
3609 832
1444 2415
478 1195
2668 641
72 592
3281 3358
2069 383
2608 2246
247 2367
2194 2875
3640 1156
1801 287
1088 3650
872 983
529 1743
2753 182
3813 2940
2815 701
2465 357
1529 2151
735 1504
1413 3410
1380 978
3355 1522
2363 2834
1144 2772
2041 2070
3898 1153
3192 326
2952 2248
2072 1767
2989 2966
3599 2166
732 2108
1085 2371
1909 3225
614 1720
2838 1749
161 1760
3745 1170
1567 157
1013 560
1520 1377
1647 1755
518 2553
3330 731
856 2151
150 1002
1676 1763
3018 2899
2308 1800
2868 12
2137 3249
1275 310
1324 549
575 1566
3990 1761
642 194
1559 3712
3995 3820
1711 3396
2575 399
3982 3882
2093 513
228 820
2722 2735
1818 3948
3475 1531
1040 3184
380 3325
1915 1766
1693 1440
2250 3363
144 3553
3665 571
707 895
1056 3880
3920 274
1670 172
1967 628
1278 1560
2191 2608
1479 3616
1128 2528
1956 529
2380 2994
3656 2043
1751 3846
2931 2044
1055 3572
3802 1525
1829 2263
1830 280
2815 2809
1167 3965
844 2898
1249 2818
1890 836
3190 3682
1238 3975
35 507
924 3732
5 2589
1175 2992
2254 3597
1075 3178
2594 1295
3492 3052
367 1793
1295 3322
3380 3750
2027 3408
20 683
2158 1320
283 3325
656 2693
2747 772
2509 2426
3739 329
2974 3178
783 1426
3713 3329
3639 2893
2069 3725
3749 3469
630 474
426 3645
1216 612
2362 3499
2234 2672
1986 738
503 51
2252 723
620 557
1954 2454
2980 338
2996 3541
379 3543
3965 3154
2048 1159
3062 1467
3598 932
2540 3747
2297 3938
1134 253
1929 248
3282 632
1704 1627
1668 2899
3655 2953
105 3355
281 2229
33 804
2264 3285
964 2770
2165 157
2701 1205
1373 3135
2335 2106
3550 2605
3181 2368
