1000
1000
350 357
889 753
558 900
882 351
265 660
287 693
611 948
916 888
680 490
895 279
756 64
474 35
903 788
924 907
973 350
178 538
864 152
92 601
856 373
330 913
292 786
187 585
417 853
384 314
414 381
340 15
612 65
604 193
474 707
918 718
462 72
381 891
898 19
653 998
272 885
899 608
820 63
826 206
128 260
195 793
64 844
678 921
443 360
347 103
329 15
949 792
761 646
612 344
486 313
580 132
635 721
336 784
361 728
737 105
468 648
720 961
229 522
972 609
994 672
528 172
433 746
799 795
922 214
69 954
837 806
611 629
7 62
351 535
383 379
272 661
776 570
18 271
867 685
725 979
544 808
744 336
789 879
166 489
60 72
568 144
769 726
308 665
480 320
624 542
489 631
624 645
411 558
755 282
801 258
194 298
351 398
713 46
72 649
710 939
646 691
695 96
232 38
474 184
925 279
89 544
151 59
766 834
874 833
833 946
844 830
935 971
839 589
139 516
362 713
956 855
377 74
330 374
605 278
40 183
814 377
380 33
88 451
782 883
512 389
105 806
377 927
871 217
68 183
55 793
798 293
76 281
268 789
163 864
969 717
333 524
894 831
329 431
139 161
140 317
988 960
15 642
773 453
532 598
622 678
847 715
54 165
991 631
148 250
374 931
94 248
72 773
900 645
617 177
547 677
643 229
905 234
670 122
533 734
481 509
289 54
173 207
372 418
909 290
800 518
114 813
961 59
897 273
631 578
535 990
657 903
487 517
511 170
226 678
817 883
451 524
522 145
316 164
388 141
934 418
391 765
770 432
651 409
340 907
211 360
383 640
777 230
216 834
819 456
901 154
815 38
540 708
192 816
287 364
899 352
367 292
713 898
573 599
580 581
15 276
389 687
120 573
519 373
229 497
898 235
559 536
13 824
897 158
967 834
407 948
744 998
581 299
377 852
913 421
368 760
375 374
589 401
606 301
450 642
262 902
276 921
795 577
458 623
168 283
616 875
735 485
979 322
89 257
416 284
136 65
330 101
40 395
872 257
600 283
337 22
569 365
437 251
26 437
988 282
227 422
294 666
707 528
389 77
2 361
861 355
992 653
339 653
311 988
562 23
831 340
718 222
771 416
827 905
516 685
833 804
337 761
292 560
907 768
566 373
454 571
889 708
443 386
63 183
685 218
183 907
631 387
370 668
657 631
852 516
585 106
769 748
885 558
378 171
375 46
321 933
489 661
528 406
271 271
172 22
959 822
751 124
244 831
68 960
309 297
911 991
148 499
988 369
890 428
516 579
708 972
455 566
118 860
166 78
16 662
250 117
730 729
133 837
103 663
886 648
176 829
844 849
340 465
657 139
123 156
462 612
472 903
193 627
956 246
825 834
826 547
630 631
262 404
868 851
271 946
566 307
911 36
900 442
718 876
160 278
759 340
652 348
865 233
608 209
881 812
597 0
329 880
968 8
527 628
936 665
709 321
91 483
150 778
196 545
371 14
49 897
316 885
70 759
228 290
625 246
953 505
767 506
939 208
509 835
927 745
223 204
196 568
265 231
843 309
242 832
980 784
702 233
53 104
757 780
409 944
418 461
445 613
383 291
715 18
548 322
742 925
214 103
669 429
47 193
120 956
424 101
764 867
829 647
486 171
163 175
881 713
633 920
638 632
515 545
746 671
666 654
982 720
892 300
309 905
773 970
414 717
986 415
813 834
533 28
815 662
106 380
578 532
370 493
787 733
252 194
942 924
476 313
167 413
355 340
188 861
72 560
749 606
620 213
195 831
543 980
9 610
797 595
786 384
559 37
641 124
999 963
45 530
908 861
697 227
587 717
676 554
832 899
896 298
85 237
590 615
969 106
938 71
399 50
248 465
724 170
436 643
839 25
314 535
811 715
809 588
305 217
105 509
680 369
744 463
446 824
535 76
410 559
33 3
521 246
178 725
773 659
985 838
860 676
103 587
725 40
379 851
69 114
456 439
521 600
204 269
841 758
30 121
366 377
804 278
244 907
161 650
39 797
444 961
363 51
106 74
830 858
89 662
414 29
848 723
275 949
897 940
980 416
89 581
407 969
416 236
500 72
22 104
581 933
743 388
142 462
595 6
93 309
299 628
788 471
392 788
549 179
583 128
796 167
285 235
886 7
314 903
825 198
120 158
662 126
542 749
927 664
946 911
51 681
651 29
514 795
438 178
794 346
377 989
390 533
21 916
630 275
742 467
708 730
511 519
624 936
761 154
547 8
372 772
526 526
276 367
482 298
962 969
392 784
493 205
988 231
0 112
308 331
40 571
278 414
17 395
323 324
689 178
568 256
974 141
731 623
396 572
565 323
65 902
325 631
27 471
875 214
196 832
964 738
788 984
538 254
509 207
653 749
414 393
141 466
236 350
37 559
20 628
338 711
117 375
916 838
391 344
847 473
708 248
652 674
434 935
647 840
417 695
149 988
103 204
985 625
932 824
646 399
356 170
541 889
98 709
384 594
714 477
282 416
353 268
153 773
496 595
247 546
950 863
829 792
322 670
576 339
494 616
291 693
364 29
511 516
527 318
225 849
879 790
331 771
807 658
265 850
359 103
293 130
316 971
491 407
844 169
387 563
929 346
23 499
469 47
620 291
378 320
339 526
402 544
49 490
563 224
109 442
454 577
209 670
805 518
550 105
843 53
847 336
97 223
101 397
244 239
425 821
602 396
515 262
110 657
922 278
771 127
855 586
533 549
821 504
553 560
980 782
128 812
392 329
451 191
833 35
739 687
951 380
951 661
293 942
899 864
319 902
340 919
563 54
161 163
352 945
183 458
394 867
265 396
206 100
66 273
517 37
910 500
605 427
690 295
568 226
627 779
813 433
600 3
777 593
185 198
893 895
54 448
96 10
898 714
320 87
885 383
526 75
193 402
556 437
729 672
56 159
812 418
43 291
536 224
760 765
11 873
538 110
339 338
66 75
277 562
438 411
92 979
705 361
546 114
364 862
57 40
580 283
831 868
500 498
867 636
357 939
64 433
964 590
610 345
500 434
345 647
415 30
272 154
822 278
956 257
654 727
45 51
284 462
704 877
158 780
213 893
955 292
835 258
138 31
121 488
606 908
628 506
517 476
524 746
618 924
981 906
51 627
129 651
861 426
882 590
107 309
798 986
257 796
354 599
85 15
243 729
371 499
821 862
211 425
468 567
331 202
505 880
870 850
660 154
93 881
709 536
806 393
363 647
6 180
819 271
298 130
575 670
298 204
194 371
116 454
732 611
173 671
742 345
109 627
414 595
611 18
104 261
281 322
60 53
328 860
849 462
485 963
35 605
467 619
911 777
29 133
529 762
610 13
33 446
833 224
640 415
342 529
200 602
992 962
887 926
917 267
78 931
303 72
138 952
491 584
888 739
221 717
164 419
335 290
360 292
609 382
900 50
74 217
23 297
671 994
372 41
415 838
13 801
385 893
511 272
609 582
968 659
913 69
903 108
958 683
697 442
532 841
310 360
436 393
585 356
487 90
547 545
21 757
655 736
737 347
558 829
147 361
155 325
12 955
41 73
354 609
721 850
999 286
784 566
745 904
527 283
733 551
420 861
860 473
983 447
552 294
632 43
820 611
923 713
15 377
970 344
413 171
373 532
943 561
555 951
329 755
111 707
467 721
498 549
490 549
942 121
604 173
544 487
27 574
129 129
741 221
153 747
943 47
122 559
260 290
500 504
192 675
1 266
82 97
601 12
171 929
960 335
959 161
991 222
815 148
156 14
196 819
893 671
734 572
582 656
11 392
947 145
24 297
209 247
167 398
672 432
466 0
298 465
802 375
506 98
694 153
899 384
508 365
464 802
622 260
872 846
2 291
784 11
248 116
403 174
848 688
352 741
804 658
5 991
360 516
161 706
583 159
790 685
414 262
854 603
861 902
4 27
971 508
627 814
323 218
327 244
598 337
561 960
469 204
737 192
788 545
234 266
994 562
536 54
88 413
189 766
583 643
471 838
510 27
272 264
640 163
813 186
24 454
312 255
53 52
24 12
961 176
883 343
609 284
708 653
907 543
854 736
780 755
641 766
147 423
232 19
726 550
269 157
641 639
662 623
989 851
388 536
530 515
980 268
437 478
981 375
55 636
59 771
546 276
432 604
309 148
186 790
271 839
699 442
436 433
454 868
138 541
292 270
548 144
402 67
867 681
880 854
236 196
253 540
668 319
311 311
590 3
984 788
249 588
13 91
80 254
715 16
420 606
850 45
577 72
248 515
770 995
755 138
809 491
16 118
775 846
438 477
309 120
657 525
623 520
867 980
897 17
477 755
134 332
349 765
246 317
294 112
477 850
477 500
307 895
669 98
920 478
661 784
508 497
402 2
477 187
160 298
51 129
43 748
263 260
125 614
51 856
101 334
604 376
358 131
56 106
590 104
247 848
574 244
656 928
748 825
541 852
697 945
824 43
891 115
853 151
734 516
162 244
515 522
543 72
644 926
67 976
331 886
490 508
483 452
166 630
889 442
896 740
411 608
648 966
559 332
