10000
10000
4977 4797
655 8944
5683 959
6762 1469
7405 9853
5856 5829
9159 2815
7670 4899
3907 3418
4910 2582
1078 1923
1447 491
8610 1666
4567 2211
2609 2341
9920 4195
3820 5012
6211 3689
6880 7644
1533 1505
7872 1703
3737 5488
4929 7814
958 511
9392 328
4225 7585
8911 6484
7102 1409
4827 2817
6934 9635
3250 4539
1355 8756
2061 142
4595 2204
4754 9780
4379 8786
8690 6780
6445 6896
2428 6896
8321 7876
6552 4356
5358 4046
5634 6177
8395 2182
8597 4628
5502 2729
827 9284
3700 8323
1341 1043
4995 968
7542 2090
1450 2135
3004 571
3544 3502
9510 3564
4674 2364
598 6518
7866 9016
3642 9780
728 1421
9 3554
5606 4552
2616 9391
5606 1883
1336 5067
6530 933
5506 3912
9980 7046
7138 7873
5096 7899
6402 2540
3813 6329
7242 4511
7314 7632
3444 4108
6352 4722
5675 3886
1395 4629
796 5237
2987 761
1050 407
7518 281
6441 120
2301 194
4591 2903
7061 56
2548 4060
5974 1164
3106 4644
3144 7584
7418 8622
3196 2324
8832 8936
7020 3089
2491 9803
2006 582
2126 8375
9142 4975
5484 7191
6876 543
6750 1516
2548 8710
8954 4807
4570 8285
1758 3012
3058 3318
5008 5310
2112 7796
9622 9447
2287 4868
4252 2082
7462 3597
6949 8725
4002 7644
2146 1031
5809 5303
2905 8223
9193 2946
6488 2962
705 6996
8029 8262
1068 374
4083 4407
307 9956
1258 6465
4736 5508
8688 4319
1209 527
5558 597
2990 1765
4569 7112
7734 9401
7537 3669
9351 2366
7011 2527
5993 797
6322 4095
9669 9869
2626 4271
583 8259
4711 4862
5238 210
7046 9437
5960 9568
657 673
8244 6816
3828 9667
5595 7531
8800 6285
2160 6284
7599 6304
1950 1041
1005 1391
2544 4626
7667 1801
5208 945
4534 8278
2092 3772
9467 1316
1949 2801
173 2546
160 4035
8084 1847
9202 8703
4877 7239
8241 670
6920 8351
7876 9618
3082 2085
153 5203
597 3338
6278 1559
8768 5957
2736 6276
1312 5468
1303 7358
9103 6183
6145 5421
1150 4800
7161 8421
3304 8150
8239 2976
2372 9865
8310 7635
2224 2357
9076 8413
1473 7868
6592 1215
1402 3460
6234 3337
9350 3711
2388 3750
4562 2940
5308 1193
775 9735
4013 565
274 1322
221 6955
8846 728
4617 215
8069 2778
6440 8971
4168 680
2599 6259
3104 3341
3772 8345
8038 2452
9761 2959
9829 912
6693 8201
5643 499
2983 9195
363 580
545 3365
812 4897
4754 6351
8089 3337
6260 2851
5059 7300
2289 250
5302 3412
6559 4962
4056 1569
7481 354
9256 9473
7891 2040
3723 7739
5218 6925
1205 9235
7513 5736
5454 7583
4116 1734
8618 9380
7666 940
8100 3406
3375 7575
6771 2703
3547 5395
4660 7452
6750 8208
804 6411
3478 9546
191 1905
5704 9152
8104 5677
6831 9569
3932 5348
6506 1677
6662 9505
566 8816
5875 2566
3142 3964
8605 5760
3087 1628
3895 8166
8193 2083
6001 7440
2154 1815
701 1413
5662 7366
9701 6519
2196 884
5162 78
6733 972
8844 3854
3821 9737
3491 9244
2100 292
9003 9
8728 5565
8235 7890
9370 3980
80 9682
4797 3101
5388 6094
2725 3792
3466 1180
3328 4349
8837 642
2904 6882
3049 8750
4100 3392
4887 553
2304 3162
4313 7670
3143 810
1466 3677
7319 2294
8483 1592
6034 3271
5994 8459
3826 6155
6569 8144
725 3610
4990 4102
1815 672
3099 9335
8212 7397
4646 6056
8347 6015
1059 6601
5795 8096
1797 5658
348 394
4771 4895
6368 5274
5991 1237
1662 3613
3046 3325
1194 3629
7253 384
3418 1654
99 1266
2729 3703
8885 838
3330 8833
4963 5954
1280 7868
4069 116
5427 8506
4644 2996
8849 2349
6088 1703
1826 5357
8146 5697
8395 1033
855 8443
9118 691
9235 579
2475 8397
2476 3481
8329 2208
7160 888
7120 9428
3420 3595
6155 4833
3543 3539
1562 5883
262 9423
2888 2858
3571 5523
8830 5097
4653 3724
6345 3536
1350 4050
3010 2368
2108 2705
5372 3676
6867 9203
6305 495
2293 3452
5853 9746
2270 1176
2481 6574
481 9599
6090 7013
4427 5483
5211 5161
5420 7896
5769 9289
9731 6372
8609 1756
3768 6808
7194 3557
9978 5823
4503 1772
8246 3444
6986 576
7854 6452
6992 3621
5057 3689
5955 6650
6050 3897
3193 7552
1145 6565
3340 9338
1740 5797
4770 5308
2255 6981
8664 1016
2454 9444
2118 3546
914 5579
6456 6597
5098 6133
4035 6197
6496 8454
8488 5053
9387 107
710 1258
8938 3468
781 8462
5730 2401
4952 237
2773 4316
4850 4402
64 9624
382 5116
6275 5041
7209 4959
8520 289
3765 7241
3489 8130
7690 2037
1513 36
7795 7942
4739 1213
1617 9430
3711 4444
7498 9755
5517 7552
7683 5022
8482 2292
6615 1678
6895 1652
4197 6673
8661 7295
6906 9693
7739 7812
4389 1789
2948 8256
9764 564
681 4078
3482 583
8470 3410
3144 3333
8325 4474
4763 9450
1736 5680
881 9928
8067 3082
1425 8257
1593 668
1992 6166
7093 9483
2822 665
1738 356
7002 275
2864 1704
4789 8502
1440 5589
6152 6987
1712 4247
8597 4695
5015 8248
807 1932
4963 7804
6208 7756
7677 2150
8489 6659
1275 820
595 5321
16 9847
8160 5661
1431 9267
358 378
2034 3203
4417 8829
5181 1147
1341 7909
4932 2675
1081 1657
1077 4054
2299 8159
7609 4266
4429 4281
2782 3455
8727 6183
1349 660
6893 4993
2276 6573
1546 9286
1150 5585
8811 2010
5293 8929
3427 1079
6667 3143
5569 9631
7673 6033
5380 8348
9249 2326
6555 5780
9982 9264
4959 3143
3532 552
1447 2310
6209 1200
271 671
6419 5387
7837 7189
6586 7854
3688 9656
8791 7074
7667 1155
9857 4618
5962 3486
9326 3766
3424 2533
2678 9837
9192 4192
9213 3484
4973 3718
4407 645
7850 1182
8059 7799
2016 6450
9728 7112
5133 936
9494 8050
5144 2630
7551 875
6502 7248
9531 8022
9874 3338
8364 5140
5763 3309
6196 5011
5586 1917
2282 6929
7386 5188
1000 343
5575 6400
3966 7154
6289 9589
3302 6249
5362 6593
1320 2715
9408 658
4887 1843
4415 6767
9834 7880
4554 1928
4385 3972
5533 6981
1539 7069
2611 7349
2431 2188
3984 958
7928 4248
8292 2139
6343 7297
1810 4277
3737 3536
9374 3902
9875 9606
1223 1435
9539 403
7426 7058
4876 7425
6717 5285
654 6012
1841 5484
3646 156
2892 9411
7043 1434
7569 1366
5677 3135
2672 5866
8433 4610
5499 7752
5310 6417
7865 6396
9867 106
8154 6841
5311 173
5949 8096
9675 6836
4792 3999
120 7151
4497 4700
5764 2141
2898 9940
6337 8269
7490 7658
2023 9218
7178 4618
9119 1841
9144 4516
7730 2853
8130 1440
4526 7958
2048 9620
1261 7750
5939 8856
5934 9377
1077 7787
3467 1290
7549 1961
8884 1048
1551 664
5508 3159
8082 7424
2411 3138
4890 2426
5993 7928
5151 7580
8551 8083
2472 7573
4934 2168
2555 975
6264 9334
3722 4216
1855 7235
5860 6549
3743 6637
3372 6720
3549 7517
5617 6401
1481 1201
2239 3799
2718 3770
5290 9179
5402 8479
4241 6870
6459 5087
7157 7115
2172 1923
2718 1213
1364 9495
269 6852
9579 7450
5097 3782
1232 2745
1551 7786
2413 369
6161 1651
442 7697
2399 7388
5373 584
4538 3286
5907 6636
3828 7268
836 1673
3981 2024
9458 5388
4965 3930
5454 4782
6707 8113
1397 2987
2 7171
4634 4426
6051 9018
3432 6667
5704 1712
8446 3111
4103 305
3337 6443
5508 1384
6144 9034
2229 540
1706 3936
1360 215
6957 4123
6423 8589
1173 1181
347 9396
6682 8547
6500 1850
9476 1129
3023 6678
9407 720
1669 8467
8549 4784
3905 8810
8539 7456
231 6943
6746 6988
2966 8852
3872 6101
1924 7954
6077 7429
4660 3099
1850 3186
4492 4919
1804 7965
6732 6727
5651 4679
7223 771
7902 1650
6198 2325
7623 4377
9521 1934
891 9894
7537 3775
5357 5553
3586 9596
2167 3444
3926 8742
6387 4844
4001 1370
6458 9437
2138 2784
2255 5788
7656 5626
9610 7983
9214 5386
2846 7788
8769 7431
2478 4248
2416 3285
7696 2249
9930 4526
1774 5997
588 3310
6881 8941
7038 7396
4063 8298
4075 1280
2830 828
3431 3393
3466 3672
2723 9228
7870 7040
2485 171
1202 8549
5574 4271
3593 819
9784 4030
1623 543
7397 5842
3730 2209
1737 8552
2963 3198
1056 8895
3346 9123
84 3938
8212 4396
5607 1558
8505 3376
1497 7149
8182 6691
7811 3624
5609 4897
6703 8180
9278 4946
9384 4601
4460 1006
9056 2205
9327 8995
5864 596
1215 4274
7137 9165
5850 7943
6778 3837
868 5306
4613 2198
9372 9237
2458 7820
2349 5597
3036 217
2657 3407
6614 8874
85 7568
735 9443
6021 7815
8859 4069
8768 8604
7076 8913
8954 2634
277 7870
4099 434
2139 6727
6273 7635
2961 8286
177 5208
5449 4212
1280 8527
6275 8719
6760 919
7883 1998
9074 3414
1248 8206
2379 1423
1375 788
8205 7177
3126 1240
1023 6676
4474 9492
4843 5291
9494 212
1974 1701
2843 6334
2806 9145
2885 909
8641 1248
2245 3629
1205 6140
9148 3022
4076 4229
4491 3721
6673 7923
6273 5960
4347 5697
8939 2133
1698 6153
1107 52
1696 5672
5624 8182
9273 3958
856 3198
1350 654
6280 8722
7731 6951
3051 1502
6475 7410
1792 4518
1948 4114
7562 3822
5973 5850
111 8450
1463 5324
6517 204
9183 9181
9896 3010
5825 5752
7066 3582
353 3228
9103 8532
4484 9779
9497 4329
5166 2354
9719 6959
4918 1906
1113 1781
2653 8619
957 486
9391 5838
4108 9498
4038 2711
5631 7753
5470 3233
8516 3628
6504 2862
5801 3008
9105 8488
1195 8634
8789 6548
6860 1686
5407 5481
5808 9319
2728 6867
6841 1368
7293 4391
9928 311
3804 107
281 821
7876 2978
1403 2065
4097 1873
3143 6746
2568 4774
7141 8522
650 479
5284 2004
9740 7753
534 7833
1254 2783
510 1560
9993 5447
1410 6285
733 968
1203 2934
5458 6564
4733 3942
270 7035
6309 5306
8366 2444
8036 1352
5270 462
8272 7009
2964 4117
6055 6072
9864 6408
9879 6621
3988 2288
6366 3015
4385 1541
9662 7294
717 9771
5454 1516
7509 7893
1827 3461
2703 9628
5861 7834
6094 541
6512 967
4079 3131
3356 6367
5800 2874
4904 2537
192 3002
6002 4456
5245 4046
9760 3465
4674 516
6722 356
8518 6147
8669 8069
2512 125
7457 7927
1771 9454
6729 3727
8771 5583
8941 2207
3781 5560
8503 1075
977 9528
8914 1536
5468 2869
4616 7290
2376 2339
2428 8064
491 5316
4692 1813
9760 7939
5543 1027
8869 673
2091 4964
4517 5400
6766 7058
8345 7975
1962 2225
5938 43
5894 9199
2699 4792
9627 3875
4919 6414
9500 312
1577 5657
4931 8013
2783 8027
6750 7678
3743 7809
7535 8158
2851 9416
4541 8775
9946 8390
7006 4013
3288 4244
1376 892
5224 640
1471 8505
609 952
5926 5124
1365 1127
404 4769
5948 8388
1218 3701
1435 7759
6223 602
5574 7857
121 3551
5616 1212
92 1599
642 917
6748 8665
7234 1536
7925 6351
334 497
3766 2984
1325 9270
2796 6678
6465 2303
1853 3318
5345 2244
9484 2912
5077 5314
681 1874
3014 8752
6690 4921
6027 68
1809 4226
142 9904
164 5753
8648 5873
50 1458
4102 6619
654 187
5869 7295
9674 2135
7295 1443
2781 5177
9945 5841
1849 8544
7377 1657
5173 3139
6324 6127
1002 2952
3637 8386
7083 2194
2332 924
2564 5569
3852 9445
6845 2989
5940 5306
7190 4032
6257 502
2859 4510
6218 4168
1142 9518
6131 352
3876 1854
8921 3682
9975 3543
199 7784
1120 9928
9794 8787
3738 6076
6732 4605
1349 4821
9006 9857
5446 9600
9035 375
7562 9092
4739 1094
3837 4473
7164 3746
3651 9450
1973 8925
6409 5240
9407 935
7065 4855
8895 7455
776 8363
5582 4129
9932 9299
9817 8069
3937 4720
2845 9863
7200 1124
2275 7478
8200 596
4989 1192
279 4807
8276 1187
5499 6735
4779 730
585 9169
9683 6005
5709 7789
1424 953
4216 6529
7619 6822
3972 1924
8254 5023
2008 8275
1755 9891
5993 8298
4664 6892
6568 640
9843 9282
498 1883
2384 7659
7541 6380
4186 6057
9486 5186
7364 280
4197 5101
6335 6631
5451 3569
9848 8018
8076 4421
4656 396
1409 9994
958 5134
213 2762
6217 4963
8211 5653
1793 6542
4137 8315
5948 5862
8020 3914
5121 307
908 8564
7211 5591
563 8122
7984 9184
6964 3458
5857 1075
7241 6100
6430 6499
6083 8400
4554 1162
2917 29
348 5995
3725 5873
3232 9812
1305 7880
6345 7726
4183 8842
3396 5063
1128 7503
7625 6848
387 8397
1846 6611
9391 6304
9322 8666
4091 6770
6632 1920
9921 7988
6262 9626
7857 6975
3402 4106
9022 1566
8513 7238
2449 2376
2061 2127
290 4621
5428 4638
5022 7911
2984 2422
7045 6638
4418 2464
7137 6150
5109 95
4936 8086
1226 6526
7 5377
1893 2748
6482 6229
6648 6412
7062 9602
5653 8041
6577 9962
1394 3108
3937 9733
7073 3945
860 3679
4710 4443
6749 8193
5055 7261
495 4364
6895 7109
600 8658
3800 7376
8260 6687
4097 2204
1825 7834
8693 9498
7131 1260
5693 865
8547 4783
9644 4460
8995 3110
370 4181
2585 3566
6729 9089
8795 1133
8515 7685
9463 9733
1903 3000
8126 6139
9458 7656
6489 4245
5216 492
5309 1979
4316 1324
3925 1948
2175 2551
5766 2232
8910 548
7265 1411
718 8649
6949 949
569 1816
3181 3367
4787 5747
3862 3959
345 2827
164 7278
2701 8893
5264 7926
1394 7535
6542 7823
1736 790
9716 2986
2958 2450
1016 83
1159 1590
4589 7581
1367 137
9397 4124
4317 9768
1654 3340
9922 3130
6295 2750
5279 6504
2486 1247
6501 6586
4762 9431
4820 9729
2997 4041
6084 1113
4782 5905
6724 5046
39 6901
7206 3136
6209 7867
9432 1836
6893 5821
860 479
3783 1079
6150 1294
7734 8015
6479 4333
9097 8013
9450 2616
6129 4580
3885 9715
6558 2272
8110 223
9402 3681
5213 6136
1402 6372
873 1749
7313 6545
5109 5412
9206 4847
5181 9187
4719 9182
2528 8721
3555 5443
9448 4111
5343 2060
6205 1338
2944 7738
5336 2925
4066 9885
4068 2974
1250 8745
3535 4239
3985 8488
3159 4390
7996 6549
113 7431
1881 3175
6464 4701
75 5437
3853 2203
5145 711
9785 8900
8913 2136
3359 2088
7171 1858
5850 9749
5665 2324
4163 8026
9609 4062
2581 1039
4408 2387
5267 8228
7421 9866
2269 351
7245 9087
3726 5217
8761 388
5032 7996
4498 6239
3439 9182
4974 5561
3411 680
7516 1888
9021 4071
37 5315
309 7639
6591 68
1239 6046
6681 1138
777 3789
5906 3296
5228 1269
4960 8069
9486 9112
4318 4666
1409 649
5700 4055
2168 6280
9794 1681
8027 3273
1757 5465
8698 7685
9350 4380
9087 9347
9227 156
7591 5868
1326 3960
3475 6423
7891 5123
8854 926
6935 9075
3391 5068
2803 5263
1314 4806
135 1533
5738 8086
3056 6216
2169 662
2836 3078
5223 5994
1278 8749
4379 4555
1437 6732
5882 4759
8753 6743
2551 9329
6560 7027
5810 1388
121 7583
5719 7832
4163 2019
1246 4232
9590 9181
2103 7331
9342 6709
8275 2938
8788 9458
4333 4514
2192 5845
31 6247
1198 7303
4334 1062
9381 4867
2315 414
1440 6818
1839 5781
9301 8440
2125 1440
2968 2609
7978 959
2657 5365
3583 7167
8529 8828
2284 7633
9392 314
9082 2438
1377 4197
5929 6682
4278 1443
6215 1001
1768 8799
3646 9313
1898 2513
6424 8869
6408 4020
4939 4977
7015 8162
6473 5987
3175 435
8601 5580
8235 307
2409 6673
1564 7563
1690 7361
3038 9833
402 5699
4435 7703
3805 6059
5352 4589
4789 6897
1267 5456
6067 673
9107 9996
6719 3579
7473 703
6547 3569
1602 5379
8226 4209
5547 7012
7475 2748
3605 3413
2858 29
5046 2812
7895 7934
8768 1063
3787 6688
7374 3363
9310 8083
4806 4786
4693 7303
7853 7561
2042 8829
3091 2465
5060 2506
6466 9596
1877 4636
5938 9680
2456 6012
774 8432
9944 3757
6258 561
189 2605
4073 9944
8402 5453
6296 9494
6026 7685
4264 7391
1804 55
9216 5892
737 8747
4157 896
8728 6800
6444 6414
9471 1314
3837 3540
9947 3687
2582 9607
9407 2166
7500 3286
1049 1008
3111 6528
6837 5763
7067 3062
2901 6909
4751 1885
5883 9000
3709 5651
7459 4507
1987 1835
9749 4052
2864 120
1617 9925
2656 7390
1083 8728
2365 2419
7084 9509
1521 3500
7621 9067
7802 4536
9374 4901
1623 2940
3921 3720
1459 3788
6597 542
9367 4151
9445 3888
9139 9956
2723 2936
8616 9089
2358 1301
5281 9668
2680 417
8035 1481
9672 6916
6315 2263
2941 9072
2340 3707
9605 3525
4689 3128
4462 9892
8396 1405
8465 152
1611 3748
474 2481
9812 7782
4033 2585
2628 5292
3804 1522
1141 9519
117 8833
8334 4786
8260 4013
1765 2425
3292 8271
7858 6060
9317 7104
700 408
9066 1487
4787 9655
4859 4897
3021 3329
4478 2742
9371 8493
7987 683
7956 33
9699 4980
9175 8405
4450 3426
2297 2628
8279 5099
7118 4394
5710 1539
4319 4072
4942 1380
1410 2831
7648 3055
9791 1832
3449 4172
3590 1630
7881 5817
8886 1555
1577 7747
6189 6262
559 2754
2756 4404
7571 5572
1312 5717
1416 1521
4886 1973
8338 6392
6939 6890
9164 825
7389 6470
5159 510
8824 6373
6662 4785
2300 9953
8936 7039
2471 5807
5616 6998
699 4457
8281 4697
9171 5610
8385 4763
7701 280
134 6596
1475 7652
3338 2587
3612 4791
1293 8533
9595 7325
2182 801
205 144
4142 6385
3939 2706
9626 5334
69 3145
1982 3953
5063 2665
820 2545
7915 1140
8649 6635
3 1614
5029 9883
5341 3048
1220 2530
5409 4150
5911 7342
9842 457
4148 5592
9512 709
8151 950
5502 8760
1013 2795
7293 6527
2944 1676
531 5051
5273 4655
5074 5746
7223 9539
7067 8362
492 9893
4021 9797
7093 793
6790 6786
2165 8163
2632 1641
7505 2173
1796 5001
4118 9855
2461 1934
7441 5985
3182 4005
9737 4074
4974 4032
1570 3726
7851 1769
9073 7400
964 2408
1433 1770
8532 8949
3678 2691
8013 9238
2321 7228
4499 2985
9115 2768
5841 1693
6380 8815
7026 3140
9458 3844
3150 6684
5780 6826
9556 3355
563 7198
351 6172
736 1798
2910 4970
7933 2349
5656 7030
8651 1282
4883 6604
5611 1779
6002 6913
5491 7946
2107 6277
619 4455
2157 2018
2025 9930
4509 4510
9299 3834
3975 8887
7373 7875
4766 427
2893 8694
4677 8589
4037 52
3345 5874
1634 879
9245 100
5517 4420
2167 694
402 6333
9435 7218
5182 3475
6581 4563
310 3511
323 1219
6411 3832
7926 3910
3355 7059
4911 3194
2517 2674
7383 4782
1420 358
1209 3094
2576 5104
931 5563
3873 1347
7391 2464
382 6402
8835 6453
7359 6246
2269 8946
7808 4635
7205 6378
5283 8511
1269 8577
1913 5183
8413 7347
6221 5016
1412 8166
8952 4870
1531 9844
8363 684
268 6079
5676 8746
983 505
6461 3730
3950 1645
2571 4558
1617 859
923 8541
2733 855
50 3680
4585 3632
9289 1662
6434 6086
1123 6402
7860 6696
992 568
835 8289
1074 1704
9370 4065
438 5873
8901 9365
184 6220
9705 6416
4653 5086
2113 7119
9573 9401
9396 8522
2066 561
3223 1441
2794 6513
3235 1639
5441 8862
8563 2846
3552 7826
7398 9792
6983 3626
4139 34
5073 8792
4723 2010
3733 1655
8333 3713
7234 5308
6192 3390
7275 7870
6892 2040
2411 2260
1564 4478
4797 7684
4983 6633
7809 6304
2580 7724
690 2473
627 5588
3631 6099
4225 9767
3476 5082
2884 9613
1045 3221
2699 3585
2904 3149
4639 8322
63 9890
729 4315
1665 327
2110 1538
9950 9578
4367 5351
4333 2585
8613 3804
9075 2119
5386 9292
6030 6413
3087 9054
7345 8464
3942 762
2777 9916
4506 8728
3662 3896
889 4948
4197 6037
9443 1854
5448 5356
7611 5296
8767 2103
512 2325
6300 7906
9286 759
6645 3294
9524 5167
3959 8698
5811 3902
7312 3231
7259 9957
8047 2824
7255 9533
7937 7186
268 6376
3887 6618
320 1831
3801 9939
4339 667
7083 6324
6158 7793
5402 8288
2135 8873
8625 1200
1295 9915
3939 8364
3499 389
6563 1475
9079 3108
5487 5138
5164 1216
3004 8954
9277 847
2945 3904
676 5947
8817 1041
2046 6592
7123 8813
6162 2506
9619 2238
2969 5482
8421 2934
6776 6188
2981 4222
2891 64
5937 7896
6346 8396
5582 6067
6013 7151
220 8422
2865 5446
2227 2445
2671 4167
2541 1524
8519 9627
1193 2378
6300 4457
8641 6176
751 3759
7504 644
3782 8261
4006 3385
5237 1494
6823 8064
2216 5019
3363 7304
4028 9677
3681 7579
4688 558
6569 1650
7211 2633
3161 563
385 2643
6539 7152
3309 4489
6866 129
2875 7740
3565 3159
1194 1698
5701 7378
3202 887
6965 4215
8474 7694
4422 5946
4068 6042
5049 6665
2278 1806
5026 734
2339 6855
4284 8460
7539 3754
4526 8219
9286 4007
1666 1427
4170 3464
5663 5208
8635 8341
2759 600
6684 1667
5143 6784
6898 8081
3921 2663
1471 8565
2115 2901
1666 8858
6778 4983
6427 5491
4008 6882
9231 656
7178 4748
2451 7774
8583 8117
363 9077
8196 9580
1441 1824
4637 4668
2746 3907
3728 7641
8140 2518
7242 9657
5544 1935
9836 5149
508 8626
3202 7710
5746 5793
1197 566
3446 6721
5133 7563
6639 8203
1203 3495
8133 849
4626 9876
954 8750
249 6142
567 9951
6600 4939
2167 3011
8473 9838
1210 172
3763 2857
7152 4118
9795 200
6153 8145
2650 2106
8060 5235
4455 8697
4859 5568
3675 7339
2425 4699
4862 2623
9763 9971
6554 5780
9086 3764
4159 2774
4562 5881
2551 1471
9790 8623
4301 8513
9880 4404
3381 2598
5742 7896
5531 653
6321 4349
8470 3927
1111 8057
6055 5057
8332 676
8583 2977
6108 3704
9187 9823
8065 5592
1241 44
784 1235
6747 4707
3483 9448
3094 3668
4791 75
6798 5138
8431 9221
6796 3120
2567 2796
6213 8565
3453 4259
7943 2085
1161 2105
3561 7208
3933 899
4857 8870
7516 8537
883 862
537 2238
4445 247
8682 366
5947 9891
7452 2338
245 4918
1024 181
9130 3188
3609 690
7115 6372
6666 4721
175 632
2796 7411
3094 516
3000 1598
3809 3263
4729 8341
305 9928
3366 9814
3840 9782
5852 7280
4329 183
7429 7259
7511 8443
4165 3923
7436 9946
4367 2000
9155 4181
7341 285
9892 4704
5531 6275
1062 2276
4655 8842
712 8035
3974 8805
9927 7864
2924 9137
8264 8642
6296 2652
6770 3351
3092 31
4578 5017
4326 4324
6313 2103
5891 693
7837 1059
7333 9721
406 2062
5770 8805
1026 9025
3439 5665
2397 7115
6119 4042
9131 8173
1579 7923
8238 9476
5337 7903
324 9566
6524 6804
3496 859
6412 8864
2976 7040
8019 1377
440 9833
7017 303
1565 470
7853 6183
8080 9427
7814 2055
6973 6747
6491 4864
5224 6804
8935 4622
3072 4205
5285 7481
7349 3721
1364 3221
1837 9983
4262 1824
7239 4801
1228 5293
7175 9340
6633 7770
2003 9112
8728 7017
6861 4935
6252 9929
4272 8181
7012 2801
5782 4125
1750 6776
3086 303
694 1929
9570 1471
1443 9745
7548 8562
8784 3864
6266 3313
3573 5703
1727 4377
3643 4949
2213 8530
9127 7060
2481 4038
7467 3423
2983 8987
3773 8353
717 4376
1014 9119
3298 7176
683 4692
6252 2154
4993 3969
3931 3957
7680 8304
2480 1087
6542 3249
9406 4711
3606 372
9489 6449
5779 9859
1677 730
25 9552
1940 2530
4506 888
5048 4308
1909 3536
7554 9582
9336 7659
5181 9484
7776 3893
574 3650
7278 3418
1979 1989
5335 8139
3317 5647
3620 8882
9439 3167
2557 2913
5179 609
5937 1711
7793 3768
3738 6103
9156 1633
9438 3507
4673 6025
2543 8714
9642 1740
1112 8569
197 8336
1121 3713
3914 7064
8264 92
8936 471
3347 4689
610 814
2951 3243
5987 7708
7730 5858
8839 7821
9592 8426
8434 7620
5153 6025
5424 2414
4156 7322
6911 3308
8620 6327
3147 7541
3986 5154
832 597
7496 2155
12 5647
469 3565
6105 1816
4832 7340
9520 366
7235 989
4834 6346
7439 9707
1194 4443
8288 8666
9226 9916
5706 4606
1320 8723
3342 7649
5009 5765
9680 5225
5601 2604
191 4881
4072 346
2049 3536
52 8380
9393 3234
1281 2158
152 1665
488 7137
8445 3617
7281 8204
2171 2838
4135 1060
8626 9024
788 5215
3048 4248
9730 3417
6827 9921
6434 8909
2159 1379
4840 1249
960 6845
9005 2933
6127 9628
2602 3101
9317 9184
2588 2757
1925 1409
2283 227
4183 7279
3962 4822
2452 1261
7225 4289
6455 4181
7199 8365
2562 5330
8359 5142
8093 4050
1658 2910
4735 4598
7023 2597
3758 2597
6036 4026
3378 661
3040 5546
1802 7902
7420 5434
7902 6694
3934 520
202 3414
9287 3558
7172 8352
8327 5627
1500 3421
4551 6468
114 2338
206 2006
7971 9391
64 5604
7967 5537
5644 1469
8060 2428
5619 8158
1299 2507
7331 6640
7087 889
8550 5921
3443 7210
2396 9196
5927 117
4941 9763
6130 8771
7213 7057
8069 2416
5613 7541
4169 5579
6865 675
9402 2798
8597 3734
4548 8373
8849 7774
6176 978
953 1332
4728 6180
5006 317
8287 6413
2077 4154
6633 9628
8212 9574
8568 6264
968 4677
136 118
5153 9677
4601 4930
3787 5355
8260 6113
2678 2537
9377 4392
7514 6031
7234 6681
2050 7855
1949 2937
9614 9900
672 4642
9551 9931
5918 1809
7461 8237
6057 4091
8096 8749
1945 2227
7732 3405
8927 3396
7191 8339
9786 5907
7741 6038
9457 8573
2996 8340
9546 455
927 6237
7097 2795
4298 5576
6362 1397
5356 4735
2092 2907
5596 7952
549 5084
7970 2846
6990 847
6183 696
9789 1618
7760 7199
4607 1666
3430 239
7868 7913
2362 9933
7358 9129
3136 6251
7630 4359
7730 5155
8738 1811
6776 9135
8444 3138
8011 4215
2135 7021
395 9213
2986 9951
5499 9738
9188 1894
8845 8786
9869 1630
3123 1258
9312 5190
6177 6629
5903 6800
4007 1785
2724 3743
5989 5338
5757 7090
919 5593
7233 1252
7460 1906
9558 8709
8768 798
1248 9532
8984 954
7273 9549
475 8982
3894 4510
7382 3094
3775 7911
1421 2914
2677 8679
4211 6829
875 590
1322 7570
9572 3725
9019 559
3065 7819
5726 3239
2364 5294
5868 5667
8990 5914
8183 7165
1342 7786
9354 2191
8815 5557
9301 8600
4169 1627
8652 433
5963 9520
4042 5696
9654 5087
4747 9696
3078 1982
3890 320
1867 6630
8748 2179
3173 2873
9869 246
1686 5604
1874 3024
1791 2957
7123 3394
5211 5873
4703 5748
351 893
6569 7552
8733 990
6652 2454
9069 7416
3990 5785
8582 3687
9172 3630
9865 5947
2327 4403
5160 2662
4163 919
3647 9185
2267 8606
693 4168
6292 1133
4739 345
4283 344
389 8633
6775 8436
5139 7409
7559 7092
5220 7483
4378 2553
2967 687
1854 9967
7865 8066
3498 1182
3987 9568
7204 9424
3736 4906
2803 8101
7903 9984
207 5311
5779 8795
3668 6465
5554 2442
7906 5413
5746 7601
1087 7214
3246 1253
5713 4151
583 3032
476 8425
7877 429
3133 3342
2467 824
5941 6984
4113 1759
2598 5143
1489 7116
2438 5028
5583 5019
3409 6971
7106 4028
4580 3940
3520 2063
6927 9991
7126 1803
4834 244
6113 5598
3869 3396
1043 4542
9448 7120
9224 6443
1880 526
4032 693
3264 8362
2232 9432
5210 9604
539 5768
5251 7178
1278 1423
526 9326
8393 5810
9081 8764
9898 4235
3289 7267
328 4104
6163 8947
2452 4370
974 5921
4872 239
7941 5774
7500 5034
4144 6080
7225 8980
8157 4944
6631 420
8120 2655
8282 7946
4025 4852
7913 9858
413 8727
9299 677
9469 3614
6657 4463
1178 3482
6785 3036
5281 3487
9339 361
1063 2812
4312 4450
9085 7934
8066 7514
8361 1146
664 4615
5302 274
6269 8140
888 6356
4375 3204
8793 8624
7198 9106
332 5535
3296 9378
103 1660
8710 2420
8338 3138
8526 3308
928 4982
5247 7604
5177 7363
4604 6705
4664 3738
3913 2928
559 2150
9390 2304
5637 2641
5726 9315
135 739
8465 7210
2794 5734
9294 93
6070 9454
5912 2237
2880 2563
5640 6943
9465 8761
7056 9390
5037 3641
6305 6030
5521 4065
8935 7163
2066 1796
9619 6520
5852 2139
9838 1066
2301 8104
2512 1679
8500 4157
9963 2996
4519 1227
5802 5974
295 2304
2944 7991
3284 6680
7231 2539
1996 2871
7564 7997
258 8385
2573 2179
720 950
2733 9502
882 8053
8075 2029
6239 1408
9981 3109
9314 6839
4031 634
3740 2330
6846 647
6012 9059
2818 3901
4040 8474
2447 9828
0 7941
8021 3410
6286 6717
1339 3972
506 6233
37 7750
8572 8204
3806 5572
3920 1727
8678 1830
1820 6605
9789 4005
2040 7339
8565 3089
2143 5539
9844 1974
8586 8760
4317 908
8746 5241
6777 2060
7049 541
7861 990
8591 693
7009 6580
4884 3073
6208 2379
4693 9994
692 4274
9681 6162
4485 2615
1666 8574
7507 9855
8518 2586
2795 6967
3961 2702
142 6572
2121 3600
7508 9147
4153 952
7009 2217
3055 812
7669 7406
7619 5393
2186 3840
6522 9580
9832 718
1492 9242
9498 3092
7633 6552
9017 2695
3335 2191
4038 7088
4315 5600
363 8509
1495 4924
1130 6786
4702 26
922 7965
6901 9166
4659 5301
3257 5995
5815 6523
612 289
2680 1132
3298 9003
1111 3574
8561 2147
1425 2837
8791 4677
1724 7460
4812 9257
1667 1203
8050 5122
7004 3859
7653 3235
394 4038
1644 6824
1734 1696
7853 1792
5977 9927
4929 31
6503 2033
4600 9170
2341 3709
4907 4626
1889 9197
3993 4726
8604 8171
101 8335
7572 2280
1413 4212
209 49
3087 4277
4552 8275
8038 7837
3334 1139
3637 5428
9339 939
1629 2445
5334 2777
4958 3063
2565 8425
8354 6327
1522 2196
1316 6302
7692 5753
9445 9822
1728 5926
993 6959
9430 5158
5040 3381
1928 7971
4593 5279
594 1717
8772 8576
1195 6285
1624 6707
1256 5643
3295 7891
6157 7401
927 5047
843 7921
4220 739
1910 3255
5342 7150
1555 5729
9775 8417
9561 6397
9715 1620
8546 1029
3226 1671
6672 7453
3355 3481
7964 1140
307 4084
9309 1494
3795 8193
1056 1426
8493 8567
9984 9829
9928 1071
8955 2613
8426 8615
4456 5890
9433 4485
168 777
2677 3234
9886 6904
3050 2438
6605 6687
7679 712
8342 8526
8294 8938
9195 3831
124 6659
9172 4294
8258 7778
3605 7283
1813 4230
4523 6665
1482 9620
4898 6538
4623 5497
9138 9004
5253 1736
1996 7330
3655 6540
4121 6989
5887 9073
3942 2668
5731 1351
3728 3902
5719 1422
4840 6304
3012 9432
952 5002
8458 7659
2801 781
9550 7120
6364 8368
6480 1900
7136 3809
3610 205
1392 386
562 7865
8803 7983
857 3095
5171 4336
179 7560
6305 8452
6688 9227
7542 8616
7484 2714
7557 2628
8830 8973
2830 4203
4561 6999
7762 1497
1058 5445
5894 9152
2276 7534
2382 2863
8598 1431
3444 8006
1813 9691
7158 9291
666 8621
1515 8710
1598 9133
9596 7746
6584 6487
5396 9148
5129 6300
7244 9144
4476 442
4843 9623
440 9383
589 3878
8278 8384
1643 6976
6039 7520
1805 5310
1425 2003
7481 9619
6640 1746
343 3139
6795 725
9877 2518
5927 2863
6622 2924
2959 7422
6399 8410
1004 1643
4924 6242
3999 2489
5100 8813
124 9228
9008 6768
9113 4860
7696 8401
8300 8340
9696 7608
4435 5089
3726 8491
5199 5247
1417 4971
2666 3902
2156 9094
2797 718
618 1376
8 1889
5037 4314
1011 2389
5317 3509
6249 8004
137 3309
5218 6585
2055 8972
1295 7270
4899 9967
1198 7022
9021 6716
7029 9463
15 7137
8082 9797
9277 6212
540 5923
9526 2720
3420 6647
8204 753
2981 8202
1190 2273
209 9475
6248 4727
6921 9989
7015 2515
5486 3374
5518 5074
1888 6022
9621 2950
9789 1812
7650 6427
1495 1472
3475 4387
3622 3958
2734 4188
9299 6017
9731 354
5616 4649
5710 9004
9614 8576
7952 6400
7763 6264
9841 2556
4202 4975
8218 8426
3578 2148
4966 5710
208 6401
7990 5160
2662 1279
6223 3061
6229 8064
3612 8663
1720 4814
2690 651
9364 8162
4475 198
742 3924
5984 8163
4174 9951
1696 2678
4466 1829
4275 1799
9521 2675
5531 7684
71 1241
9324 9902
9639 4770
1048 965
8565 519
9558 2280
9644 8754
6572 8095
899 8994
7808 4868
807 283
2932 8727
2627 8589
1647 7178
8656 1487
1977 4580
8282 930
2506 4332
2118 3540
7813 322
4845 826
1589 5421
314 3699
8638 8500
8492 397
1612 3073
2423 4097
8153 2696
7305 9607
1500 7337
8983 7378
652 7003
9041 8798
2784 4872
5235 1654
6564 1964
8189 4475
836 1851
6936 2622
2097 5949
7958 4453
2326 8260
9516 1558
7996 2171
9028 7173
313 4707
6990 389
7379 9760
4590 7030
3090 2738
8356 23
9244 9084
7253 8055
4623 6054
1859 7474
5328 8664
5363 3502
4741 2543
9971 7899
7807 6695
986 1535
1199 743
4701 5064
7476 2101
2792 1977
9137 2159
5480 1407
2393 2916
8899 1161
328 6450
7175 7149
2466 8860
5552 9723
843 7582
6519 2418
6098 2925
7067 9153
9296 3610
3175 6325
2142 9474
6874 319
9314 5354
1628 3441
2880 168
9107 3120
2915 7806
9335 5876
7731 5870
2179 8142
1047 9905
8300 5743
9810 3400
1967 4840
358 1346
4011 4919
693 3766
438 692
7729 2656
6299 5357
6644 7138
3257 8212
6488 7216
2036 2007
6808 7476
5126 2139
9764 2472
5622 1585
1663 5281
6479 2838
7953 1406
891 8624
8524 1164
4523 8620
4652 6650
3420 3556
1176 8689
6220 3188
969 9775
3342 4700
584 2261
6868 2784
9360 7363
3843 4332
1882 9209
1939 2495
7441 2677
7107 3142
5934 1794
6715 2740
2313 7099
349 2561
110 1489
1595 4951
8752 501
9741 1377
6222 3210
4174 1780
3250 6168
6279 8391
3812 6337
3533 7562
3974 7870
1816 6121
2767 5087
6799 1446
9195 3024
2532 6816
4858 1349
5856 5648
8043 7828
2149 937
665 669
3790 8488
9053 8212
6386 1237
7682 3186
4828 3845
2660 5900
3949 884
2043 54
8802 8775
2715 5830
6124 5697
5901 8275
7942 2241
3105 9328
9876 6726
2118 642
1143 2493
714 2806
1108 6878
6386 6385
4190 5407
9579 21
9511 8840
385 2155
4643 668
2820 2769
4544 2196
2038 9492
9466 7152
2405 7035
8992 5444
7234 735
6470 4234
1216 8207
4964 1114
1323 2487
8736 5067
5408 8886
5592 1269
6759 2669
4990 1313
8653 4575
5534 7753
4816 8685
5582 9863
6645 73
5755 9871
916 4997
591 5692
5947 4475
4105 6086
2716 5903
2824 5836
1308 5201
9182 6647
9321 4612
1224 2885
2421 1568
2736 5556
5649 1549
3668 6945
8577 4197
770 6012
5410 221
5207 1767
8783 6943
8238 4358
1184 6886
2858 1908
5401 8866
1726 459
2120 6680
5594 5637
1071 9735
9003 131
2816 7526
8226 7354
8800 5614
3477 9330
6124 3741
5260 9062
3287 642
1366 1623
6542 3730
2648 2394
1038 2994
8746 1408
811 8515
9566 1751
2070 4765
1136 6639
6501 756
8589 9863
9151 1897
5135 3779
5637 8357
7853 5240
7877 9227
5121 156
7378 3902
4421 1744
8478 980
905 17
3838 4431
4122 536
7912 1629
6810 5967
3323 8234
5560 3206
934 2071
444 8731
3779 8924
7556 92
1748 8237
2118 1405
8325 6020
8823 3921
7087 8918
9069 4090
2431 3030
2401 6903
1216 6085
5944 5602
4248 1279
9009 4335
9211 6800
7450 7982
313 5429
5058 435
5624 7921
3789 8022
7894 7887
1193 7194
6487 9341
7685 4063
7111 3435
7916 2855
4155 7174
1069 6539
9254 5212
6071 9653
4880 1529
3682 4469
6807 7895
6066 3438
2718 9770
9745 8173
570 5467
8529 9814
5221 4044
6492 6372
1249 2286
1363 7293
8421 551
5544 9108
1639 6537
3751 5797
8336 3071
3855 4598
7606 3778
9682 5107
4110 5065
7872 8113
238 3635
7782 6522
151 6667
2983 9322
1337 9035
1530 9416
3922 8969
8599 6424
9148 6890
3422 3694
5112 7237
90 8429
9947 1007
9426 8060
1179 923
4316 8198
5928 9376
5403 4434
8286 8988
1054 7932
3712 8324
9938 9610
7377 8196
3751 6852
3815 7311
4577 2935
5269 5474
9323 8459
1634 7548
298 9928
8272 4415
5686 8971
6559 6296
4848 7749
5704 921
6387 7859
2620 2311
8235 2913
2799 9998
4622 8008
7561 8142
5396 4395
846 7700
1135 9535
4864 8659
946 7450
2943 3397
4982 8297
6404 453
5444 832
8393 7604
5074 6027
8558 5996
8199 1201
9698 2236
2363 1048
7407 3856
5958 763
3768 1569
5567 7863
5495 5288
1520 3020
2562 674
6366 4329
6418 5358
388 1249
5503 4699
1549 1984
1278 5956
2240 104
5930 3841
4085 9342
1234 1102
4791 8634
2691 3056
8132 5081
524 1930
6603 5526
8236 417
1562 2934
9021 6930
1333 1062
9577 3306
8792 76
9107 2071
3390 4083
8441 3657
7527 7913
5130 5528
7921 6716
3198 5426
6529 196
6988 8386
8359 4919
9030 4425
1763 2318
6740 3449
8900 7605
1579 3429
4862 7782
6506 2850
8121 6830
8371 6074
1854 8101
7741 1450
1946 8867
7074 6135
7311 1453
4053 5389
7997 7431
2941 8174
638 7309
2394 4703
3880 4458
8158 7152
2373 2938
5938 4569
5863 3533
6716 5100
6510 9734
2414 6887
8736 1114
6906 1134
1340 6458
3274 7505
5408 9100
4651 1141
2372 1546
8281 8806
1608 585
3262 7096
5509 9814
7908 9721
5666 6691
7444 7842
563 2920
9132 645
1611 8449
3432 2843
3186 3495
2133 7196
392 8003
2315 4807
2286 591
8941 2468
8121 1269
3506 9546
7473 7657
1294 4406
1436 7381
5035 4514
2392 5152
3978 4021
139 5096
4441 9177
6344 6838
8314 4145
1219 5060
2718 4574
8464 7037
4766 2960
4395 5679
4981 1020
8173 9584
6512 3641
3941 8167
5860 5589
9635 7301
5921 6354
6996 6181
8314 9498
4867 5300
1680 5594
7649 3574
691 5455
1041 5267
2428 4475
2140 1488
460 5028
4673 8708
3987 3514
8716 7834
3036 2118
3170 4586
8674 8735
7103 1768
5349 2013
4855 6064
9721 7256
6578 6273
3597 7416
9422 6966
3739 3013
5440 3211
6334 6358
2493 9824
9612 2387
625 6819
2952 1943
7518 5372
9660 1262
7376 2023
5104 1694
4112 6971
3488 5559
3424 4820
5025 8433
3359 1283
4214 423
3624 7879
5471 3944
8600 3260
2289 6197
5258 4091
2110 7633
382 9939
3462 6527
9815 4740
4235 9899
3890 6032
8470 9779
9807 9062
3241 5398
6566 6401
7207 6309
3633 9619
2293 1831
2985 8048
4908 9672
6525 3873
8667 9260
3746 9255
892 3498
2557 329
5049 1410
826 9488
6759 5171
7753 759
1193 1916
6239 2076
8344 5554
990 3982
3549 3300
9880 4647
2991 3290
4526 5061
5472 220
5091 9617
3417 4709
5435 3854
1192 3123
4903 6610
4743 840
3187 75
7108 9743
9630 4202
5477 6295
1772 2076
4883 9478
5378 4468
1561 621
1604 2640
4814 7573
4894 1915
8377 5819
9375 3230
6388 8520
1679 4814
8138 6868
3931 3155
3372 1327
4866 3571
1293 9687
1511 8016
1687 4883
1636 2615
6060 4891
5421 1259
2897 5209
8551 9707
7120 5941
2128 9731
4518 8238
4254 211
7703 7481
9690 8842
1320 3697
8901 2343
9054 6691
3621 4654
6926 1967
3175 2077
3933 6095
1952 3721
5152 5650
1045 4178
2606 2419
4234 6076
2078 4529
4967 5665
8603 8828
1318 8612
4515 5541
7617 5646
7170 1202
6726 630
9338 3102
5425 8974
2741 4325
3610 9553
7441 6925
6429 5350
3346 6157
2073 2288
6756 5022
6911 1316
5633 4128
1028 3804
6077 1111
3464 4323
7264 7592
7565 8478
9553 4273
5664 1907
3463 3329
52 7050
9350 7606
4961 588
6896 2216
961 346
275 4145
6886 6679
348 3642
4857 609
2004 3800
2632 6678
169 9391
1054 2758
8002 2539
7524 6106
2912 5809
5876 6548
7911 1216
3862 4391
7490 2226
7025 4988
1467 8780
6638 4307
1379 1586
7491 573
1357 5339
9097 9680
2758 2586
726 2886
9174 8443
2373 5690
2510 3009
1830 9572
4278 9360
8425 4900
2271 1681
6337 1235
4867 1938
9258 7473
9060 6471
2449 547
2870 1121
739 6332
9308 7958
7137 5344
9252 1588
170 1433
6148 1419
4611 5661
5182 5916
6245 3963
3086 2386
2370 2333
9699 5676
6934 5143
3239 6775
2068 9964
9171 9371
6055 8778
4796 7782
6471 7567
2860 9844
1490 7549
8482 4575
7651 5420
8548 6147
7513 202
4412 9051
855 275
3900 7668
7767 9556
230 618
209 6632
1585 4406
6151 4025
1741 5675
7678 3320
2860 3156
3993 7990
197 5887
9504 2843
3876 780
9730 2359
3401 7995
8178 1238
7610 7064
4872 9992
155 5399
603 9384
977 5373
4710 2823
6121 6370
1876 5823
6832 8933
7648 9106
6500 2262
6134 3014
4968 6467
8683 5661
8395 654
8394 168
6758 6499
986 1338
4267 2473
3517 2279
4895 4309
3853 6061
2635 118
7924 975
2900 6225
4416 7547
9674 7880
5527 511
3928 8852
1053 4654
9924 9181
5091 3558
9528 2171
3852 9519
3874 9031
7363 9927
5473 5061
3076 1897
8134 4244
923 4425
4171 5620
5893 5874
5924 5754
3367 3797
3511 3296
7677 5628
1146 8700
7166 9246
8872 7053
2611 9423
5517 5694
2862 4073
6497 2516
6862 9455
4177 7566
7828 8609
1803 9576
3441 5626
6897 9931
1156 9056
2922 5213
7531 4786
718 6580
6238 5547
4585 8144
8887 3773
829 1952
4897 7859
5972 6085
7825 7614
4091 3193
3446 9616
1888 9190
5447 9731
8311 1261
9921 3130
5403 121
210 7036
3251 1122
2645 6641
7493 1999
2464 5062
978 1510
7375 1039
2424 2044
3562 6592
1382 4533
4399 8809
956 3474
6214 5629
6467 9698
9364 6874
6557 7481
5654 1988
5581 5390
8901 4612
3309 6305
9876 4746
1429 6253
900 6503
1166 7565
5682 3049
1200 3648
2014 6055
9664 80
1709 9779
2240 9159
9182 3563
3765 737
4525 4655
3056 6806
3272 5195
9987 7839
7038 7222
2640 8710
699 5269
1927 6424
3692 2639
1135 91
5450 8230
761 1348
732 9464
8120 5929
5191 5683
4605 7130
6284 3800
8715 8523
6288 7968
1546 4160
2681 6292
6537 8535
1455 5178
8310 6791
1010 9554
7440 4282
580 714
5979 7046
6023 9337
8304 1919
1751 9848
6575 2799
1557 1928
2757 3370
5913 2932
8347 9485
9949 1200
2874 9507
9769 2799
8744 7516
8694 8381
3382 5027
3175 5683
7269 5743
7002 6965
7805 7718
4091 9903
1058 6240
2332 7811
8225 4193
4727 4094
9968 3703
1780 2026
3486 7071
2996 2303
8112 3853
5883 7874
6584 6344
5678 2610
5713 1102
4094 493
1397 5315
1084 5489
87 4716
5435 5551
6025 2069
8598 2130
2764 3898
4384 1608
2645 7708
8278 7129
3341 4221
9844 6905
9745 8843
5296 649
8250 384
335 9099
9520 4552
6355 7149
2527 6309
8026 7607
563 6775
3056 6225
7940 2327
3907 3469
7066 6687
1072 5182
4535 4320
6813 7531
6720 4865
3458 8156
6702 2473
8210 2002
9355 8351
5030 8517
4030 3589
356 2743
6512 300
1427 9772
3247 1656
8516 9295
5558 4596
8365 6022
3745 334
4335 1285
4951 3419
2923 1227
4755 3764
8472 9977
9875 9366
2035 1710
9397 3934
9681 6338
8630 4452
8062 4989
6009 1871
8669 2787
4158 3800
8206 648
7068 9836
854 8716
6223 1904
7457 3019
9695 2852
6726 1720
1012 1243
6875 7000
455 9716
9548 7589
4648 7714
3621 195
5942 2033
8939 534
5 4097
2438 3260
7120 9367
4167 4007
2517 1776
4831 8572
7949 297
3143 1104
4688 7524
3664 3729
2071 9790
4353 3665
9997 2792
8599 8430
5975 2917
8550 5519
2004 6646
7580 7166
8858 2186
4752 6660
571 4675
8242 4775
7747 111
466 4092
468 2565
1590 5283
9969 8360
43 3016
2797 4394
6677 3337
6403 6154
55 3567
3011 4409
211 4999
905 5870
4505 4275
4848 9465
297 6705
4114 7653
8411 4122
1530 6086
1012 431
8762 8826
3885 8626
4672 9543
9659 2827
1785 7063
7032 8407
5672 6086
2555 835
4800 3139
1098 7421
3696 1157
7802 9093
5485 493
1611 9013
768 819
964 3195
2918 5353
5752 3390
7329 5047
7095 871
673 4030
9416 1136
8515 156
4878 4558
6757 6919
2405 2249
2882 5039
8661 3904
9389 9302
4277 2783
155 8266
4863 3060
9433 4041
125 5403
6211 9037
9973 8225
150 4321
699 9665
4528 8475
3156 309
1421 3840
9875 502
8590 5419
8850 8746
2488 4593
5531 7663
5683 6297
883 7408
1087 6414
1050 710
235 8779
9519 6317
7129 1331
6878 7939
6944 2957
5915 4973
8775 4954
9819 4844
2556 8519
1729 9149
5858 1629
6682 9900
6783 5570
9745 1678
2262 5025
683 1567
5475 9852
7740 8704
8475 7348
3015 6139
3625 3005
49 356
301 1557
3203 6968
2214 9304
6587 1350
8816 8071
9442 1180
3186 6226
733 9559
8120 2566
1698 1889
8699 3883
5750 3256
1183 5325
2766 7659
2174 6762
4751 2982
7966 2974
7813 4479
844 4754
7911 3962
7219 8960
1620 8614
4366 7629
7962 2121
5430 1640
6389 6363
3357 7818
4521 1352
3022 9549
6620 2144
6216 3955
8282 3907
8908 1727
2529 4713
5268 785
8706 713
4300 2179
4839 7353
2492 7891
2206 3767
7653 885
9251 5166
5283 6233
6512 7260
2739 6934
6939 5835
9031 5292
6295 81
9670 379
4298 67
2201 6555
5551 7542
1160 3992
3497 9666
7227 4348
5551 484
7701 9668
1096 483
8076 6326
4756 7025
2457 791
4940 5929
9680 9525
8850 5660
1102 1847
8274 3858
1659 1500
9248 1588
5673 7206
4265 8137
6821 2660
150 3756
9228 1676
5247 5977
4423 6779
2202 358
1202 4652
2723 74
9437 303
9202 51
797 2133
2214 8178
3630 836
5603 5647
2789 7358
4983 5568
5213 631
7612 8099
6677 2255
9945 5582
8182 9636
1995 8061
8358 8221
8440 3201
5587 2125
1261 3349
3355 7245
3671 649
5018 7036
1943 221
3079 3494
4138 1774
7091 3402
766 1671
3962 6161
6035 3443
2460 186
1410 4223
8434 4598
4298 9770
7720 2001
7291 6592
7720 5542
2372 9159
4299 418
3093 8433
4678 1683
5450 6501
8984 5293
8710 57
9076 5951
8381 4493
2730 3060
1139 1198
1541 4347
1537 5293
683 1400
8986 11
520 6066
3815 4885
6826 7801
8226 1073
3926 4632
8356 9999
7987 7780
1892 1797
1898 9959
4849 743
936 1793
7452 2958
1150 5331
5306 6575
7902 9741
2219 3474
527 9067
5430 6794
6175 6626
3747 1808
4676 5878
3433 5218
1275 5754
2070 7267
7097 3800
8749 4739
1243 7185
7455 7468
8791 1869
6379 1059
2778 992
5712 712
8060 9558
5161 9481
8216 5669
3927 691
3325 9428
5427 828
1756 6083
4794 5969
3399 8317
874 6254
875 6280
1331 6556
9882 9413
5926 6354
7546 1919
7693 1247
9454 144
1525 1229
2556 8550
1929 1273
1547 4062
7060 1194
408 9301
6678 2776
9425 4784
8926 4275
3292 9207
4006 1457
2827 4698
3358 4790
7107 7182
9789 9204
6397 920
3578 4042
483 4730
9049 2449
1073 3277
6957 3523
7947 7637
5143 803
411 6370
5630 4914
5447 3395
4807 956
6576 8593
8358 2639
31 8139
7862 3521
1838 4660
2855 7878
9250 3119
6031 7797
1368 5446
1962 4543
8175 208
1914 3197
4320 2487
6112 3381
3763 1058
8705 490
1423 815
2845 7207
5483 6369
6245 622
7179 5940
3287 2317
5300 462
9843 2794
7643 7747
5549 6071
2282 6748
788 6154
8560 3978
3430 1605
6671 1284
773 681
1774 8949
7841 2665
8228 4677
3872 4136
8004 2355
3202 8170
6818 9640
2741 9585
4513 4489
5633 7857
3373 933
1674 5448
1279 8352
2779 2645
3862 4080
1137 7391
8047 3633
7795 6597
2744 5099
6214 1594
315 3658
6249 807
9585 9482
4043 6885
263 7640
4505 2848
3098 3834
4893 1155
2875 9860
8152 7141
4532 1502
5624 4573
1847 9927
1687 7986
726 196
1228 2779
4770 7722
9719 2200
475 6222
145 5779
4199 4344
2999 8444
5256 8063
8628 5869
606 461
9539 148
7093 1981
2866 9288
6900 4822
4505 2348
9230 6053
6979 2189
4638 9585
455 8832
633 6644
1063 9108
6881 9477
8681 9556
8639 6552
9755 8426
4679 7048
2436 5359
4681 83
1525 6416
783 2973
650 6592
9484 1070
2485 4175
4689 8818
6394 7491
1513 5340
8681 591
8962 8585
7568 3277
1987 2830
2168 4386
6565 7102
1440 143
6985 328
5197 2733
4577 2880
9972 6128
8842 9175
4339 6789
9264 6270
1229 7357
8395 3955
927 7636
3089 6184
4843 1792
7268 2823
9706 500
787 3603
3749 6834
1736 5266
4732 9345
1461 7337
7289 1011
3883 1465
4080 2390
8501 5420
6587 2102
1661 7274
5667 2687
7091 2476
2973 8019
995 9804
8651 6043
5930 6164
3134 5837
6392 9877
7788 7665
7741 1348
966 6449
2814 7757
6391 4070
5992 2688
3406 3317
6376 4987
1683 8412
6451 4294
6243 1062
8882 8039
3396 9494
5141 1526
3282 7199
7052 1596
2812 5327
9271 5596
7725 1357
3638 2698
8588 4266
9087 3434
7959 9374
4799 4913
6624 8138
4295 5036
6898 1280
3970 5672
6199 8511
9 8126
6906 8484
9197 5937
1706 1692
8324 9637
900 168
9683 176
5310 7959
1641 2170
6837 3910
5592 1642
6539 1800
9919 2067
4570 6334
3980 3279
9806 2360
2151 7008
3952 4460
7477 565
4018 1170
2788 2250
7151 3459
8656 6797
4791 9159
5372 6148
4047 8207
5238 1740
9700 40
4391 5318
5037 6260
7502 2255
514 9839
899 5373
1909 5007
4275 236
6261 5155
2787 5026
346 7921
7622 156
1859 3830
1569 2286
9884 1410
2120 8126
5076 302
5301 7871
3227 6576
4651 4126
2489 5143
2351 7499
6083 8211
5500 8995
3538 633
6765 3405
9201 5687
3807 1503
3747 5978
2070 3363
969 2617
4074 9016
3888 8603
4235 8175
8274 676
8364 3405
9940 5776
2557 1150
5664 1470
5805 9333
5786 4674
469 4226
4336 7076
2195 1699
3040 6891
7561 7090
7342 8013
6904 6251
9504 7287
5283 7887
4994 7364
363 6042
7505 3684
9663 4578
8882 8591
611 1149
5057 3853
3809 8893
7061 6680
1309 4873
4109 9300
9535 7359
6143 4980
7632 3367
9396 6070
1841 4524
6975 884
9813 6580
8686 9449
3497 6483
4024 1291
5794 9397
7859 3523
9954 5069
1950 3736
1200 4207
9597 986
309 1329
2223 7352
3872 3790
754 4168
5646 5391
7748 5944
1545 692
3150 6314
6262 5549
1944 3727
8435 1861
6296 9349
2679 1070
7335 3056
7459 9287
965 4237
6643 1599
8372 7442
1527 4445
6034 8390
2510 5871
3265 9961
835 2499
3368 6773
561 6197
5000 2413
6486 3602
1577 117
1810 166
7999 1294
2322 214
9656 4041
6135 2644
9152 5097
596 8172
8167 7289
8168 6037
7900 1790
5294 3527
7020 6533
6915 6275
8838 8550
6280 7202
2400 9023
3451 1677
6919 3537
5699 9185
9263 844
8151 6305
4488 3414
2442 664
5722 5281
439 1698
5709 15
3718 8735
7316 1865
2139 8278
7884 8857
7113 4724
1723 2577
7212 1284
4181 7333
3189 3125
1717 1771
603 934
9039 2426
8484 1474
2933 7312
699 6846
863 7734
7670 5707
4411 1665
2060 6836
9330 4396
4372 6687
5383 6069
4491 284
564 4146
3928 8882
7781 8272
245 4295
3718 1877
6997 9919
4229 4752
9546 3141
9800 8127
5627 4280
7221 9524
2686 749
5286 4518
8039 1895
6361 1033
5842 3937
4960 9837
5595 8936
4780 701
5888 546
5561 926
3233 3575
5260 5817
9105 268
6222 546
62 3962
9361 8687
5589 1495
9595 6471
8884 7404
8362 1416
6142 7852
9408 2769
2176 1699
3954 4705
9559 6733
5572 4977
333 9678
3098 7394
9249 7807
565 8912
6575 7424
6314 1272
6258 171
6485 7726
2226 9076
3252 6696
1745 1436
343 5209
9348 1482
5240 299
4427 2992
1431 637
2100 1601
907 615
7691 695
7991 3647
5837 4938
9401 8180
5387 2030
3829 1689
930 8125
1125 311
609 2663
1621 1450
4244 1974
9719 2876
4371 3881
838 1305
9890 150
5627 1273
6895 4530
5592 2638
2397 5800
5263 5141
7255 721
2927 2014
9111 1095
5340 3092
7346 5776
2044 5191
3822 6065
9728 6205
6480 2224
9118 9897
5536 4735
2681 1466
3656 8949
2432 3613
3726 6387
5883 1551
9664 8323
9175 7015
3657 6822
941 6085
5823 2056
3013 4646
4247 8233
9954 850
8470 5448
4427 5987
6131 597
4553 6289
6367 7812
8985 2188
2045 2163
2646 9247
7318 6101
7113 1064
5033 2562
3309 197
628 6470
427 1983
746 1791
4714 4745
3868 2710
5858 2718
1347 2602
9613 5061
1352 7691
7871 5834
1285 7769
5724 6101
3670 3507
6241 2154
4962 9243
3216 967
726 6067
665 3282
6372 7250
2579 7502
5969 1315
2998 2807
9122 1113
1861 8728
1997 2364
523 1006
1091 6472
226 2480
4026 3780
1395 9607
5152 5807
573 7154
4931 8498
9659 3285
7423 3159
408 548
8983 4360
1156 6727
7848 518
7475 5033
7235 7489
9211 5738
1526 5903
9146 975
2206 4913
666 5472
8274 1825
9833 3366
1471 8407
9113 7865
1355 8748
7785 12
6833 3470
7385 2736
8938 9916
6924 4683
4241 4814
1141 8356
3820 5421
229 9316
5710 6686
6056 383
3823 2080
5246 2524
3884 2460
3624 1860
8748 6793
3878 9930
8941 9549
5847 7805
6430 7541
4422 1398
1439 7426
7651 2877
5988 9833
2816 9171
446 8918
2465 5915
111 485
223 4333
1971 1952
5136 8961
5886 7333
9684 7416
588 3193
8507 736
8677 9738
4285 7030
5429 7649
2014 5684
2304 7721
6348 2172
5927 4145
2012 5580
6476 977
4310 8010
5200 7444
3561 804
5988 1612
5663 2634
5538 3624
9455 8230
5761 8860
9093 84
8505 9099
9648 9745
19 4392
6540 7149
3067 4699
6966 3999
269 2239
7155 5984
8835 1762
3052 63
1007 2913
4670 6192
6915 8694
2399 6180
8529 8828
5970 1469
1344 7997
507 2240
4168 9884
2815 2800
3677 4121
7872 2049
1282 8464
2876 9939
5823 1395
2577 382
6903 8170
1812 4571
8870 7958
148 7957
5674 5656
4281 4622
1602 8294
786 522
7969 8952
2675 4147
5855 7692
3019 8921
5190 384
7268 8058
4133 7006
8371 7476
2506 4594
6075 6836
1036 6750
2402 3548
8776 7202
5527 1939
8394 8371
1533 8074
6378 4201
4936 9646
7067 1960
1256 656
5033 7155
8771 8380
2598 7799
5305 275
3597 6075
6436 8899
9255 3906
3772 1811
2874 4434
8267 3911
7707 3551
7061 1325
8790 6226
9653 5852
8045 23
1514 8947
5838 920
5463 1850
1260 7887
548 96
7709 7261
4056 1534
6162 396
1221 6989
6488 5387
9 242
9723 3041
1094 777
826 5882
4045 2682
9403 8715
8096 3528
8863 5236
6917 2817
3769 9914
9592 8227
6245 8538
3887 6264
9826 1324
1625 9375
4776 8132
1621 3256
933 6787
9218 5688
1903 2361
7800 9689
6317 8243
162 912
6956 4745
3790 4834
3235 3601
8457 5833
9125 9463
9284 5349
7572 7990
3758 7663
5175 7802
4620 9951
6353 3516
4731 4600
4313 1560
8450 2977
3366 5685
9823 8187
8827 4922
2433 1069
5434 9740
5867 7551
7325 6552
3562 3140
1481 3900
5047 8581
4832 8573
3993 9892
9538 8643
1514 664
6808 9322
679 370
1540 1123
7823 8073
766 9378
3967 9931
7961 6657
3622 469
768 3946
423 3117
8415 3435
651 184
2382 6457
8101 6512
5381 8072
8952 6663
5224 8011
3628 4634
2487 1263
9858 556
943 5696
1922 3956
5256 7168
1847 1425
8272 1764
2625 6883
6145 2425
3480 6984
3183 76
2395 4225
6285 1844
8873 8973
2727 2302
8000 9268
1758 6699
40 536
4160 6969
257 1109
2923 1874
6683 1129
6212 7261
4406 1915
3757 8712
183 6376
1041 2401
4554 6604
1488 2792
171 2421
6902 5021
1968 4094
5006 5363
735 6404
6142 4473
9644 1885
6239 2790
3122 5766
8222 4525
8210 2178
3780 9765
445 3156
6402 7573
1366 8898
3492 292
9107 8873
6469 1343
7325 900
3243 4825
3099 741
6570 721
9896 971
7651 8461
8127 6767
6623 468
2688 4471
3446 6978
6004 7514
2989 4335
2677 1573
2873 2271
2308 5358
1496 2420
8720 5758
9452 5647
292 5480
5584 9367
960 4828
9818 8764
4814 7208
5274 9041
683 8365
2739 9910
5921 5356
8700 4211
6199 1662
6364 2725
5529 7103
318 9621
3100 1338
8771 8578
1845 5518
6281 513
2320 254
2171 2938
9703 2755
6535 6968
1795 5639
7241 3454
144 297
2047 544
2763 838
5263 5189
2592 8213
7843 40
1478 4156
9242 3067
1991 2148
1337 5185
6667 1891
1882 8736
9200 6340
8374 194
2926 8364
270 4781
9279 3432
8743 1683
2473 2235
432 3813
1334 9776
2676 610
1193 1139
8138 6572
3607 791
1225 9548
524 5951
7867 4280
399 3154
9511 3345
5033 2116
9950 278
1686 9671
9150 4840
7442 4292
6860 87
9574 4697
4891 5900
5922 5796
3552 2949
5260 8123
9274 5342
2523 4161
3677 4319
46 2046
6220 8632
2644 8931
3618 4675
1099 1397
853 2468
766 9609
9074 4181
9620 3104
461 4188
5430 3600
7475 7211
5676 8761
38 3476
3046 1131
9481 2714
8674 46
2598 7531
3596 4984
9911 6937
8874 1595
1354 8083
5411 5170
157 8889
6507 1206
4302 4181
2676 4717
1165 7633
1752 3309
3239 5932
9320 3588
9745 3721
2314 7816
1422 6516
1343 6210
2738 8497
7399 7454
8938 2993
4831 5883
8831 3955
6023 9223
9185 4420
4099 8674
3008 1101
953 834
9371 9079
9421 289
1966 2020
9717 23
4986 5028
1158 136
2627 4250
8201 8604
7644 1513
4273 8686
8007 4060
9270 8241
3460 9408
6923 6075
9743 6367
6833 5022
5411 3386
2302 2705
7853 6312
5615 187
6527 7850
7495 9801
4574 7319
610 2903
3306 6845
5016 552
7291 3416
3690 8696
7060 1928
6196 5721
8321 795
8784 5958
3879 1402
4534 6183
5601 1543
8712 9432
6712 4824
7554 7795
2083 9083
7336 2179
6033 2473
1906 61
7435 1825
8175 9770
2283 3149
5550 1185
7424 9803
2162 8392
6223 7181
8970 7549
9964 7272
475 4048
9905 5492
5292 2782
4754 3916
3426 4850
3930 9362
1638 5277
4271 7090
3189 2077
4041 2194
9594 83
1150 437
3869 8720
6403 8320
3151 2476
968 7143
4961 1869
6397 2416
9537 6559
3540 9023
1340 3410
1817 633
7305 2224
8438 1613
9230 8208
5462 450
8273 8823
5361 5789
7085 4501
5016 1559
1892 2843
1114 7501
4898 707
1982 2226
806 9012
2203 6024
7478 4330
2784 8726
1404 9955
7397 7947
4550 4126
4998 2447
3210 6371
9501 2862
1986 6327
2744 8287
1285 1450
8978 4537
7928 6938
3953 443
8646 6262
1748 6957
2898 9085
465 7833
9389 4659
7298 1094
8008 7674
5729 7078
1917 8666
2224 6633
1297 3308
2981 1652
8721 8672
2609 9908
6095 442
7867 8786
2016 6767
3175 3991
8040 1469
4584 2993
7102 3137
6385 1064
4731 7554
6016 532
1639 685
1081 1734
4799 766
6363 3764
8378 4087
6993 8053
4224 2057
3 9058
3641 9300
5698 8123
2471 7452
7603 9829
1372 7557
5422 4800
3244 422
1106 2897
9973 6214
8577 1872
2891 6407
228 4162
9425 6804
1873 9690
6558 6878
2573 941
7393 608
7882 1800
2340 1069
7331 3384
9433 4354
2577 7247
1322 5304
9099 8156
6216 3942
2385 9621
4545 1
1418 3110
246 9759
8999 1678
5156 3181
4230 816
8882 2092
4638 9462
7113 4294
1856 3895
3602 6522
1625 2452
9953 3888
9456 1775
2755 6602
2622 2503
3183 8672
6527 4695
3014 314
8213 1055
874 6192
3399 6502
4450 5490
5790 1219
3553 914
8562 1375
9385 4440
9335 6813
2278 9435
2377 8494
1703 8511
9269 8523
1806 5182
2733 3401
7066 7515
7174 9549
2990 1541
4160 1045
8312 7318
802 9594
557 5487
3905 1790
3376 2592
8532 5424
5199 3512
6965 6222
6000 5863
9317 7416
3518 1038
307 5338
4233 7672
4123 962
2616 1255
3781 6702
4291 3165
7649 4286
1308 1898
3501 9769
4070 7460
769 3415
1277 3123
3814 4424
5143 1965
572 150
8628 6170
3669 4308
5768 2414
2348 2329
9479 1638
4049 4711
1576 3853
8796 6780
8387 9942
975 2762
1222 3797
4870 542
5656 7176
8857 4220
2986 2647
6604 4156
3785 4459
875 3797
78 1545
4783 6841
2653 9628
7754 2734
6576 3811
4214 3642
1315 8910
8743 9091
3050 8093
4577 9978
2471 7104
3534 1959
343 4430
6514 967
6251 9548
1937 6641
7897 5473
645 9585
2640 1493
7139 9838
74 1583
1444 2777
7924 9302
3152 5727
4930 7893
6373 7849
4640 6433
8670 8156
4744 378
949 4173
1968 918
640 9127
1903 2556
8672 5408
1464 9630
6263 43
9600 9270
1176 3015
7085 7610
5158 2785
3040 4094
1737 2558
5593 5667
9213 8054
4124 2873
9141 4603
4004 4925
8810 476
2696 5361
8602 3236
6151 9301
9609 8561
2946 8148
2062 6805
4885 4584
3525 4664
9361 4118
7381 4215
1764 3095
757 573
9623 6674
3466 5668
8183 7788
3659 5507
9 7199
9798 8391
2864 7173
2129 8486
6339 5099
7784 4699
7225 179
4125 6834
8676 9272
6678 9971
9869 5429
2263 7169
7952 8686
1630 811
6302 4834
1740 4425
4357 7338
1846 8954
4539 6964
6241 8457
7574 5214
4246 3302
1588 9950
8595 591
6804 2187
8548 2888
1206 4133
5311 5357
8204 3457
3187 1176
6990 232
7160 1600
9096 5798
4347 8887
6156 4045
2513 7565
1698 6801
3428 9453
792 4924
3551 2088
5660 7336
5730 7072
3166 9931
1459 498
1256 6534
4629 5772
902 1345
5976 1638
2696 886
6938 8323
8800 1768
8134 6900
3396 8364
3302 1424
2223 3187
8621 2055
5627 9582
5461 7268
4137 6463
5479 1007
2049 7188
3358 1707
661 1084
5089 5405
9083 1527
912 2450
6316 9861
5693 6299
7928 9581
1518 4072
1980 2240
3181 7750
7230 4284
1094 2369
7704 2588
6176 2584
1264 2118
9986 6920
1918 4924
2612 1322
858 3438
1174 3326
4825 538
9820 2251
7066 5982
4565 3936
4599 7346
986 4722
2561 3839
4560 3449
9891 1668
428 812
3023 214
4932 9959
472 4704
6783 7963
7120 2409
5446 1846
5517 9496
4340 8344
3761 1041
2872 1267
4173 1719
2115 9534
1349 9561
1226 6633
5962 1436
2667 3814
3332 5425
3298 8208
9162 415
948 5377
4736 5755
5663 1762
766 1614
7603 9271
2504 8408
9642 4898
7182 4965
373 6981
6592 1206
6319 8145
8321 2481
892 4682
48 4924
3206 3658
1288 6147
8115 6901
9661 962
7744 7560
5645 3562
4049 9909
356 3958
1628 1063
2978 1685
3494 7558
7718 9842
6145 9513
6719 9711
1372 7084
9965 2561
7135 9304
7420 6697
3890 9149
1350 8771
2178 4132
8301 6062
5222 4040
5635 1074
2729 5414
2824 9765
9082 1999
9581 396
9814 0
2565 9526
6065 9769
4902 1835
8332 5847
4127 6717
8926 8888
744 9338
19 1815
7343 9035
2886 3442
5479 9971
2545 5211
5825 9548
4312 427
303 9882
9764 7210
2832 2710
2019 4368
796 5747
2757 2109
6136 6705
9715 2181
9369 3948
8429 3417
1054 7406
3832 9371
3449 4628
5348 3117
3072 2809
7379 9182
736 573
919 9130
6594 8344
1540 355
5048 9511
6447 7877
6211 8002
6912 7678
9816 6886
4531 6745
9012 7059
9481 9207
7364 5866
1067 1171
2915 5031
6717 7587
2151 2457
3628 3754
3556 682
8389 9334
4436 6578
7594 562
6619 4675
6184 3567
2406 4974
6080 6832
6869 6011
2376 3735
9729 7509
5370 3656
9562 3724
6671 9192
5954 2893
4277 5950
1367 7756
2985 7211
4135 347
9252 6174
6113 6114
6781 7544
9878 2758
3963 9507
8504 9638
7832 7215
1541 1733
8946 787
8241 2989
9381 2555
859 1258
1504 6099
841 462
8507 8629
6701 4841
5995 7242
5315 1914
2814 3020
8821 8738
1086 1760
163 5309
2094 1644
7014 1544
4550 463
1085 2002
5425 1846
9295 5935
9958 8958
1552 2742
9125 1803
4750 5637
5239 5618
3992 6013
6465 8530
1253 3796
6279 3468
6326 1274
1604 6251
1179 2371
3992 8788
7454 8876
5911 4757
3890 2913
9274 9073
4207 2344
5623 8936
5805 8539
7865 8084
8820 712
3006 3448
8630 5949
9651 9177
8574 4473
2932 7405
9580 3957
9813 2351
2274 9972
1095 4732
450 1467
2358 8711
876 679
6610 6515
5204 633
7388 796
9214 1473
6369 7151
4730 6354
811 5824
1208 6206
9002 9841
9400 8672
3581 5997
6160 2613
5684 7309
3170 9437
6301 1469
3370 9731
8849 4036
5342 2084
4696 9769
8684 7488
2413 3525
9604 4891
1503 9960
5282 5404
5418 8068
6624 984
8115 5161
8002 8763
858 6286
4956 7132
6634 3406
8330 9054
1801 8400
5379 2801
8780 315
4505 4141
630 6218
6525 7990
2419 8696
4714 1286
2143 2231
3558 905
6228 2291
5044 5752
5911 4559
7326 1135
1621 707
15 7918
983 6868
1935 6544
9831 7221
1383 8925
3754 8322
7650 5877
9046 7897
7873 8663
8980 1901
9649 6085
5070 9095
5117 3227
5276 9394
5061 5449
6774 820
5934 7511
529 4748
4300 9604
9824 8948
2632 7789
5289 1580
2610 9489
7935 3816
7289 9907
6491 7133
7818 9603
6361 8757
3089 2979
4704 2310
2675 1660
3852 2493
9919 513
3972 1250
2403 2185
9390 6743
9891 6925
1975 2388
7678 2305
6398 1404
7206 758
4582 1795
2231 855
3341 1282
678 5948
8058 2125
1572 6312
2309 7927
4071 7336
8378 9613
3496 8725
2412 3374
4458 3273
1921 9287
2836 433
9861 8900
6582 9603
4539 803
376 668
1865 7411
5693 852
2795 9546
3419 4776
3852 8884
2138 5655
5274 6960
9202 8651
5910 7527
5877 7350
2572 3961
3773 5233
4448 3363
4855 3424
6683 5128
1573 3983
9556 5410
7532 7147
4125 7150
565 5508
7405 2290
1329 2331
4840 6324
4063 447
7679 7011
1371 2479
2188 1426
9413 3596
7693 2813
8160 9480
6286 4802
7103 3756
5136 4808
6216 7041
5689 4552
8459 1232
896 6437
5326 570
3805 1181
2952 5304
5570 553
788 4136
2102 8163
8784 4822
5132 7340
929 1361
6477 8167
2640 9213
6757 9306
4486 4422
8691 294
5362 1396
2152 8090
6440 6581
2929 4306
7109 6414
7768 3889
4852 3869
9057 9970
9141 3907
151 9324
7376 7709
7886 4353
8792 6142
3664 6919
4403 6932
1329 5892
3799 9462
5415 8673
3000 8877
1762 2433
995 5821
7597 3477
8028 9218
9886 6377
7699 4197
6788 5131
8667 5729
4577 5216
127 9233
6023 6649
3760 1304
8867 2487
2076 849
3995 3548
8276 8862
8621 3665
8023 4508
2224 993
7999 5306
4374 2195
3130 8997
8005 8989
1518 795
4028 9487
9487 6489
4414 490
6345 597
530 5715
568 6752
2266 4591
1638 4754
6258 5417
7384 6232
8800 248
7300 7806
8846 6664
3263 9124
7259 9903
6713 2632
2659 1921
4069 566
3334 5407
2067 9133
425 4991
9805 101
5066 9499
8345 5012
3060 1320
7611 4652
5357 4469
5084 8268
9275 2306
176 9362
1582 9385
6634 485
8224 3212
6338 3345
1625 1951
5398 6226
7179 3396
2254 4796
6140 5806
5722 3379
8970 7472
7310 2587
4565 2162
6643 8697
3428 7384
4068 4425
3237 4451
6397 924
4032 1737
8708 5779
9197 6666
3154 6514
9855 3488
1009 6596
794 7891
8390 5748
7988 2594
8930 8950
2450 124
2440 627
8916 1170
2518 2546
1218 9729
3463 3376
4204 8136
2815 994
2756 4461
8715 8851
5690 5616
6715 4780
4066 4704
680 4090
2270 9930
265 3414
2155 9382
3111 2094
1009 5557
5818 5552
4543 430
5883 9294
9679 3395
6610 314
341 4386
7445 977
845 7102
6851 7518
4971 2017
3767 5755
8000 1435
1597 4082
4534 5358
6728 831
4285 4528
7237 2474
1629 4942
4292 4568
972 8443
1765 100
5594 7057
1802 2777
231 8890
5142 3546
14 7937
489 9087
3541 1439
5592 3444
9311 17
4097 1821
747 5248
9189 1998
5160 4103
9174 5842
7798 5031
1471 8176
4077 812
2491 7135
421 406
8024 7407
8459 8477
2551 4148
1864 8407
5517 4914
6527 6080
5153 3950
264 8810
5927 9856
9887 6827
6740 5232
5274 3617
7800 4770
9970 9020
4297 913
2065 718
7647 7970
9176 3163
6009 180
8919 2220
2272 1975
7582 3680
2540 2680
6294 4480
4201 6174
1972 2017
7105 6839
25 1626
5707 5980
8931 6571
3471 6730
5828 4304
911 4158
1494 6562
5036 9113
1596 2921
6782 4342
3774 2717
99 3477
9030 5242
9684 1340
4673 7428
2954 4479
5287 9504
5171 6307
5533 1150
1582 3300
5234 6123
9982 8332
5596 1075
1285 6614
5038 4369
57 2765
1719 5690
1690 413
843 8325
6567 3553
2086 2967
5863 4337
3929 4441
3404 443
1830 4601
9597 2836
3196 2301
5471 6069
7832 8564
5335 1402
609 3924
8738 8847
1617 2688
1067 5236
5482 5194
5668 1788
882 2289
145 1232
305 5718
167 3463
2954 8096
9113 4514
6052 2819
784 9411
7711 9892
4116 3162
7172 5035
3256 9518
5157 1804
4050 6739
6216 8633
8441 6426
5280 5736
4517 7999
2198 784
3854 8733
4255 3984
3301 5530
8653 4807
4648 8511
7243 1701
200 3745
5136 3169
3426 6419
4924 3985
9509 3958
8963 4321
1606 4185
9494 353
2931 6498
3634 7748
1760 5707
2205 4537
4596 8191
2474 3308
3488 3071
6220 5408
8729 4064
7265 4090
9498 1060
6901 5805
4897 7837
8268 7356
8528 9950
1272 6275
8375 8733
8769 7235
5630 65
4 4761
9289 5762
4231 2993
8157 5770
6616 5234
6883 6682
7782 9709
2089 25
6759 3625
540 1013
8336 5818
4480 4718
8132 1182
8374 8510
4211 6625
9882 7674
7009 8684
3646 3762
7836 5762
2394 8057
5556 6737
3050 1043
1684 5422
7134 5584
753 2469
6122 4566
6359 6980
6900 9136
635 7655
6660 6940
8943 1188
7380 9889
2297 1646
2398 6539
6855 5699
7981 8957
8061 9951
2269 89
6424 2037
6634 2312
3003 8969
1368 1158
2152 3154
8449 2418
4944 5159
4856 7128
7546 6871
5202 1378
5682 2300
8539 3366
2807 9601
9215 5056
9375 8618
4192 981
1698 844
1751 1118
2497 8388
1304 4829
9290 567
1733 5980
3025 8190
1071 9180
7009 5167
3150 829
572 9158
2941 6630
8999 3267
2672 3758
4896 1365
1537 6294
4262 362
4757 5839
406 9658
8240 2305
6950 4246
343 2300
6896 9317
731 7486
4388 261
3156 5305
8472 2886
742 2189
4733 7461
5413 9060
4858 3387
7036 3
817 205
8922 4669
2417 9704
4886 1202
4886 7351
1110 4701
4919 903
2252 7424
2330 8159
8221 5615
7498 8117
4941 2855
917 8932
376 4685
3889 6280
51 92
2808 8040
1912 9641
4485 5920
8203 2761
8174 4073
2683 5434
8806 8753
9387 4841
4373 3085
3908 6971
5751 5285
9893 6616
6965 3751
4781 1092
8859 4606
7584 5815
731 8337
400 745
9075 4547
1214 2441
8853 4466
3606 8574
510 3262
9498 1185
8267 1381
4139 4731
7808 3621
6759 2839
6701 9437
5916 7711
6227 4098
6714 1673
7294 4588
2705 4562
3522 6649
3026 9834
7493 6016
634 5252
2410 3087
272 9611
3531 8460
7742 32
1336 1467
3629 7954
6065 1647
1122 849
4778 5901
6647 6916
2163 1746
6327 6562
5208 3528
7731 7735
2579 9666
4749 9473
9882 1493
3734 3827
7709 4530
5740 5066
0 1393
4491 8175
6923 1251
1391 8436
2953 3726
9438 7338
6659 1061
6865 1096
4126 5762
216 5473
6161 5026
869 966
3316 6073
6037 2568
6590 9958
5512 6937
4431 1703
9209 208
3253 355
4213 9143
1670 7960
7908 8784
7829 6898
557 10
3386 8331
5786 8058
7003 7532
773 8064
3334 5967
7607 9745
9986 5002
8454 9614
4202 2049
8051 9958
7563 5141
9516 4837
3257 2447
2802 3821
1524 7169
4492 4132
8927 1230
2939 7568
6354 6291
2761 4903
4610 4337
9418 3898
1340 533
3926 7665
6342 7254
396 6369
2684 8544
8797 4953
6746 9758
9533 2822
637 2649
5720 7855
7758 1186
2961 5339
8421 3851
930 5668
3566 4604
5313 7752
8219 6131
858 9406
3999 5473
4303 3202
4267 3554
6863 7988
8381 5507
2307 3316
8703 2788
9240 173
447 622
6353 8497
2975 1086
874 5179
9673 4930
6705 3670
550 6671
6969 6864
9508 6116
8918 2421
8771 4545
6525 5304
9595 4896
3522 1636
3302 2744
3835 4829
151 7740
9440 7167
2294 2606
5495 1599
1172 9622
9214 7677
5714 1844
6076 7317
243 8670
2628 1865
382 511
3396 4831
4138 9596
9647 2025
9802 2092
9148 6983
8101 3586
2056 3964
7406 676
2444 9284
7728 5673
5945 4972
9231 3058
7168 3238
1853 9613
485 8151
7552 7136
5816 277
6917 2775
828 3264
2502 706
721 6830
814 2195
9239 1428
4547 518
9605 6244
6045 6250
5596 7452
7089 4768
4623 7039
5554 1582
6040 9196
8447 9880
2080 3205
3872 49
5471 1685
2204 7786
3108 9372
4936 6637
449 1092
6161 7508
1359 2849
979 3246
1443 384
5153 9189
140 2663
2964 1594
491 3089
8330 7639
5463 1716
105 5168
6308 8130
271 3216
2824 9167
8361 6285
7068 1867
4126 6706
7993 3157
3680 6088
1365 1152
2382 5819
4905 5110
1990 3247
7994 2199
5567 1572
3242 2917
5948 6033
4257 634
6177 8835
9713 2783
8373 3377
7496 5559
3995 5929
7752 1481
1543 3994
5474 5043
7801 6562
4345 2515
7982 9909
9168 6984
3415 5
7952 7320
6432 244
5180 644
137 6902
2859 8048
6540 7018
1761 1828
3038 2706
2549 3437
1557 8075
3210 4453
8532 581
852 6861
3537 7818
302 6475
4982 6700
1920 8543
1139 8976
6736 6304
4332 6756
3816 8148
4870 4184
5291 8805
1931 4995
8199 9626
6950 2842
7015 3731
8097 4101
9085 1692
4375 7393
8882 5405
5483 7287
8045 7368
2282 9333
5962 2404
3441 6103
1831 3173
2931 884
2650 3339
9613 559
983 5795
3256 631
8152 1829
5232 3740
766 805
813 7547
5066 3698
6075 3733
9322 1931
3523 9086
2395 7494
4310 1555
2176 5577
5874 3950
3043 4999
4553 8772
3228 8565
6971 2727
4275 3726
203 724
3852 8602
9765 4023
3184 4844
1474 7152
5331 6870
3487 8196
7981 6705
4444 9271
3914 6452
1349 260
855 8390
8182 581
788 1699
4967 877
2259 6144
2094 6210
2569 5207
5146 4404
3553 9010
5405 7158
5331 5150
1094 7327
1583 3744
9154 9934
2930 5097
3721 3547
5570 102
1392 6825
841 5091
6129 9861
1498 4879
4095 5066
165 9324
8566 9061
7845 2901
3984 7245
2 4562
4397 3996
5643 8253
7909 572
8667 2888
5031 6522
7851 6899
7673 7100
5429 2078
2444 830
6539 5368
5922 6797
8270 9752
4806 2661
6289 2570
9039 1756
8772 4569
4570 7478
9755 9457
5255 8614
7915 4530
3036 5301
2390 8084
2878 2197
5052 8686
1008 8873
6638 7516
5189 1226
9193 2087
1490 5355
8051 2184
6632 7190
9548 6985
1783 2860
6294 4163
440 2612
6488 1721
3927 2097
3817 1987
724 5646
77 1069
7189 4373
176 6709
2537 8783
1822 4629
9222 1039
4448 1129
9064 1141
2542 6703
2938 3527
3439 154
658 215
4628 7094
3350 2628
6618 967
6050 455
976 5418
6312 3802
5191 6577
1696 8873
1829 7189
1110 6093
1859 2227
6092 6598
3021 2280
2989 2305
1800 3096
9499 9527
402 8790
6502 1243
3251 5345
1291 7912
8882 7098
6629 7194
5307 1410
626 2112
3410 8875
9365 9042
4400 7095
1267 300
1254 6409
5499 1350
8212 2064
586 4019
1625 7489
9333 3777
9316 3597
2503 8860
6909 7730
7468 7576
9206 5752
8602 9395
8517 541
7684 8898
9868 6201
4991 7031
4005 9582
9159 8623
5633 2162
3894 4485
3070 7122
110 9488
4911 7944
9092 8619
3811 4544
9072 1848
5381 5130
8953 8079
8761 4740
9172 7451
9853 9781
5582 9723
8635 6197
2435 1667
8144 6431
5709 2201
7668 5899
1671 4479
6114 853
609 9330
9256 5848
7374 2822
7683 8596
2378 3176
1961 839
4339 1572
4067 6384
9359 2987
354 7126
7314 2771
6747 3401
8234 7499
3682 7179
7846 4868
8070 5976
778 7061
3706 3231
6535 9370
3783 7090
5865 3318
7 9670
5948 7146
134 5842
4993 1919
2452 5496
6179 8690
3341 1011
1972 4423
427 1985
9366 4500
4703 7259
3468 5171
2761 7678
6687 5192
925 6012
8349 6799
944 6989
3672 4142
633 9694
1709 9847
8116 4763
6304 5681
4993 7990
1244 7900
5315 2634
8228 1948
9707 7485
8030 762
7745 7715
8047 3641
5517 5619
9571 1016
4770 3116
934 7575
2864 1051
2398 7606
7595 4854
3348 4827
8069 2960
6993 8668
3589 4511
4499 1863
7309 3084
58 2027
7615 9642
1311 162
6029 6920
8814 8584
3706 2479
6627 1690
6886 8765
1398 6619
5841 544
8659 655
9088 4135
6557 292
1915 3207
6126 7814
5714 6107
3962 5682
588 6843
7716 2511
7179 9120
3540 5558
4492 1118
1979 9409
8254 1533
2727 9953
1073 9289
3039 379
619 5365
1767 8987
5188 6227
7896 1301
7954 9238
4345 9455
1462 9293
1123 1708
33 2717
5145 3986
6033 9196
2421 4891
5754 691
2959 6691
282 981
1177 2753
1857 9584
7072 2373
5887 596
6829 6648
456 6700
4190 7989
7902 2338
7763 3572
829 5286
7030 3830
8534 7892
490 8071
5843 132
463 6216
9973 9454
7247 6840
6317 7545
8977 2810
1476 9508
2528 8045
4622 3478
1525 2417
5000 4333
1262 3381
6334 62
3996 834
2933 518
6156 7945
6528 4476
4929 4280
5248 7118
844 3649
3695 614
6859 566
6809 7703
9936 7217
4440 9320
7453 3634
2359 4033
3667 5870
169 2593
600 5003
4200 5084
2303 3592
2274 3704
1822 2446
3295 609
5906 1822
7437 4385
7214 7925
3373 8447
9109 3837
7815 5105
5808 8200
7699 5408
930 1102
7564 9555
3746 3227
2031 4539
5431 1870
3217 7281
5525 4861
4679 3096
5613 5184
1078 5538
1055 2907
9315 2558
8538 469
245 3052
9182 2850
6378 5577
3253 6208
1019 3949
4269 1855
3578 9294
5362 5752
107 4375
19 6336
7079 3799
7027 6289
366 4234
5313 5252
7234 636
3535 7967
7022 7756
8298 9875
9409 6231
5412 3480
9253 6340
7522 7615
3194 2867
4031 9664
5833 6282
9003 6078
8555 8079
6912 8113
1540 333
7502 2932
2169 7168
8731 6122
3293 8128
414 9423
6486 9965
9744 2348
7152 5311
362 7577
4838 7476
2897 7649
9392 8959
8272 7710
5866 9670
5107 1280
9730 2773
8874 1374
5472 2225
261 3398
5985 2059
170 8531
1426 8000
2858 2003
6048 465
6939 9042
1070 3765
5265 1046
1214 8388
1054 4016
3557 9568
8961 6574
5770 6533
27 6532
3737 968
9887 4406
5812 6544
5164 4892
971 3599
1103 1971
8991 1192
638 4944
8531 5967
4144 7358
9301 4346
4314 7806
6418 2281
9332 2681
4916 6946
7644 9842
1150 8277
2155 7650
9089 983
5658 6583
9946 5155
8044 1957
5167 8612
6450 6266
2300 9367
9661 102
8172 7720
9309 2970
2360 7033
6942 609
9658 8555
405 9816
5402 426
8180 3589
5504 1193
109 2939
4753 6066
4081 2056
9897 3025
9702 4454
7448 3416
1100 6360
3449 8781
3037 9596
198 1902
9244 4426
1385 4288
1346 7503
9 8239
2499 4830
7072 8405
963 6246
2896 6032
5720 630
3630 6064
3801 608
6747 8243
2988 8006
7384 8614
6854 3409
9621 2432
1821 7531
5762 7588
2915 3153
5392 6815
7535 103
327 9893
5650 5053
4393 566
8821 34
7763 1043
7930 3442
9089 922
9787 199
3223 127
9951 4219
7108 4194
242 8772
238 708
5150 2221
3657 5525
6143 8019
3699 5568
7965 8689
4869 5371
4144 1331
719 9439
9477 2613
5750 6377
2508 8905
906 1919
8000 7589
4259 8910
8376 7648
9571 3926
3621 224
766 8531
4375 3883
3249 9087
6145 8020
1014 3215
2664 7661
6000 7772
7908 2127
2326 2881
4618 3166
2752 131
1038 9742
1681 7911
804 5984
6426 5834
1088 4592
9953 7771
945 6836
8658 8191
3506 3144
5602 4599
9312 3035
7122 3612
5165 9561
6023 584
2764 7526
643 5934
4753 5790
3726 4655
5341 4425
2508 5166
7512 7647
3596 4429
7672 7565
8272 9311
3708 1522
2424 5833
9941 2972
3250 2598
2126 4985
4346 3406
1074 4435
7006 3237
1468 5170
6571 560
483 7918
1573 417
2752 4060
9274 7855
251 9972
9703 4794
286 6344
8350 4583
9132 4047
448 4824
6142 253
6330 3547
531 6111
7553 8668
388 8086
7203 2261
2500 9889
6746 4681
6312 9466
3967 6449
9762 9864
9789 4086
2439 4985
653 851
8132 2428
9606 7611
1103 921
9566 2657
9002 7623
5301 9604
6078 1358
6122 9895
3163 2449
4181 7652
2717 6863
4294 3250
1219 1374
2010 7931
3286 9468
5688 4804
7783 4473
6594 6576
1869 153
4597 3680
43 8063
1421 9053
5461 238
6710 7217
9946 1386
1544 7094
5969 7710
2376 81
9133 8503
8078 8732
9700 2033
861 9094
2955 3939
2804 4439
9471 5683
2877 1086
5019 2577
4887 4538
289 2913
4814 428
2166 9809
7549 946
1678 1768
2644 895
2499 3708
9050 1776
4645 2493
4416 7342
5846 3956
852 4423
4610 4560
1685 9054
5807 5212
4067 3772
3636 1972
2047 9434
8797 7450
8530 5728
8706 790
615 2169
261 5707
6915 2504
8527 7360
5596 7834
1308 2808
6779 5502
7158 2512
3117 9030
6301 2854
7850 3176
2319 9625
6547 7880
148 8883
8662 5773
5910 5244
1131 6776
457 5426
6768 2405
1358 2684
6808 2562
6 3436
1166 4515
4800 9694
8276 8606
1992 8551
987 3740
1986 2552
6555 6084
5585 5529
7099 6343
6933 3149
1734 7352
1042 8871
4041 5722
1902 7428
4360 7371
1958 9929
3427 1895
4398 2779
7129 8745
7334 5914
7697 9899
7816 4465
3346 1791
9188 465
2805 8334
3443 7979
5043 5365
1472 191
9326 4453
2378 8885
1773 1937
7964 9489
2566 2299
319 5680
785 2376
729 3857
2240 1547
4056 3132
8204 7620
8425 8820
6363 5054
8537 5989
2546 5571
9032 5441
2346 4690
612 8632
1868 1955
2387 5012
3419 3120
2750 6729
3801 44
6770 5311
4537 4135
5249 6220
8709 7582
7955 2252
7546 9361
2667 6881
7962 5530
1890 4765
7960 3455
4674 1140
2234 8509
9720 6189
9971 6220
9833 2700
237 8232
5188 9464
157 7254
4538 4565
2646 4638
6567 8361
4145 7255
4552 2844
5966 1038
9341 5772
969 8643
9418 9834
7950 5102
5475 516
101 6666
6917 8702
1556 6117
1560 1208
8243 5650
5482 9349
4379 1674
7360 5043
7417 4901
2895 2150
7840 1397
7780 6837
9693 6206
801 5099
238 6509
6917 5979
9554 4426
7673 2356
2521 1327
5335 9826
2100 8495
1428 9689
7135 4834
7965 7814
9631 516
6170 502
228 6898
486 9309
3731 6862
2226 860
804 7775
2524 7331
7497 584
9895 1133
9810 8847
8366 274
3441 5931
8419 2804
1707 1093
9504 4659
4184 7691
6048 8585
8566 992
4841 9397
6891 1325
5349 5706
1364 6057
9780 9019
3428 7184
3298 4080
3548 3714
8870 2951
8293 9505
9811 1509
5071 7379
1665 5161
3218 3414
334 2160
4637 5524
579 4204
3880 2549
9397 4117
5264 9805
9581 8276
4647 4572
811 5994
3076 7032
3442 5414
5806 4205
1925 4064
2028 9133
7869 7426
3359 2286
2116 2897
7054 9235
2837 4328
8144 7606
1188 4486
8913 5092
6885 2234
8364 2392
990 5517
8839 5996
4533 4871
3195 7801
2202 1779
8304 3630
8932 1726
3632 6659
1143 88
6119 4938
6632 3450
9744 5122
4920 174
6257 8804
3013 686
3306 1900
9423 6991
4530 5699
4503 6335
3174 1025
285 8704
209 6258
5579 743
2933 8089
7525 3064
2151 6282
353 1952
971 9805
4972 1959
7573 1452
8083 9329
8202 9877
5980 5708
4320 5879
6036 882
4028 3507
6074 4849
6476 59
2855 2452
396 921
9284 9403
6450 1681
2174 9270
6883 9802
5724 7778
1489 3517
5985 4982
6234 2097
7319 8429
5201 4956
8951 1341
6090 4819
8182 2007
2045 3195
6556 1353
959 3456
2822 3651
3465 8708
1613 7077
8694 5980
6430 3507
6476 306
7928 8393
4267 862
6255 9283
3492 6834
590 6427
1980 4100
7045 2822
8466 3688
9333 9487
3136 6706
6154 8827
7555 7319
6621 4621
9915 4563
2904 4747
8661 8567
1774 11
1918 6549
8642 3167
6400 5312
2931 8021
789 1050
3044 6769
7192 8893
9786 3775
3240 3594
7663 7056
7070 3617
1360 4272
4301 4692
6750 8517
8635 8410
4941 3179
7493 452
3643 8968
9112 4000
9505 7687
9141 6446
7106 8788
8642 7753
8783 5554
3543 5115
3381 104
9643 8465
7354 4345
2765 3344
2698 9422
9494 7455
6470 2027
3878 9789
1508 8649
8577 9786
2098 8631
4121 8035
9415 4607
7889 5033
5559 9769
2717 3802
1060 6007
865 9478
6428 5622
5357 9945
6611 5280
6757 8453
513 2361
904 9364
7611 7671
8811 8818
113 7619
4137 1281
4063 450
3754 5804
3915 7152
908 2610
4903 8747
4124 5281
4272 2230
4374 8794
1928 4955
8266 3849
5026 2859
2472 1675
7012 4773
97 8498
1721 781
4003 584
9523 4726
4072 9202
9429 9104
6004 7323
4650 8074
8548 4355
1246 398
6019 5743
6017 4138
3542 9579
9707 5840
7388 6927
100 7126
4656 1471
7960 7706
2753 8812
5817 7794
4889 9600
8529 4880
2955 1598
1129 9417
2523 2300
7299 8356
6190 7223
1523 9485
4464 3065
5349 4621
6537 3718
6093 2322
6432 4832
2031 4235
3436 9742
976 3511
7508 4764
3600 9578
516 1358
5145 4836
2697 7755
2114 3359
1161 6619
5350 8418
2729 8805
5949 2792
4729 7576
767 9903
2136 1447
8758 7863
9652 599
6367 7486
8894 887
7213 8792
473 8115
1705 7184
7906 216
5530 9216
4253 9583
2883 6828
7448 7574
1564 9734
350 6304
4329 147
3805 8354
4206 6914
2209 6187
3590 5921
216 4874
9444 5079
6781 2808
5051 388
6051 2441
6166 3917
7740 8490
1405 4362
6812 9151
7731 6512
4426 6988
7828 8875
5004 9407
7311 8928
7968 3865
7418 2746
2680 478
8433 6983
6 2792
6337 4343
3033 1486
6616 9600
8029 9732
6876 577
5105 1188
6112 9001
3132 795
825 4753
278 9963
4401 6131
1641 8802
9374 551
1748 8667
9214 598
8983 6972
5939 4938
909 5215
6528 4861
3715 7991
8955 6468
245 3456
188 8506
4 1488
3860 1968
9693 2403
7477 4117
3099 7019
8380 2901
4315 7401
9330 545
3728 611
7992 5103
8604 7929
3365 9938
4797 5314
1688 6893
1392 7449
8973 8874
8406 2188
351 4185
6407 2537
5072 837
3089 6504
9116 5908
7341 5616
7104 1097
972 3446
5391 3324
8869 2992
438 5873
1527 9459
4298 1510
7875 6223
4054 8239
1853 8029
9316 7256
7296 5332
8756 3332
319 3374
5014 1148
8500 9938
4909 5783
2299 9900
9797 7636
5110 3643
6077 1711
3217 3349
470 9356
5161 9270
7873 3771
2906 1487
6421 9667
4249 8442
3392 931
4633 8692
4325 3232
4287 442
6630 9920
2531 3673
8091 2332
9968 6677
9820 8075
4901 3389
8177 2220
628 2083
5079 9751
71 6018
1174 8470
7981 2215
1510 7681
7974 1728
7312 2520
4233 8888
6712 3766
4153 8720
1285 9709
1632 2294
4940 1661
5888 9906
6825 5887
5384 722
5872 1415
9593 9147
2062 5378
2716 6181
1882 8750
5332 7679
3547 9950
7188 1203
6438 7429
690 8415
5134 3223
3484 2996
4321 6447
229 6349
6811 3445
4296 6791
6836 2053
3695 3228
2571 4608
9423 973
6587 845
6063 3956
3005 4187
6948 7635
260 6955
332 6816
7976 5602
9021 8403
4225 8641
8820 8263
665 9110
9079 1911
3995 5136
7129 8288
1994 1420
787 9994
1312 7956
4115 6513
6225 2953
8454 2060
8567 8406
2468 596
2834 8353
5386 6420
8778 1351
3205 5125
492 4471
5691 7689
2167 6426
1951 8134
7477 7276
7720 6445
7729 1761
3196 1127
7187 6579
6390 6282
6083 793
8826 3076
5655 259
1828 452
7981 2929
6937 9673
47 9479
6757 193
8206 8208
2858 192
1728 7884
3785 3932
1393 6710
5262 163
5139 2321
7226 299
599 1548
3157 513
5747 3370
4890 9675
7439 5671
6838 478
4036 8343
8000 9564
3549 6603
5596 1170
9568 4380
8467 6235
8579 8224
3715 6037
7735 2382
7351 5845
4437 6412
1642 9339
4408 8933
1576 2507
9352 5158
563 8129
2938 4235
5821 6156
2138 3041
9602 9846
4977 5538
4656 7754
756 8759
9159 1021
6031 1302
8359 8992
1032 4982
5130 7930
4953 2138
6736 186
5774 5603
1296 9962
5818 8753
358 7224
9083 8830
630 3153
1327 8685
6951 6696
8879 781
9552 7676
3888 2078
7340 7200
552 5499
7576 6097
2103 2763
4237 4010
672 5898
4497 4001
3659 9787
8793 7536
5224 8083
7266 1815
5131 4490
410 695
9428 8700
6227 6851
6526 6986
1834 9978
6943 1674
7068 3821
2086 3641
6413 7895
2312 5131
2736 8534
8802 7301
3691 6995
8069 7849
4427 6635
5628 4920
6943 8313
4769 2199
5848 5942
4840 9468
1992 5227
7455 4859
3728 2922
5099 7331
9572 6885
7581 5162
8458 9651
6992 8958
7435 3160
1388 9769
9974 4602
5308 2553
852 4618
7550 8012
4009 4056
6481 3173
5406 2090
2698 4353
853 6595
9379 2872
7736 2927
4843 4332
4543 8250
1863 9476
4762 8817
3086 1171
3958 4414
8005 590
7193 9
4743 6916
2208 6346
5286 4672
4260 5941
7383 3889
3567 9409
5251 7695
9789 5697
8420 4359
9408 4152
3597 3885
3062 9969
7821 3386
796 5198
1794 7321
6184 1089
2461 788
6350 4203
3648 8109
6039 5174
9302 8370
7116 3775
257 7677
854 6524
624 566
4295 978
1887 6050
6818 7215
6979 2829
1600 7057
8749 6222
3948 2528
2330 6751
2380 4162
5552 2694
5696 5117
7967 6636
9464 5573
9731 8162
326 5189
5068 8374
1280 8367
5490 6051
8290 5872
9793 7723
5885 7560
9512 5527
3717 5568
2031 6983
5051 227
5818 5953
4023 1825
6386 5327
7012 1782
5652 7868
9898 3057
3720 7623
8443 8379
623 8044
8988 6578
4075 1141
4630 7525
3257 4530
4656 2484
7995 7972
3492 3459
8642 281
1820 5912
6617 2697
2095 700
715 4865
5469 8678
3117 783
8749 7620
8123 8258
240 8963
9613 9553
2544 2989
2354 7596
5587 4140
2922 3397
9707 115
1294 7941
2179 464
6426 8474
3694 4987
3010 1564
345 1251
2773 1676
382 5340
8279 9827
3552 9553
1407 5215
345 8068
4294 5456
8717 5108
194 9534
5660 1611
6100 5656
9263 8029
8566 3939
7972 7383
9513 4808
7928 9526
2182 8811
7173 8042
7387 3775
5937 8674
3448 8386
2636 8941
488 9146
9390 1325
2693 7877
5573 7121
1325 5407
3207 7190
9826 2243
9732 6526
8817 305
4238 4582
9744 4184
7558 299
8993 2609
1819 8103
866 4933
9247 9650
873 6370
8731 5759
7596 5269
2121 2279
612 4935
9352 6151
6716 4016
6624 7299
9259 2137
9957 6631
4165 7166
3051 4048
4114 1662
7398 5824
5026 4552
8662 6163
5296 2285
6645 3690
5584 2141
4587 7155
4734 8252
6473 9375
8714 4987
7652 5807
3366 6295
5732 4763
2986 4516
7105 4227
126 2717
962 9741
472 9827
6933 605
2477 4520
9223 7748
2199 8281
7541 2457
729 8161
8475 498
1576 4779
7451 7339
7712 6974
6949 9780
6232 6580
584 5395
141 3587
4117 2765
1598 3918
6076 3537
6222 3285
9651 749
2425 4884
6083 18
9941 5924
8800 9302
3496 7529
622 7573
221 445
1617 615
9281 9910
9291 9346
731 2944
5612 8462
8865 3444
9937 4243
7594 7180
335 6483
6027 6188
2674 2428
7980 7013
1288 588
313 2329
489 6360
9194 7547
3357 3135
617 3139
939 2111
6183 1988
6775 4808
9659 1568
2096 1176
7256 6178
6464 4340
8435 8223
3134 7313
5105 1627
312 6785
4683 513
3256 7763
8790 7145
7981 643
4365 9683
416 9577
8957 8605
1283 7265
1543 4663
5406 2171
2668 5747
2456 6515
5865 3610
2459 6104
4249 945
503 9440
7074 8419
3856 276
439 4927
7366 5087
7235 1098
6350 8516
2644 5876
2763 2961
5537 8481
4635 9200
5705 7330
8715 4185
1778 5107
6831 9900
4361 2817
6191 5657
7050 6009
1284 2967
8435 5085
2803 8173
9644 824
340 9327
9007 2924
5414 873
9575 7419
2044 7647
1540 6149
6764 9269
2630 487
1986 3947
6269 5341
8390 9781
4721 1849
8622 8740
6545 6282
4648 4432
7455 1386
7108 7434
8056 7346
8505 3966
164 9478
6396 8432
129 8403
719 4181
269 720
434 986
5335 5819
7351 6578
731 5398
722 9376
605 4662
9351 1414
9453 8152
2420 7102
6265 6445
6300 2375
8035 7454
994 4771
9503 4055
9878 4200
4788 4598
5128 1840
1206 8870
1408 7945
8899 5851
2134 6228
6910 3764
4213 7158
2328 7311
6891 2533
5779 2017
5187 6031
7485 2409
2740 9622
9239 7579
1586 6007
3095 3438
9969 6238
6009 7742
2743 2765
8152 1276
9331 8390
7903 8020
540 1733
9859 1575
9469 2425
3009 1953
1631 142
5441 6808
7415 6048
8803 7553
2147 606
3061 634
5038 7865
9240 2640
2145 5677
705 7604
4103 2751
7813 4153
8545 5060
8098 8295
1307 5082
2198 6713
441 3204
5737 8233
4986 4393
8289 5638
8141 9866
4012 7477
1328 3377
8519 4977
3806 5609
1950 6841
9961 9465
4829 5106
7520 2125
6867 3984
1116 8443
8678 6816
6648 9827
6389 6949
8147 8678
8103 9948
3082 528
9653 7887
5010 2607
5471 1092
9843 2318
6198 6562
5248 2622
7812 3621
4131 2303
5279 5468
5321 6373
2291 1483
6282 706
2075 9073
2088 4996
8878 3440
973 2048
2695 4101
6774 151
2830 7276
4636 6240
2118 1924
7387 1097
8899 6815
7263 1849
8264 472
8887 4343
7933 3875
7265 411
5768 3053
8294 1095
3538 6788
1973 1766
8232 205
2275 8472
7257 4352
2818 3946
1847 1798
6618 8736
3909 9633
3219 3189
8090 6103
2016 5710
1457 6284
4769 8316
2330 1211
2435 2404
7815 1969
118 988
7847 4431
3850 6342
8561 4105
6315 8498
3560 8844
5535 5525
3892 6754
4568 5931
1953 2415
8844 7933
957 1782
4881 8860
4459 1086
753 1442
5054 9671
6080 4681
157 1612
415 3182
234 6872
1179 1179
8708 3851
572 3516
4614 2943
1426 6085
7293 5146
6350 6667
9956 5727
2960 3101
6542 2816
2182 2130
1416 8706
2388 3417
8272 9098
9109 4675
8165 7073
9964 3486
2002 1943
4304 511
2613 3501
22 5876
1687 1240
8033 8141
7191 1143
450 2477
4179 7039
8165 6035
312 782
6694 6207
4238 6816
6971 4617
1379 1506
2000 4552
9940 5091
5761 9901
6400 6202
8079 263
8865 5821
6940 1975
4036 7287
6424 4330
750 1347
6119 7288
7779 3138
3165 1338
7919 3660
7134 2498
7641 4931
2170 6237
5503 7441
8318 8954
4213 7213
6834 8179
4780 2448
5115 1712
5717 6525
2112 4411
4913 8387
7858 6294
7239 6426
9213 6127
8247 7345
1183 1048
3133 6098
6616 5699
6025 3790
805 9226
7520 522
6262 7204
2894 3620
8928 5796
3188 8087
4617 3552
1500 3474
9511 9307
8642 8764
3511 3673
8192 9871
5425 9727
7595 4915
3776 829
4981 1396
4469 2722
2407 5292
9384 7869
4380 6109
7501 8055
7794 1154
4090 4598
3341 2848
3073 5776
8107 3533
1147 6598
2298 6454
9983 5510
7578 8808
2475 4094
4911 9801
2133 2674
2896 6624
6757 5680
7585 8064
2906 8581
6814 1287
3519 5299
176 3443
9955 815
4439 803
528 8783
8582 731
38 3837
4165 7658
2159 5866
9147 7314
2097 9286
8491 2485
9043 2529
3918 4611
3510 3277
3461 3798
8642 9773
9466 7432
8690 3451
6712 5966
124 4329
6257 8475
2766 8055
6355 4939
2773 5974
1516 7500
9819 3130
5596 5597
2373 6233
2435 5413
2771 14
6384 7192
3696 60
1656 2103
6160 5122
1505 1682
5783 8739
5851 7398
6672 1382
4796 5256
1227 266
9615 7087
9240 203
6743 9539
30 217
3887 6256
8097 295
9890 1915
9239 8125
1937 4648
5622 5893
6107 4640
2627 8011
2833 1239
1469 2362
826 9789
4255 5177
1676 4276
2192 7459
883 4754
4510 276
6236 7885
2008 5937
2492 1705
1421 3388
6355 3256
4452 3661
3675 9621
7137 5462
5272 9215
8909 6157
1131 4350
6469 4477
7881 2216
8695 1286
1003 5085
8953 7445
5556 4152
812 4535
5534 6250
9891 7656
261 3451
4512 2801
5430 4362
2903 6042
4910 5239
3437 4957
162 6351
2200 1912
4881 5894
5124 2901
9230 971
1634 6510
4942 3541
5871 5370
9342 3502
3205 9802
9013 5341
2032 8194
8944 9054
5349 7754
6701 2121
4124 3652
9912 2838
4504 4358
7871 4409
9535 4950
5990 4278
9785 9704
7629 9012
5583 8117
2819 666
2098 3552
2003 3975
5724 7422
3969 1169
6208 481
6360 4151
3415 8702
6777 3029
9728 2926
7934 3095
7477 7587
8456 1089
2636 1303
7824 1573
2858 6791
6749 117
1642 4288
7416 6201
9786 4829
6364 9224
9532 9211
8233 3978
4044 3772
9889 3832
6580 241
42 3730
7107 7699
1615 8920
3169 8261
6507 2206
6018 2920
2989 2929
6818 8563
5062 9119
7349 2111
7117 4370
6217 3414
5280 3564
4545 273
5423 1809
7401 9461
9655 4096
4623 1944
7018 1762
7817 2910
7417 763
2194 9840
145 9876
4940 6992
365 4810
1767 1755
7091 4529
4061 789
6187 2652
1950 5184
931 7346
9824 9435
947 8508
1367 3341
5072 827
348 6322
5420 7921
6119 518
5903 5253
570 3242
1831 50
9400 1795
7553 3489
3422 9971
6246 5370
6070 9179
7610 7760
1637 387
7404 6473
5464 4904
5992 3232
2356 6804
3903 3710
1669 7936
2053 5540
2771 1487
475 7416
1598 1016
155 9741
8547 5288
3928 4669
5928 2257
6838 853
7271 9003
4050 471
8394 2232
6303 5290
5438 1609
6061 1827
6775 2751
7663 9089
1726 1463
7850 2203
5608 6359
5532 2072
8395 5121
9272 6151
7570 7322
1283 2362
6680 7515
6541 5021
7980 1607
1685 1784
8260 5815
3792 3338
6890 3979
4805 6476
7621 1578
3897 7269
1698 2991
9585 1339
5020 1985
4937 7546
4988 2721
7424 9312
4475 2914
2387 6471
9290 9886
9476 8078
2414 6013
9180 4253
5632 2152
7060 5922
219 8988
9300 6474
6570 205
652 7469
3581 2832
4593 4597
9378 8887
8165 3415
2271 9636
1562 4659
1487 6449
4179 6556
3545 939
5141 8102
1802 5318
3649 7118
1697 4427
5307 8047
1559 7599
7690 9807
1882 2853
4310 3975
2831 5942
2043 6033
6288 7588
5117 4036
7384 5029
2274 3234
7245 1558
8605 9540
1756 888
4220 9112
2338 7635
5222 8684
8885 3301
2195 2888
4695 5397
5373 2265
2354 8898
4903 667
7403 5623
7532 6930
8131 8375
6753 6225
8485 9677
5384 2674
3575 1242
808 4501
5608 4297
8610 7692
7141 6402
6904 8540
4136 2926
8300 7605
6260 4900
1136 4089
8939 8224
6621 9217
4050 3919
3880 4524
61 8975
4916 7636
8896 4
8380 478
673 6349
726 5883
2061 590
4352 4602
184 536
2759 2966
4524 6183
7119 2385
687 2101
7580 6903
7373 1467
7085 6512
258 6331
1887 5845
4193 1643
774 8773
6333 2854
5325 3798
9264 5658
8823 2713
126 4794
6832 6663
2924 3218
6249 6636
7240 3505
4021 947
3746 5584
7272 1029
8277 9207
2859 530
3755 4804
4985 7266
1282 4465
6792 4
3774 6013
9643 3639
7519 9719
6818 1559
1601 4752
106 6354
5660 499
5829 1579
6197 8023
611 8832
5948 2420
4555 1510
7970 9442
3329 1342
5954 749
2173 2488
7658 9624
2996 6629
3488 124
4390 9296
6507 4084
7316 6772
2954 2390
5458 2281
9949 908
4064 426
6643 1315
6407 365
9211 950
569 2136
5217 1612
5678 4677
2738 3699
8899 534
3982 7163
7302 9703
9814 1640
8723 5204
2841 6390
7006 1715
9216 1846
793 1595
9016 8181
4750 5922
5809 6942
9393 1869
6592 9486
9597 1864
8547 3077
169 9437
2660 3490
82 3559
5974 5128
6615 7532
3962 3961
1546 9550
2909 1293
1618 8618
4508 5169
8160 3490
5200 6235
4103 2818
903 41
2078 3291
6013 2645
6851 6055
942 9173
2753 2155
1613 5947
4113 8087
3467 3153
9729 2075
1177 714
5111 8543
7249 5674
2337 4557
9763 7307
9924 8628
9633 9269
3299 2461
9207 910
3734 76
9462 8131
4180 5302
3898 5273
2185 1808
7009 9473
7181 5202
8150 423
8368 8649
9263 285
5605 57
7934 1951
5739 6234
9409 5993
4884 8934
4269 8074
2460 8641
1090 7720
9681 6358
8137 1738
5223 2143
4979 4800
7384 2461
9315 5476
9142 6293
3094 4327
6926 150
7853 2062
2041 5735
9740 8449
8795 3518
7181 2029
8864 4495
3788 8451
4386 8345
6708 9983
6380 6323
3672 8115
9635 4464
9852 7998
4410 2768
6151 6328
7169 1386
7392 565
1399 6242
9935 2372
7304 5293
4086 539
2421 5026
3618 1076
1258 5600
6884 988
8723 8636
6875 1363
4039 4660
1579 9925
8558 511
5071 3859
2174 8921
8979 625
4212 8929
2338 5499
8727 8231
9161 331
942 5488
8765 7654
612 8572
7713 2447
6466 2077
7988 653
705 5696
8087 9428
9147 8374
3846 4722
9658 2913
3046 6563
4908 73
6228 4777
8687 269
4461 2505
9186 4037
9302 9761
2760 8129
6162 6841
7141 5686
3638 4546
3068 2333
9659 7501
2613 9448
7726 2690
3461 8218
8566 7776
2654 1983
1730 6888
9294 6153
6916 6295
4780 5665
4956 3613
2611 3874
4066 2356
597 7767
7747 9749
719 3708
111 2637
5588 3164
8317 5051
2120 7627
6624 9287
3280 7100
6582 3707
3388 2008
9362 5139
9236 2061
5780 630
7843 4880
7832 2829
4173 6275
1778 7419
6581 6236
9058 1145
1420 2638
5370 8693
6985 649
7228 6351
4525 6916
2538 4992
7968 5439
1551 5149
81 2199
2949 5778
5172 4979
2713 7760
7372 6812
1785 705
2890 8649
9257 9858
4964 965
2575 1932
6770 2175
3690 6187
6836 5101
7135 4383
4411 990
1593 9253
3091 1329
5702 4365
3627 5180
814 2220
5163 3681
664 6149
6269 448
9674 2528
2127 297
3689 4375
2925 3970
6143 8558
8040 3000
8852 7880
2983 9039
5640 1943
585 5414
2480 8256
693 7938
674 9193
2241 5597
620 572
8763 5605
6746 9444
457 9874
3475 9608
429 8734
5907 1173
7566 6338
8057 8720
9116 9756
9034 2578
7005 7038
4451 4843
2959 6670
7993 2793
7392 3145
8075 7245
5956 1749
4632 8615
8502 1754
7149 194
5457 9952
1163 4605
4130 4146
9817 3639
3914 8407
3924 7095
9981 2362
9886 4742
3467 4505
7010 7144
6432 5567
2358 3633
1917 3926
7298 3479
6578 5830
9 6221
7809 3230
8731 2783
3912 4147
4711 3394
136 4764
4787 6002
8809 5129
5746 2804
5774 4644
5684 3182
4226 772
768 8487
8748 5268
7443 1461
3830 3688
8226 3372
9298 8951
6657 8948
9989 9264
2138 4501
6484 5895
6091 700
8700 2400
2258 3173
4208 496
5004 3814
3772 5463
4658 7428
5080 1274
8547 4971
2831 8559
5434 5596
64 7904
4831 2922
5514 4236
3544 5625
538 81
2980 5033
897 1516
7189 2652
7096 2334
266 9039
1521 5201
7898 4165
3655 1036
1295 7435
4218 7806
8020 2125
9314 6882
9995 5370
2979 2107
5191 2671
5161 6225
3572 1201
781 8361
1460 1373
2904 1432
5696 8185
5099 9134
8339 8580
1582 2393
2911 8788
5613 3783
3603 3114
2979 878
4292 7114
953 3564
6802 2533
9161 7052
3412 6278
7180 7888
7865 2512
7767 6822
1957 7231
3018 7184
9707 2311
4672 783
8761 1925
9553 3919
6349 668
2922 4181
6102 5837
7720 8325
9396 9048
1289 1954
249 870
7926 7768
6752 1995
7907 5439
756 9195
2733 2003
1328 8534
1689 7108
808 2934
5005 599
6280 6035
872 2048
583 2894
953 9090
2136 5326
776 6512
6477 6862
5078 8861
1156 8722
5360 3930
1713 1827
4783 4997
8714 2444
2508 1407
9312 2671
3572 7651
3712 6226
8689 7780
7226 7236
8850 1400
6708 9854
2299 9109
4881 3510
3241 1724
5441 6891
7926 9114
6573 4251
7192 1991
5180 8937
390 5673
3894 922
3236 4849
946 9946
6706 7186
6642 2135
5543 5902
9422 2963
2477 1440
136 3763
5419 263
7533 411
8916 1251
1918 9933
4955 8490
832 4919
6422 9118
5512 4341
6482 8240
4686 9321
3654 4167
4258 7937
5454 1346
5440 5102
4555 1401
4040 5726
561 8672
4700 1223
9001 272
6037 4457
3055 4013
2103 4387
5190 5302
4534 7510
104 1559
2896 2640
5278 7436
550 8667
3767 9631
1393 7265
7822 6550
9705 6190
3564 5988
4857 2904
7745 1192
8818 1622
6780 1534
869 2121
3370 3568
3926 1875
6278 5000
6074 8113
5778 3173
4041 5086
2475 7092
5782 5729
2046 9372
5890 7118
3384 5406
9074 4974
9665 6777
8823 8838
5740 4146
7969 1508
2346 9041
7858 6665
8816 5055
550 6860
2698 8341
1125 7936
8523 9067
4718 677
3466 82
2388 5711
7345 6421
8583 7125
5855 3261
2478 2650
4706 4367
874 5425
3691 4908
7771 3635
2041 5538
4169 6279
7913 3904
4791 1195
780 5636
2917 7991
3116 7502
142 2845
6623 9046
3508 8517
8958 2719
4301 6227
610 9442
5451 4598
7471 7876
6535 2770
1953 5052
2317 339
2128 5287
9114 9816
1665 8602
5916 1300
403 6398
7708 6920
5664 2113
8899 8084
2383 2778
592 4385
3001 3499
4192 7413
5100 7138
4675 7230
28 61
7427 6863
3373 8439
7385 1632
2921 7840
1091 4938
1445 3818
1539 5249
4746 4157
8744 9996
1695 6825
2929 7410
3172 8227
3949 449
4860 436
4611 8295
3636 3698
7896 8440
609 5367
7245 1227
9933 7294
9779 6823
4224 8034
8096 6487
8285 5757
7120 946
145 3467
3708 7703
923 2230
6591 5861
7450 452
6683 5904
1738 4750
7992 1659
1735 2859
4166 8440
3997 1165
7602 9590
5776 8278
8789 3430
9455 3974
4112 9506
7712 100
1846 3451
4937 4080
2731 9868
5121 5550
6666 2358
7213 8872
673 790
2828 121
1668 151
5065 7907
4996 2295
5177 406
4111 841
9724 5873
6007 9309
5495 8775
3206 9218
4801 8741
6786 8719
2012 3567
9144 7181
5862 1559
9842 7595
2326 1599
9041 9073
1693 1427
6090 7300
5233 3667
106 6174
4735 3956
3740 2022
5222 6984
2594 7224
7629 531
1006 6538
7106 1039
5979 2014
9716 3232
782 3230
8824 2951
1683 2006
8481 4588
5012 9294
6435 9998
3022 676
8546 7305
1941 3705
3489 85
9973 3249
4548 3722
3973 8828
1891 3968
7233 5341
6953 3673
7616 2159
7022 3417
27 7342
7716 5349
6351 7214
48 9640
6663 402
7855 6495
9158 9928
1562 8386
1109 6776
7367 6199
5429 7571
8058 7536
7671 5084
1017 7433
5211 8397
4447 4590
9093 5192
6310 6284
4444 3183
6774 4068
617 2963
1197 5609
4831 5514
5871 2821
5931 7452
7064 8592
3258 9952
6131 5037
5362 2938
9678 5762
2141 935
7639 7644
7019 5265
2678 4727
3750 8580
1351 6776
918 9026
7017 7909
1119 5549
2655 254
150 6918
4411 1012
9152 4831
6776 5158
3089 6352
1179 1607
9801 7895
9613 4661
6718 2242
5157 3331
5595 9201
9556 912
700 6123
7835 410
1942 7065
2760 8316
3989 9544
2867 405
4708 9086
3220 341
4135 5335
2787 4271
6659 3641
7846 4183
5614 5995
3679 6529
1871 5858
2756 9661
5082 410
6800 460
3145 676
838 6492
795 1738
9662 9335
4447 5979
559 5766
9677 451
7691 5311
5706 1077
8424 5744
5315 9335
4826 46
7123 2237
1757 2796
1679 5298
9836 8416
7666 5499
4669 386
6716 198
539 5799
5682 4206
6882 7762
3809 6631
4060 2675
5090 2414
6277 4131
8190 9337
6012 4162
9927 8750
1228 1195
6910 3776
6238 1455
2934 2575
4228 5671
4625 4695
3977 8356
8194 1107
4378 8478
515 2333
5467 6019
535 3831
7941 5222
5017 8544
6522 7274
5148 710
3028 1935
8405 2442
1659 4585
6713 1398
9919 9471
106 156
5581 7599
21 3183
8927 9920
6153 5224
1571 7060
7426 9646
6581 2106
4237 5725
674 7975
6500 4786
9934 9536
1606 2390
2062 7291
8052 2917
7481 529
9347 6671
7418 2125
1731 9224
9835 548
988 2153
7719 5525
4176 3312
1036 7261
8127 5280
7206 4182
8029 8914
7615 5888
2940 1625
6336 2618
1079 2957
5037 5747
380 3426
929 2017
7868 329
8825 6819
6778 1565
267 7636
9805 2343
5501 9170
3747 2249
4385 1806
5213 5710
5884 5729
3409 892
3431 7379
351 7612
4882 2062
9120 1015
228 6271
2751 5153
8464 5234
5416 7807
9585 9083
6822 2568
8129 1481
2970 3930
502 7333
346 480
9322 1479
8147 5676
9014 7936
2565 5909
4234 6871
6009 8063
2162 5129
5162 9523
6459 7295
4524 9987
5851 4861
227 8887
5537 6854
2364 1124
547 9363
3329 6991
6595 6066
6521 4269
2631 213
7626 1028
3581 4511
8977 7404
503 8831
8090 1097
2902 9900
7805 1571
2217 516
503 5073
7495 4247
9166 7603
2705 8036
6421 7867
5769 56
6661 2779
7533 3645
1501 5514
6028 2500
8739 5574
8641 9668
8500 3305
3260 2107
2057 5366
5857 4918
7478 6338
4337 8110
716 903
4851 6931
8928 6872
9038 160
929 6847
3925 9933
2087 8125
1810 1190
8748 7160
7987 7886
3175 3106
1229 3656
8220 8002
190 2793
8052 8964
1640 1383
7993 5251
4699 7631
9303 9417
6803 2790
5461 8866
1690 7918
7128 2074
5234 8328
9744 3413
2419 5873
9410 8984
4231 5019
1303 439
8078 330
1067 6212
8880 4381
5684 1903
1867 2064
7053 8622
331 3325
1909 1199
6562 5397
6713 6768
7060 5441
7591 4376
707 7333
3334 1237
6894 7661
4489 7526
2367 9066
422 184
5671 2297
4775 7598
5349 7316
185 3634
4577 6020
4653 7204
5796 5771
6790 4449
928 9581
3009 8955
6126 561
8939 8667
6213 5229
5273 1627
7251 7283
2112 2215
2617 1683
5734 4411
621 1019
6604 8536
323 1520
7115 5230
5425 3678
8072 2521
498 1229
7160 676
3980 2609
1374 6818
9675 8738
8375 295
1555 3743
5125 2503
5929 6906
5732 8080
1940 7949
988 6554
3100 2357
4766 9290
4799 8259
6661 7030
2981 338
9505 7901
273 703
146 1471
1117 8848
2912 7707
28 6608
5117 1098
8284 273
9623 8679
3487 5596
2935 4937
969 9941
8052 4569
6117 8050
2748 8439
4551 6153
9052 6076
9374 6177
8209 4230
2457 3768
2050 4794
9183 3772
2815 7731
5843 2978
7515 4666
8229 6168
3076 2785
5997 8412
4652 207
6035 5443
6507 6221
3331 7241
5417 6561
1405 8611
5475 617
7282 4708
8886 5652
5316 2726
9149 3195
3950 6827
6256 7133
9785 6149
8522 7393
3456 4157
5295 988
4206 53
1776 9705
627 2802
2677 4999
7530 4159
8719 4668
7594 5776
3601 2237
475 6006
8240 7090
6557 6689
2767 5969
11 6942
9592 5424
3516 4580
956 7159
5944 884
9331 4747
8425 5774
3332 2857
309 4420
133 1497
1750 3909
5320 6859
1520 3948
7042 2107
7693 359
3673 5727
2559 1276
535 9575
4160 6410
1010 4329
9224 3460
4252 32
4894 8140
6271 6325
2345 798
6432 7272
5465 2803
4412 8213
1961 8307
4779 4901
5816 408
7409 2451
8360 5124
245 7773
8002 5948
2095 8157
1810 9896
2733 7627
4831 6625
5126 1082
221 9441
4413 4525
9137 2299
7428 1261
5447 6582
3460 7815
9925 502
8180 6330
4354 7520
2150 2267
5681 3825
2340 9743
1400 2021
5062 8670
1820 6860
7578 1857
7911 4613
4066 1727
2863 7260
4735 892
6842 7563
534 1813
5298 7322
7153 9971
4306 5385
1098 4244
326 463
7765 9926
9195 5297
7534 3144
9505 5571
8417 8930
4488 8509
4353 6349
3850 5375
8385 5033
7583 9628
7040 8533
1843 6420
7795 6795
5433 7896
5528 1725
1982 7767
3375 6577
6728 7044
4029 4858
5033 1121
123 9683
2896 4584
1083 1397
3191 9121
7507 5363
2184 9568
752 94
2154 5361
9871 9723
1094 7359
160 1081
7640 2200
6240 5877
7758 231
9020 2254
6021 3390
6682 4772
9884 1558
1368 9523
9601 3231
958 3435
2794 9258
2525 6106
1584 7752
7022 5947
2040 3304
8049 7008
1879 3865
4099 8441
9432 2852
4988 1437
1469 2061
7148 5711
5700 1425
1374 4374
1385 1901
9275 7618
9281 9047
5354 4551
1395 6726
4914 1102
8351 5436
4272 1563
9704 2154
6913 3136
821 3427
2827 8222
2168 6847
7450 6960
6315 3318
9687 1136
3553 9695
1729 5274
7937 3953
1165 6375
7827 2134
6181 8854
8571 282
4873 3624
1398 3480
4836 2522
639 8663
8819 2312
3544 4205
6823 7529
9851 9176
6965 5086
5536 7451
6599 1708
3292 4773
5940 1835
6057 9540
9298 2549
8343 7661
3420 9707
6306 1455
1167 8291
7882 2995
5116 4057
8120 9146
5128 3930
7579 2068
3856 8333
7948 9151
8504 9934
8518 6559
6746 3194
9415 3139
283 933
4520 2406
8405 2271
8915 776
6738 6667
6624 6094
379 1636
3706 9259
9050 1749
8149 3767
7921 7743
9750 7406
9731 4896
4290 5414
9237 8726
7349 5545
8600 7495
5316 5081
6511 6634
7566 4908
3623 2415
7966 5398
6258 4618
884 756
9414 1404
9328 5623
2109 3605
6032 4406
2720 5387
8487 3593
4693 6340
1466 7407
9119 7845
9495 5957
5673 9341
5199 7210
2017 3144
7876 419
16 1109
7157 1948
3181 1237
1041 7351
2323 9327
4279 7388
9091 7624
8610 5631
8963 6720
5324 6284
7924 3528
716 3071
337 3249
4392 9159
9582 7051
7609 8452
9632 3196
8601 3058
5323 5482
3846 5355
4906 7463
7747 1053
9579 782
1794 3653
5199 8496
8190 4636
2478 4691
1702 2323
8085 8875
5464 9001
6960 8686
8392 152
6134 3019
361 8428
4744 4440
3286 89
4040 7349
3463 6034
914 2034
2 8095
6476 9774
7363 848
3280 7524
7848 5184
7474 7571
8888 2966
6590 5166
4433 4516
9519 4027
4369 8952
5155 670
292 5919
6019 8557
7403 4615
1853 7478
785 3255
5685 8464
2927 7386
1230 1781
2127 6475
5824 217
9468 9866
6451 6840
9486 4860
3437 5894
8659 8845
9287 7862
5348 411
8510 9424
5389 8977
5975 4340
2392 1549
3526 4802
8570 1989
4027 461
4261 712
3329 7965
967 7008
9460 6199
2091 1975
5364 5010
1930 6537
4668 4907
3442 651
3849 1511
8492 6069
2057 5291
3736 8927
1958 818
9062 719
8597 1699
1550 4274
6292 7176
5820 2657
6180 2778
2666 3872
2988 2467
2039 1575
700 6611
3305 4054
4103 7366
3701 9802
3919 1270
1074 2565
2757 5422
9063 9476
9449 1215
750 5964
7652 9471
3469 7660
3675 2674
4746 9447
3778 2118
7683 5531
4889 4982
3087 5641
7291 5905
8829 3271
7813 3723
2129 1402
7120 3289
5391 9473
992 1173
3220 6808
5904 3187
886 3328
8291 6787
8860 3395
7135 5057
4069 412
3187 3231
9265 7137
4974 6077
8992 433
8341 3206
986 469
4594 1183
1181 3472
5258 7429
5101 6879
5214 4281
3062 8288
989 7539
4055 6360
718 1290
9639 7029
9631 9943
8783 9054
957 6946
1373 3923
4663 3781
5297 4697
3617 4001
857 965
9771 5395
5859 5130
2611 8730
5855 5727
7386 226
4257 7215
164 5927
6547 23
8318 3269
1585 5595
6172 6455
3511 1768
6730 7191
315 7667
3328 754
8793 8552
9541 1305
2670 6428
9043 8451
1146 8762
3006 2301
1220 4250
1076 4968
5171 6546
7598 4257
5846 3040
4414 1986
1850 2521
3154 2124
8281 2834
7656 7274
3964 4765
2812 3102
4832 1162
83 8822
2666 8216
9149 4875
3278 2412
5735 9632
9022 5372
6835 8680
205 2102
2953 7569
204 8466
6791 538
4852 8781
7880 7592
5799 9417
6879 1685
5241 9180
6588 844
9704 5901
5226 5781
6660 4202
1741 7803
5945 8306
6421 9743
2827 8004
9719 7637
5046 4437
6004 4016
8468 2811
9399 4161
1499 3809
