0.0009502866534226457 5.635380074073086e-08 4.9669411488140364e-11 8.960552960291681e-11 -1.692635341925746e-21 2.1025086724069662e-14 5.733232743922206e-21
0.0009214043322631426 1.949636203994055e-08 4.2613034657520346e-11 8.0535835988913e-11 3.306918881753545e-22 1.120576315925498e-14 4.7063642723662354e-21
0.0009365831057468899 8.883783152434732e-09 4.9916472703426334e-11 7.95151655905018e-11 6.183719277674379e-22 7.492585696560604e-15 4.9712168593200785e-21
0.000950286653422646 5.6353800740730675e-08 4.966941148814191e-11 8.960552960291608e-11 -1.6926353419258076e-21 2.10250867240695e-14 -5.733232743922208e-21
0.0009084920936428889 4.970158122346331e-08 4.8844306806254055e-11 6.339486611852896e-11 -5.248028385030926e-22 1.3567935321647377e-14 3.4884160598524566e-21
0.07337864324507332 8.529835749355993e-06 1.3261229822092747e-07 4.32988325032287e-06 -2.2639499848359956e-12 7.841188050351601e-09 -2.374760826430657e-12
0.0008441789636803997 2.4085819861381804e-08 1.3605146856258167e-10 9.280853186456763e-12 -9.904842088215038e-24 -1.059670787596658e-15 -3.2963817873611494e-22
0.0008646943845164069 5.324721537726176e-08 1.692656563456762e-11 4.163287635995216e-11 -1.4595296232892486e-23 9.336313725909478e-15 1.10509897483317e-21
0.0008251197838948547 2.270243033971458e-08 1.3574780542481754e-11 3.576248827734285e-11 4.692782015210283e-22 5.284501629469185e-15 6.329848984421256e-22
0.0008434485439606614 8.68729472666999e-09 1.804727487705426e-11 3.622889705441811e-11 6.784946573951828e-22 3.3390951303091466e-15 6.307314785046755e-22
0.0008646943845164069 5.324721537726127e-08 1.6926565634568535e-11 4.1632876359951775e-11 -1.4595296232903936e-23 9.336313725909373e-15 -1.1050989748331837e-21
0.0008762936458920584 1.0380069149611933e-07 7.517632502106287e-12 3.0753088487551526e-11 2.8521808120360217e-22 9.76460376636238e-15 3.705395394894534e-22
0.07108655200488269 2.4236977657155908e-05 6.852541382704141e-08 4.768357494419729e-06 -1.8875838999577796e-12 1.3813980420973407e-08 -1.96634214362462e-12
0.0007521524322146213 2.816294126401331e-08 4.3823186939768167e-11 5.314850535321423e-12 4.670818434439905e-23 1.5909567167792514e-16 6.631445286552447e-23
0.0009605929754800971 9.322897369900089e-08 3.540696061016647e-11 6.833211512284904e-11 -3.150305222141474e-21 2.0465531341954823e-14 1.171571546440196e-21
0.0009076758560737958 5.396961295656705e-08 1.603998192393043e-11 6.27741883264798e-11 -1.7574944840385777e-21 1.4305924707221393e-14 9.37544431653304e-22
0.0009269686313354989 1.1814986615466904e-08 3.197595216934569e-11 6.7328241398547e-11 -2.072054199258393e-21 7.144495255554464e-15 2.3379083956607558e-21
0.0009605929754800969 9.322897369900046e-08 3.5406960610166044e-11 6.833211512284808e-11 -3.150305222141418e-21 2.0465531341954453e-14 -1.1715715464400877e-21
0.0009359324111917818 9.034117968630366e-08 3.462823782826759e-11 5.4546629350645805e-11 -2.08066394802513e-21 1.62554473272207e-14 1.1361379730804028e-21
0.065754211392542 7.280785883269761e-05 2.821573051972677e-08 4.080892090863349e-06 2.0808688663728565e-13 2.4964624099052415e-08 -1.3690484706051218e-12
0.065754211392542 7.280785883269761e-05 2.821573051972677e-08 4.080892090863349e-06 2.0808688663728565e-13 2.4964624099052415e-08 -1.3690484706051218e-12
0.0008972456600375919 8.801591000677298e-08 1.6220468586557736e-11 5.2907394206994526e-11 5.107670901825121e-22 1.500865358651178e-14 1.463330280715833e-21
0.0008571953884080798 5.330520282043335e-08 1.5577802640857944e-11 4.7903799241123284e-11 1.0754051587471526e-21 1.0679055349040434e-14 7.456182278390974e-22
0.0008735928786099592 2.1078826503443638e-08 2.345156701225458e-11 4.7206744919979626e-11 1.4370839819755e-21 6.591133700071092e-15 6.339354661482011e-22
0.0008972456600375917 8.801591000677256e-08 1.6220468586558763e-11 5.290739420699438e-11 5.107670901825106e-22 1.5008653586511712e-14 -1.4633302807158783e-21
0.0008596400456627306 8.70823183904671e-08 1.4463892588425821e-11 2.994023929349698e-11 2.7727734343983995e-22 7.701578127738785e-15 5.579544918929505e-22
0.06600961377048901 4.9796263084429454e-05 1.32297736913956e-08 4.0811667343057414e-06 -7.995143479291534e-13 1.8648705666910996e-08 -5.099789588333228e-13
0.06600961377048901 4.9796263084429454e-05 1.32297736913956e-08 4.0811667343057414e-06 -7.995143479291534e-13 1.8648705666910996e-08 -5.099789588333228e-13
0.000966722387082818 7.073359105307472e-08 3.967913717111493e-11 9.022054236187473e-11 -3.203734167660987e-21 2.3985812828001397e-14 4.3445767926654665e-21
0.0009305990190716869 3.1886369763109075e-08 2.896362024571876e-11 8.338013892728018e-11 -1.1380196105771283e-21 1.4854994710827843e-14 3.936308479535659e-21
0.0009495707256209395 1.1753314026921066e-08 4.260170954262298e-11 8.328701470172778e-11 -1.0216077003887842e-21 8.976636840236577e-15 4.854791263595359e-21
0.0009667223870828184 7.073359105307464e-08 3.9679137171114994e-11 9.022054236187465e-11 -3.203734167660976e-21 2.3985812828001363e-14 -4.344576792665473e-21
0.0009293581807718956 6.56572061890801e-08 4.029704026933603e-11 6.660205273831428e-11 -1.6500122954187153e-21 1.7027667226216875e-14 3.030287144425524e-21
0.06816531249987443 2.0825559371316148e-05 7.719767034841235e-08 3.7058234108041296e-06 -1.1979462950943568e-12 1.2170517904227671e-08 -1.579148668421291e-12
0.0008266929702797205 2.577082094995652e-08 8.365519472329605e-11 4.454594021092389e-12 -7.111250625483344e-23 -7.151085925342552e-16 -4.8349312521144226e-23
0.0008204394537382954 9.105996041326707e-08 7.213280610680227e-11 3.780713794335061e-11 1.7747532380961285e-21 9.177282484200008e-15 -8.650793175156752e-22
0.0008561318949301553 1.7269986017325183e-07 5.3405959235061944e-11 3.7931660849270394e-11 1.571598735865314e-21 1.3342552731658933e-14 -6.669235693214224e-22
0.0007326847922753115 1.2044450372341317e-09 5.5608934366739056e-11 4.6587161410799036e-12 -7.343924347385237e-23 1.521843962775284e-16 -1.5144534163877387e-23
0.0008204394537382958 9.105996041326762e-08 7.213280610680317e-11 3.7807137943351265e-11 1.774753238096188e-21 9.177282484200205e-15 8.65079317515698e-22
0.0008156253671538628 9.735499926619545e-08 7.396760412115593e-11 3.077342509231969e-11 1.309766812387584e-21 7.77685000321834e-15 -6.634118552656928e-22
0.06344438154147171 0.00041586003172363066 2.6161092142839647e-07 4.854008427875849e-06 -4.0862018299795606e-13 1.3877075859204442e-08 5.454607620000519e-12
0.0007894299758448495 7.121059229978666e-08 1.6190165561457125e-11 1.4098009919075381e-11 1.8293412601543155e-22 3.761873606170395e-15 1.090894290348415e-22
0.000851048765059672 1.2442593563868236e-07 6.596265908157655e-11 4.622019198417899e-11 2.343746774702983e-21 1.3006342188143888e-14 -1.0099681641537951e-21
0.0008603245615978809 1.6614575555264487e-07 5.908260688831653e-11 4.3227807766890206e-11 2.031556720425779e-21 1.477913012159906e-14 -8.033144277820225e-22
0.0007498702241515269 1.8980581109529472e-09 5.0577637763333915e-11 7.701260239983178e-12 -1.4049554380780219e-22 1.3379527037938573e-17 -5.798881059097323e-23
0.0008510487650596717 1.24425935638682e-07 6.596265908157576e-11 4.6220191984178236e-11 2.34374677470291e-21 1.3006342188143643e-14 1.0099681641537665e-21
0.0008485385214887272 1.2422061605531786e-07 6.716308696160232e-11 4.425098290432028e-11 2.2074266096612093e-21 1.2372948821240513e-14 -9.731145370927675e-22
0.06300411507926792 0.00038181176499303655 2.093130908268815e-07 4.8917303984922266e-06 6.285684235941814e-13 2.0781190569393438e-08 4.9097768329932614e-12
0.0008292427960823929 5.483393160503828e-08 2.8079477141164262e-11 2.995823954329594e-11 4.625582805880433e-22 6.214926498531847e-15 7.355433863388379e-22
0.0008143741740535295 9.32162956530143e-08 3.168134657183922e-11 2.7330559292212916e-11 7.117883142502589e-22 6.602721005677242e-15 -3.7433459235224877e-22
0.000814505537900559 1.2112783097846707e-07 2.7344869312408914e-11 2.375741353150368e-11 5.2805778090306655e-22 6.988249908400919e-15 -2.96349869780292e-22
0.0007360472505566575 1.0540333811183348e-09 4.7480732940381904e-11 4.976482220095815e-12 -7.171390361189407e-23 4.886408849691196e-17 -2.6624290330055266e-23
0.0008143741740535295 9.321629565301443e-08 3.1681346571838794e-11 2.7330559292212806e-11 7.11788314250248e-22 6.6027210056771976e-15 3.743345923522473e-22
0.0008105453519619572 1.001816073874272e-07 3.2576450065293455e-11 2.3005194118609125e-11 5.592937158433027e-22 5.782182399527133e-15 -2.895113086653475e-22
0.0007732816948669746 8.350365562062702e-08 2.4247453135042544e-11 2.0816380475184517e-11 4.1527772679191314e-22 4.7936383468607665e-15 -2.1508376694651034e-22
0.0007804630541825644 3.32464805292757e-08 7.2023082326687176e-12 2.205423947869892e-11 2.7114323773685632e-22 3.95521551206945e-15 6.115672720149946e-23
0.0008378230358112792 1.1675835382624541e-07 7.463074291082688e-11 4.295929664973821e-11 2.1606865625126717e-21 1.2136919905472527e-14 -1.1172581440907954e-21
0.0008660988757573636 1.936862143140063e-07 5.935154524799243e-11 3.932965320707409e-11 1.725247297078877e-21 1.5047683464197674e-14 -7.9638550617566035e-22
0.0007379313262047629 8.203427440413758e-10 5.970444224612544e-11 5.321779076248584e-12 -9.391668772032744e-23 7.266754205827918e-17 -1.3352970986725376e-23
0.0008378230358112792 1.1675835382624533e-07 7.463074291082794e-11 4.295929664973853e-11 2.1606865625127214e-21 1.2136919905472633e-14 1.1172581440907977e-21
0.0008424857662299976 1.371747375279138e-07 4.242960359629996e-11 2.6050355429850785e-11 7.978250750756896e-22 8.120887193561528e-15 -3.369854673249652e-22
0.0663467715945326 0.0004776855722844699 4.159988550029028e-07 5.993286918963296e-06 9.331595541987532e-13 3.145912570709517e-08 9.417202279643195e-12
0.0008068694586893726 6.611596698735325e-08 1.0561771398789164e-11 2.1426096408736044e-11 2.5846573810370664e-22 5.503074444973366e-15 1.9257100474295064e-22
0.0008480043276636701 1.3454650441668253e-07 8.963970532988042e-11 4.796098613608276e-11 2.8312964871598946e-21 1.5474326558710995e-14 -1.3685910819149811e-21
0.0008758297560127605 2.180738178023194e-07 6.29085768514084e-11 3.739873607454504e-11 1.637467405258302e-21 1.5820174574413715e-14 -7.806039265843311e-22
0.0007361727899965919 1.1884291837050705e-09 6.431558903651665e-11 4.353423855883945e-12 -7.279581016336931e-23 1.1788629175955642e-16 -2.698429851138133e-24
0.0008480043276636704 1.3454650441668242e-07 8.963970532988107e-11 4.796098613608227e-11 2.831296487159873e-21 1.547432655871088e-14 1.3685910819149394e-21
0.000849907641400511 1.4852715966684737e-07 7.816460989980911e-11 3.7985231062708345e-11 1.8929403568779524e-21 1.2865385256162678e-14 -8.371537055314572e-22
0.0654268065899873 0.0005205547014302452 5.318812462223758e-07 5.671995884379636e-06 -4.676895638904726e-13 1.4835367824135463e-08 9.840592906209304e-12
0.0008112326320951176 8.344525481717852e-08 8.810733801628974e-12 1.6957934620542257e-11 1.309200021663971e-22 4.898594590177314e-15 1.6070640676298192e-22
