200
200
66 199
64 142
126 143
193 55
141 177
77 12
12 11
8 53
146 165
80 26
154 51
198 194
91 23
145 177
96 6
164 47
25 6
73 186
89 27
115 84
125 32
194 16
195 82
47 46
62 139
34 130
158 53
188 161
112 164
126 91
198 183
168 78
105 139
145 180
95 146
6 74
2 5
195 22
41 135
133 50
64 79
171 187
64 79
151 118
168 22
187 92
158 114
21 147
102 167
75 115
136 11
138 11
11 62
182 72
116 6
36 8
198 22
4 127
64 39
140 83
138 105
147 30
116 35
100 165
3 59
60 5
183 175
76 136
68 126
170 106
146 67
104 70
42 86
95 58
15 33
85 171
190 28
1 151
76 155
96 95
184 45
158 15
64 72
94 189
51 185
167 198
85 103
179 68
117 167
122 78
1 142
176 58
57 74
4 41
78 185
130 88
174 49
135 145
89 175
64 115
174 118
191 137
71 5
115 91
109 168
42 132
11 0
131 55
170 96
156 186
188 124
57 31
116 33
148 167
163 130
114 132
165 93
52 180
93 50
112 146
92 102
193 149
65 86
173 130
12 58
23 171
162 121
51 169
25 18
79 147
120 143
165 27
170 168
46 7
111 9
122 124
37 28
51 172
96 158
91 113
141 98
186 94
39 115
165 71
147 191
90 2
107 151
61 107
28 17
188 133
118 113
140 104
56 158
188 108
116 160
137 125
176 80
180 147
194 120
100 188
87 22
194 106
70 58
50 10
66 63
187 140
50 151
149 36
21 155
122 98
68 58
195 80
73 66
182 138
70 124
120 115
89 47
6 26
14 137
101 145
199 4
14 42
173 169
191 180
151 101
33 185
170 144
196 171
23 170
4 88
35 19
125 138
105 89
93 146
137 12
78 35
141 195
90 42
63 96
179 70
