900
900
348 545
687 795
401 272
79 494
814 714
102 605
629 488
389 767
677 111
318 96
507 213
721 813
179 327
894 101
166 125
286 437
398 810
603 353
645 77
415 526
349 95
847 886
626 503
80 869
408 458
652 326
100 230
693 34
691 737
364 456
864 614
480 812
483 558
422 439
742 482
176 151
565 781
456 457
233 507
16 834
816 35
225 750
231 356
143 444
293 13
406 69
295 831
424 369
85 860
595 182
27 666
793 87
818 15
322 315
262 85
858 85
175 72
845 442
81 582
557 42
467 289
14 3
70 78
127 204
258 717
806 652
742 382
59 858
538 111
182 296
626 427
846 617
194 460
161 384
12 261
709 355
85 699
706 478
886 401
598 445
205 786
306 588
287 767
734 222
512 723
720 256
546 250
112 435
706 838
747 342
325 635
115 116
126 803
809 569
602 416
709 204
837 382
709 152
733 37
74 273
17 30
337 631
789 226
580 170
897 131
655 336
405 625
485 46
774 157
712 387
55 172
841 461
827 121
829 480
612 669
889 545
892 263
436 866
560 709
694 643
728 681
98 277
253 250
516 604
619 312
307 0
326 304
71 488
825 665
245 312
614 739
399 595
850 2
402 872
688 228
821 288
353 55
899 291
743 128
102 620
856 200
867 463
609 840
850 245
121 122
33 790
246 495
451 370
169 766
600 848
599 175
319 524
720 663
781 544
532 253
473 351
746 182
239 350
70 323
253 334
508 802
397 458
61 382
57 319
54 709
450 542
877 488
688 496
543 715
221 861
47 7
276 742
622 793
664 27
749 288
32 604
899 261
99 619
153 188
680 419
855 731
463 665
49 281
585 150
9 672
333 44
130 868
389 748
756 306
503 187
371 344
454 685
497 393
867 747
882 379
710 89
571 569
184 238
476 136
98 51
320 457
882 88
366 459
553 630
883 322
56 796
13 718
317 342
709 599
154 727
516 152
353 460
113 394
378 711
413 887
593 203
788 861
62 751
265 445
730 838
894 501
290 753
301 77
309 249
353 794
899 151
257 835
661 470
539 295
361 359
310 841
723 434
747 391
291 362
54 250
38 365
244 808
522 554
180 817
84 92
864 22
81 756
55 351
851 145
604 159
14 649
537 69
697 747
296 68
527 319
138 603
786 655
256 424
257 16
413 333
786 129
622 245
67 647
372 710
184 258
806 264
188 894
226 33
354 718
479 660
568 514
12 604
352 865
220 515
769 347
544 724
675 9
66 560
840 661
740 588
117 14
613 673
712 667
724 548
741 228
485 380
593 489
146 488
246 471
653 84
602 625
56 351
773 96
492 742
789 734
309 487
316 118
742 411
300 586
250 708
767 855
42 394
353 824
653 368
69 782
54 702
93 597
155 252
265 845
605 538
34 803
92 481
312 325
16 681
71 156
524 369
384 108
68 849
750 626
1 418
553 728
887 563
117 666
792 468
505 384
338 872
493 172
561 883
850 818
92 92
701 427
83 713
868 231
172 176
232 545
198 802
481 671
43 705
260 181
68 614
150 551
794 163
142 654
485 465
212 630
740 257
83 17
233 819
545 556
483 462
106 228
158 264
275 228
321 853
127 564
738 113
796 179
234 82
431 586
520 670
673 497
442 844
246 119
752 842
487 496
6 584
332 506
175 408
288 254
407 510
305 586
841 545
0 645
261 592
431 364
73 174
680 697
596 681
713 91
858 847
293 77
368 453
75 147
241 268
273 123
48 115
650 174
724 122
8 775
792 313
122 847
805 261
104 195
521 59
520 737
629 15
246 199
569 151
887 129
100 416
679 776
576 320
127 830
659 754
693 229
809 708
350 190
643 627
826 663
628 273
826 42
713 186
655 306
891 156
409 796
126 669
329 243
702 626
359 322
38 649
875 881
45 865
602 756
835 851
11 727
130 716
695 472
411 55
153 758
758 835
891 536
25 777
468 863
56 773
753 388
452 879
51 505
759 471
13 863
190 516
461 477
376 564
623 782
517 431
185 93
115 203
784 643
268 410
791 779
612 881
803 290
331 142
815 144
202 833
225 855
804 369
259 667
729 474
435 617
245 480
307 41
167 481
837 712
714 324
360 362
38 29
306 367
397 457
528 354
723 323
605 612
548 96
806 592
222 583
821 298
39 553
143 625
448 196
654 167
248 268
203 221
490 701
47 456
261 310
578 608
816 564
198 289
182 58
362 443
867 104
325 290
816 325
625 485
103 598
698 278
772 306
677 266
251 381
617 235
445 232
226 115
357 541
366 258
666 195
474 85
723 731
73 483
425 192
134 864
521 75
620 7
654 828
120 759
142 499
466 503
40 197
504 378
525 16
34 558
458 670
558 169
501 67
526 323
49 496
113 750
526 848
325 158
527 566
869 524
345 37
886 550
814 66
291 60
257 345
44 309
73 51
592 798
836 587
445 165
633 795
276 493
587 255
7 624
243 440
765 571
847 834
53 264
602 830
324 402
376 41
392 65
339 628
322 816
563 380
835 825
41 677
666 710
208 5
260 625
860 588
389 248
658 888
546 177
253 685
262 890
315 139
682 431
203 552
278 260
241 143
859 786
604 786
880 624
474 2
804 780
693 277
830 863
68 603
155 488
869 557
113 51
72 608
877 366
673 405
204 451
645 654
227 681
172 859
566 574
536 515
575 218
882 889
19 702
473 232
480 66
306 743
748 856
37 740
219 800
100 557
320 692
212 204
257 176
752 432
210 157
59 281
118 817
704 323
365 501
661 81
596 749
570 437
144 537
767 516
4 744
423 836
648 300
127 700
785 176
619 333
717 799
684 887
416 329
569 819
203 635
669 154
310 251
64 832
813 314
590 239
433 881
0 774
18 784
441 506
460 574
748 893
150 635
187 706
441 484
535 162
561 795
372 192
180 72
834 337
548 876
615 537
21 5
52 896
347 839
76 510
155 264
520 97
314 622
314 599
557 304
719 109
109 205
641 354
802 652
80 518
532 598
794 92
13 310
651 817
756 858
100 772
104 859
35 362
84 599
450 295
437 655
463 745
467 272
102 711
105 403
103 100
885 591
363 883
746 6
306 188
325 370
303 64
209 689
666 25
205 769
724 52
128 779
109 610
172 841
322 536
21 485
137 262
152 445
726 170
535 117
433 661
359 392
389 160
254 410
486 735
413 253
18 146
239 251
836 191
104 162
625 250
611 676
576 318
443 372
48 357
508 60
495 809
192 749
133 696
329 589
284 671
116 542
261 50
95 51
291 356
855 868
68 516
338 573
780 870
644 179
256 220
238 889
841 234
79 791
815 792
185 396
391 802
137 198
208 44
453 365
85 600
547 735
749 466
762 220
824 745
57 766
779 200
712 754
98 750
530 398
811 602
707 640
77 406
31 449
379 446
697 812
313 378
733 192
266 270
86 870
747 846
506 312
232 644
138 886
105 203
631 251
810 522
58 850
434 813
877 299
206 787
646 786
522 810
85 56
839 577
110 565
175 813
72 241
70 858
39 647
502 438
473 745
367 562
851 306
542 466
6 523
591 501
621 322
46 321
307 654
151 44
203 582
882 273
641 20
412 496
63 22
203 192
586 361
17 885
711 112
652 76
59 7
798 717
185 592
822 405
399 673
442 263
625 558
143 803
507 347
803 148
39 543
254 195
430 534
449 56
839 211
527 395
28 695
250 72
195 780
805 451
126 269
585 198
434 737
484 589
469 336
360 311
894 576
530 857
316 573
552 629
245 86
794 767
14 477
752 452
535 891
101 10
719 885
267 448
867 873
22 636
149 827
431 857
616 205
440 103
418 737
89 893
873 779
154 14
258 621
118 224
636 679
521 775
671 869
280 855
815 290
364 876
146 87
347 630
155 64
615 257
667 299
621 644
408 128
735 701
411 420
686 601
150 228
60 115
795 680
830 499
431 123
389 839
518 744
12 777
427 745
239 445
301 782
630 519
262 172
853 705
19 412
730 798
739 724
280 868
560 786
637 851
810 852
494 5
427 452
248 828
228 641
140 747
591 131
445 752
580 15
368 573
607 12
461 167
383 437
267 783
777 309
265 580
301 417
140 560
13 197
189 435
184 67
227 883
556 411
