600
600
391 540
590 260
73 327
394 588
317 460
407 135
447 472
332 374
546 550
494 277
286 168
128 283
10 18
569 572
17 401
100 459
351 48
596 344
533 340
190 318
331 220
378 243
281 556
590 254
221 472
491 542
314 205
587 107
39 153
261 337
206 329
297 176
153 461
325 290
371 358
198 339
89 169
532 80
525 192
302 236
44 585
547 540
50 409
258 7
260 54
114 83
470 408
439 403
111 574
211 198
213 523
9 28
537 337
495 524
409 475
368 388
367 205
460 73
438 286
349 363
51 212
298 260
374 333
241 55
476 139
529 577
375 241
373 66
175 226
82 541
120 60
502 274
152 298
160 348
378 570
417 283
398 170
377 562
555 154
70 372
87 493
55 399
176 494
557 214
431 437
66 120
383 299
445 422
122 280
331 235
549 74
206 342
198 39
201 423
19 106
82 123
305 18
214 44
429 568
407 230
381 509
412 144
346 76
421 399
109 322
136 414
260 449
323 127
583 188
81 124
228 483
561 316
250 201
569 547
506 3
300 329
272 583
83 149
39 148
543 69
271 206
557 178
317 18
506 158
442 568
217 359
56 419
112 370
505 495
402 231
566 26
582 271
329 530
566 587
80 265
48 570
320 92
264 56
99 295
255 428
583 365
558 351
171 153
560 238
158 281
119 91
1 583
418 136
246 370
233 228
112 226
304 416
475 365
393 325
361 50
527 524
42 326
499 91
120 286
196 187
360 548
109 254
458 252
415 335
431 2
587 247
44 454
94 574
301 542
510 333
159 16
342 373
45 417
508 597
27 474
526 355
133 290
570 322
303 504
563 546
270 452
369 269
179 361
83 401
225 167
355 595
240 543
498 148
250 257
228 590
375 439
238 451
78 39
373 575
236 373
15 455
230 595
290 55
367 23
345 430
275 453
469 200
0 27
599 416
556 553
237 96
334 467
438 373
302 115
251 74
278 433
571 431
482 154
543 506
430 154
547 425
459 447
418 289
190 460
168 109
376 186
322 288
94 479
96 475
58 342
146 338
594 361
413 407
172 229
316 57
452 184
516 177
245 438
234 562
45 2
354 156
452 411
167 240
0 395
255 299
578 350
202 448
85 59
135 495
148 168
327 349
403 273
93 91
445 252
63 248
521 92
393 381
45 84
290 451
58 11
280 63
567 375
396 348
189 584
572 400
509 226
164 293
580 317
101 157
116 271
542 453
445 436
322 310
375 533
314 516
322 355
511 418
114 236
9 57
381 432
331 320
326 230
314 336
183 405
171 386
142 580
52 298
146 219
349 539
375 231
55 536
24 422
180 226
496 301
76 549
291 31
156 146
529 532
262 408
337 582
575 66
465 34
154 475
322 364
572 140
491 251
467 513
300 516
468 276
406 513
35 267
51 83
551 22
258 438
186 455
575 138
228 7
554 318
261 166
461 187
240 364
362 224
193 222
396 45
14 232
20 587
371 581
426 555
507 220
474 492
225 32
272 199
14 185
248 482
32 553
284 268
432 546
570 370
453 260
575 152
275 265
339 482
338 2
215 374
300 283
423 40
129 167
125 194
161 523
57 460
596 202
469 243
597 347
47 423
407 469
391 246
368 367
538 333
537 227
56 593
382 20
179 12
530 204
271 361
297 177
10 226
340 287
577 503
111 591
404 520
572 194
442 372
150 385
372 183
79 209
123 91
325 155
268 375
51 255
172 565
190 418
292 415
190 380
177 369
396 598
548 425
395 171
270 526
522 445
22 335
311 144
213 69
486 236
486 15
21 577
492 286
569 89
54 311
193 475
357 298
490 595
198 56
0 472
23 125
48 186
456 486
92 312
9 588
427 540
267 368
548 348
110 56
542 364
580 571
58 208
158 294
44 158
217 172
267 469
535 100
226 283
478 432
171 36
136 593
546 300
379 414
186 476
101 455
461 54
46 555
319 45
442 565
599 508
5 46
80 511
481 228
57 171
569 464
169 143
222 197
258 397
335 482
182 456
571 348
240 122
12 181
406 170
501 524
441 513
107 40
529 254
425 498
585 490
181 157
380 78
476 85
211 473
290 555
93 524
220 341
160 163
417 151
354 367
385 558
134 21
186 13
449 442
267 590
486 155
122 119
341 36
516 516
100 80
502 149
553 515
338 302
536 311
575 141
53 517
594 129
61 400
188 378
167 100
597 429
274 34
214 314
555 247
57 387
298 567
187 45
54 417
295 324
83 572
30 79
383 207
281 390
482 381
509 510
165 240
353 585
577 599
598 54
306 274
114 371
42 360
204 218
428 292
32 84
83 341
127 308
567 111
128 345
454 478
393 470
37 128
192 550
128 193
58 233
143 419
300 519
261 26
331 116
417 212
220 278
349 4
251 192
462 101
284 118
330 574
389 254
7 246
577 29
396 183
404 503
139 555
148 184
559 1
43 350
521 323
429 172
89 348
56 351
435 540
38 511
394 583
148 134
546 220
592 27
348 121
74 160
527 135
129 184
157 529
224 575
261 268
256 30
40 306
460 321
590 137
436 347
270 533
499 333
596 220
440 437
546 117
400 183
543 465
395 262
281 404
368 6
114 306
540 94
489 4
436 222
135 70
287 137
545 250
20 358
337 153
442 507
369 162
47 239
127 379
406 174
80 326
258 523
382 151
230 216
176 313
87 134
355 245
137 27
338 108
447 505
542 111
530 225
599 370
554 500
489 174
225 23
34 207
591 76
577 202
591 289
330 423
