500
500
381 228
240 467
75 9
429 347
52 120
10 331
123 158
12 379
358 99
414 28
355 154
336 172
214 356
420 34
158 26
145 291
32 214
83 97
311 289
150 426
395 410
419 320
472 123
141 193
415 424
150 431
173 218
214 24
247 221
151 117
302 198
425 187
494 209
172 417
121 184
193 387
476 289
205 371
414 419
110 474
321 417
74 111
219 385
330 247
319 58
405 470
397 64
379 45
488 454
261 113
404 369
456 314
153 86
469 153
409 199
351 16
196 45
266 82
92 206
66 452
108 484
269 159
156 50
193 147
481 338
212 277
146 157
275 453
157 96
33 67
178 24
227 202
311 66
317 401
318 308
81 14
95 172
239 394
9 343
200 145
81 42
485 211
103 76
376 421
431 336
190 81
371 420
158 345
303 138
105 284
150 97
166 361
234 398
58 26
38 331
69 44
124 287
199 251
277 425
416 126
376 336
332 250
485 434
105 337
36 147
391 28
371 209
412 97
97 473
104 317
484 254
106 317
215 352
463 451
419 34
433 49
107 102
484 258
100 88
380 372
356 488
150 253
165 207
225 63
343 360
62 107
312 288
25 121
471 295
98 467
464 280
2 164
64 31
58 213
246 167
272 486
128 111
389 320
499 141
151 152
332 195
319 378
271 203
456 364
274 336
404 490
49 322
328 451
475 306
322 353
450 141
118 426
2 430
171 65
302 122
335 396
51 256
352 132
456 313
499 159
325 471
469 148
108 485
148 366
170 470
420 391
34 486
455 297
322 202
120 442
265 440
410 267
143 86
419 256
339 383
306 384
266 184
250 39
151 6
208 17
476 338
479 349
376 25
140 171
116 464
483 76
225 411
396 112
185 405
407 4
380 335
450 261
498 323
130 254
88 313
391 405
129 31
0 137
375 331
399 357
6 321
365 206
338 443
382 181
398 61
54 282
161 376
70 79
286 338
28 453
210 487
126 484
202 379
277 447
26 441
430 158
143 278
109 349
408 250
311 43
245 143
101 299
299 488
244 344
339 13
59 334
75 262
115 440
239 435
417 457
95 299
138 121
425 210
408 496
92 431
419 432
90 21
424 275
307 277
209 320
38 72
492 52
369 29
217 74
354 3
340 457
465 434
434 400
244 195
285 9
10 414
459 289
189 249
392 209
134 485
290 484
27 272
94 99
58 428
37 223
398 107
130 162
304 185
20 431
85 118
73 71
125 150
170 477
465 150
355 453
32 246
179 112
281 465
81 259
328 287
457 360
414 418
57 442
206 347
329 321
267 67
485 19
83 65
44 21
108 163
86 107
450 388
180 337
91 281
415 16
51 487
338 150
409 445
312 468
159 320
297 261
38 350
469 80
191 251
389 273
317 365
395 351
69 455
417 154
473 215
293 488
223 285
163 227
278 254
366 442
337 497
46 60
45 104
306 359
279 141
71 73
388 477
274 47
137 307
464 336
37 5
342 23
451 458
323 295
272 7
466 439
221 13
53 491
498 156
171 204
194 182
469 412
22 84
172 205
14 378
27 239
450 376
491 347
256 146
165 271
315 457
194 222
314 493
42 408
358 444
161 364
454 17
466 16
151 297
168 163
47 157
187 221
298 172
170 373
137 495
475 67
186 276
221 195
183 405
453 66
262 149
481 443
422 216
230 231
21 65
19 265
130 171
442 446
280 140
312 273
79 30
354 472
140 342
339 498
296 84
410 38
135 36
8 321
79 460
148 66
112 298
166 409
246 336
485 176
192 13
355 114
136 210
300 477
332 90
321 466
138 262
389 12
138 275
255 22
161 311
186 431
175 58
498 228
194 309
456 312
412 33
257 129
77 244
132 98
112 317
219 166
300 480
469 46
29 175
35 215
295 376
86 263
46 303
286 121
82 300
134 354
188 389
4 338
453 446
246 184
151 149
468 322
35 59
414 180
248 251
42 379
48 494
177 174
462 246
458 451
50 188
189 472
79 8
327 310
301 3
492 342
279 370
172 169
161 273
398 468
335 105
90 419
289 206
164 462
395 299
381 299
488 256
392 475
117 290
99 206
246 138
58 488
274 398
1 324
390 434
476 29
32 414
115 39
228 382
202 69
270 199
38 77
437 276
176 23
94 269
34 491
255 163
214 282
356 466
414 452
115 13
205 239
268 274
298 357
5 434
29 76
453 144
156 208
233 42
272 434
344 7
85 134
318 300
56 45
270 180
159 90
478 245
210 32
135 363
127 227
135 117
272 239
20 15
67 61
134 10
38 315
446 402
393 469
492 207
364 13
