400
400
258 12
310 87
364 91
137 76
131 245
236 238
183 291
187 94
234 128
358 172
24 122
252 390
130 364
122 199
197 72
111 19
29 286
167 79
33 222
335 392
272 318
169 377
30 209
33 87
309 207
63 383
326 388
249 229
115 82
146 17
22 157
352 214
372 32
139 90
135 310
356 205
83 376
311 261
137 131
363 335
213 333
64 44
328 230
143 155
314 193
183 102
61 239
357 169
48 229
367 99
317 283
331 243
397 253
28 381
47 51
392 287
224 159
111 120
58 393
368 163
329 72
7 111
272 278
0 216
247 296
155 216
257 110
153 275
342 125
249 240
141 156
131 68
330 222
1 157
144 156
268 229
339 92
240 259
78 318
349 238
373 80
32 120
362 145
152 119
357 167
46 99
38 385
58 206
228 85
215 366
40 238
156 326
186 186
296 316
286 231
76 179
0 82
51 70
324 366
230 395
217 205
242 305
28 124
95 189
202 193
60 359
114 49
18 333
22 139
144 135
318 99
336 180
271 14
283 123
148 201
82 59
179 256
187 288
234 268
185 260
318 69
165 184
57 356
0 100
16 123
307 371
8 392
122 38
147 284
376 346
223 338
123 135
134 19
385 178
41 350
298 115
213 271
81 322
231 317
369 43
264 225
345 223
305 387
38 265
25 90
288 92
270 359
347 355
44 134
143 253
271 17
76 143
345 159
4 248
190 167
299 289
366 59
202 387
191 270
316 357
78 294
220 215
291 326
379 111
392 386
244 58
291 305
382 221
123 1
269 324
105 261
123 257
0 292
87 389
351 253
375 182
88 272
302 20
389 222
329 16
0 135
166 60
269 100
146 49
205 91
393 288
178 193
15 185
354 128
374 56
296 10
155 239
394 343
347 4
265 150
386 159
55 318
273 145
86 300
139 305
273 50
340 327
156 299
308 305
94 229
189 224
290 394
10 163
248 262
79 259
291 181
308 94
382 136
64 114
236 270
364 295
226 80
173 107
204 79
48 168
267 28
267 148
1 390
111 206
81 187
328 67
373 100
197 144
129 178
187 226
179 383
126 391
245 339
320 298
55 151
112 148
334 57
117 288
229 185
201 274
252 56
368 368
276 153
242 40
235 116
16 43
85 12
343 49
269 366
255 165
135 76
274 326
62 387
63 368
129 389
184 182
185 97
15 376
38 362
199 340
295 335
326 49
347 182
30 70
42 350
308 248
85 198
172 268
340 310
177 217
36 251
86 329
129 311
194 56
332 71
10 267
398 57
303 103
301 46
199 95
184 183
198 329
161 42
65 266
147 92
232 348
239 268
51 386
373 306
259 189
30 221
97 18
238 194
227 246
175 328
146 190
122 45
27 60
296 386
206 140
387 49
19 381
356 356
169 65
143 309
226 13
287 9
32 249
126 197
208 156
107 232
117 273
69 170
115 185
58 110
122 269
266 373
288 330
54 207
205 233
278 120
65 345
150 112
182 259
246 254
40 63
72 47
44 269
196 292
321 127
336 197
70 260
236 256
307 154
331 370
394 133
171 356
31 125
342 148
151 380
186 327
161 333
188 24
200 30
170 203
135 372
313 109
53 205
135 366
119 130
388 352
348 171
97 296
44 391
301 257
340 113
78 22
259 11
108 279
151 105
354 117
243 88
357 325
41 72
191 257
17 207
25 166
271 343
195 217
385 15
324 57
224 358
51 230
95 191
172 145
172 32
367 345
384 222
237 226
328 381
258 65
359 37
253 346
14 50
348 219
42 65
219 154
221 217
248 368
43 205
149 94
206 220
187 173
17 117
78 309
260 288
374 250
194 65
251 78
178 210
