700
700
567 328
52 597
122 294
393 8
157 236
625 443
502 492
28 275
292 628
661 53
434 667
641 318
49 55
433 633
238 66
299 530
114 508
293 503
97 652
256 409
331 525
504 317
231 556
36 291
606 107
633 437
634 469
181 74
373 447
220 228
90 132
187 583
187 103
317 692
428 370
47 186
390 331
411 158
485 251
42 159
289 183
372 588
33 145
51 41
242 517
103 175
137 556
554 390
150 305
604 466
44 387
463 450
82 560
9 150
183 464
545 687
18 421
349 503
79 244
18 654
603 381
593 667
192 165
643 239
564 364
153 512
512 177
384 71
60 377
24 326
554 428
666 403
236 495
532 378
275 325
674 147
650 314
525 164
245 460
252 169
651 121
334 29
577 106
37 211
444 581
350 511
657 444
52 419
263 626
538 102
230 653
366 618
230 623
31 180
11 312
109 124
587 233
322 605
345 239
601 241
39 133
656 68
65 507
17 603
208 451
167 398
305 391
588 489
655 627
297 514
222 372
634 301
654 355
1 161
557 485
591 357
485 281
94 593
423 558
162 314
53 276
618 421
107 363
91 441
563 199
648 296
467 409
688 269
403 300
487 117
301 573
64 540
396 699
679 170
653 646
248 153
390 68
193 611
400 698
240 426
324 200
592 388
677 636
496 201
495 150
49 413
288 663
43 337
334 425
329 329
410 426
626 685
403 621
135 315
468 496
351 83
69 497
208 236
672 48
656 618
463 268
179 62
335 319
164 328
43 621
417 604
14 159
547 497
111 53
84 666
576 22
672 97
247 647
572 75
233 384
425 204
48 523
229 407
584 689
678 613
148 630
270 431
474 681
602 62
234 206
380 685
267 68
307 585
219 529
673 83
391 597
112 563
229 70
134 308
438 367
531 364
431 85
483 31
290 152
339 635
196 181
188 132
692 314
254 682
373 161
693 394
291 668
151 402
33 16
69 7
48 218
8 655
593 420
200 611
629 299
637 571
159 223
346 508
444 354
288 640
676 136
212 489
355 5
644 603
384 515
35 95
193 46
464 496
196 186
639 345
400 226
168 490
314 517
134 553
447 58
217 185
267 220
41 648
559 420
223 470
187 219
595 130
352 275
681 197
649 322
4 191
640 477
38 657
415 502
39 402
288 318
284 608
103 380
127 387
364 319
259 376
309 120
429 151
395 46
278 531
432 192
206 84
609 264
97 625
257 658
43 161
493 261
325 304
21 168
508 266
633 240
324 158
381 291
7 478
506 28
32 531
336 160
438 211
348 666
480 269
568 266
63 315
85 273
462 32
659 561
248 566
289 576
173 537
567 380
634 342
389 587
162 483
513 525
68 239
205 255
211 635
541 4
231 452
665 74
250 689
473 556
375 369
70 109
71 505
123 681
20 190
572 261
225 485
203 383
611 560
608 33
226 435
288 429
440 614
422 33
545 661
260 22
513 666
146 578
696 250
199 136
189 380
62 472
439 12
337 692
698 191
285 420
375 24
368 433
243 191
231 361
365 577
631 158
246 597
474 343
145 69
278 98
450 195
484 377
80 170
405 72
150 350
77 41
443 384
303 36
385 286
156 244
19 520
151 238
42 455
316 562
587 367
459 638
176 53
135 324
150 514
285 340
103 101
97 644
509 92
193 265
5 684
392 114
392 251
574 374
475 375
357 479
162 371
342 26
154 172
559 213
236 298
681 223
312 561
200 569
331 518
623 321
4 69
523 78
171 143
60 633
515 145
108 469
153 641
180 317
611 647
610 344
592 191
498 79
536 348
163 417
49 584
427 559
86 43
334 166
358 484
336 148
142 460
518 554
482 328
322 565
291 206
586 162
137 51
641 209
269 645
556 459
246 170
143 289
339 200
276 78
649 144
213 134
459 109
393 674
273 591
277 285
633 483
490 121
112 331
632 358
677 425
221 22
659 156
623 348
445 145
293 281
581 148
31 353
184 476
397 613
111 615
218 103
181 419
96 623
628 648
329 109
425 302
378 556
291 215
648 598
647 578
297 316
281 188
312 7
171 140
543 82
579 402
425 173
425 43
610 409
432 668
364 178
28 304
329 202
287 592
19 408
174 28
538 225
10 445
349 670
99 116
284 29
14 375
253 452
448 495
699 443
424 444
328 78
679 211
371 308
660 324
256 231
580 50
425 656
189 614
540 475
303 659
644 603
312 197
337 29
117 493
93 470
195 390
688 600
688 637
658 266
668 104
241 614
444 557
522 351
365 352
533 260
187 542
347 568
594 442
479 508
561 382
389 518
72 133
455 164
365 210
614 192
157 487
192 407
275 122
409 437
51 606
595 646
331 233
374 400
118 282
677 249
650 602
141 321
607 8
568 373
5 376
190 278
671 174
323 233
553 213
430 54
660 258
669 207
236 689
460 677
621 207
23 688
426 350
638 432
460 314
44 224
92 577
290 572
283 23
620 380
291 165
101 476
662 36
182 695
232 74
42 296
400 76
464 552
16 293
513 645
318 359
4 73
439 612
445 566
398 92
6 661
230 76
336 533
652 631
604 95
193 629
304 356
638 312
383 559
188 311
630 616
373 342
675 324
48 674
90 300
215 316
453 175
460 673
616 612
299 341
445 438
515 206
490 688
585 698
671 362
272 379
688 134
108 485
77 312
554 454
151 608
461 627
547 149
75 213
490 536
696 681
201 637
260 438
672 425
147 533
443 583
67 88
219 123
252 9
256 696
475 541
696 121
32 519
149 500
647 176
417 320
578 612
1 655
10 81
376 206
340 370
434 539
304 69
51 518
214 256
115 19
409 494
378 162
91 354
536 100
146 154
641 61
409 245
674 180
12 194
192 475
486 272
494 134
60 68
58 556
628 678
224 557
518 647
374 436
5 572
61 608
226 78
410 432
43 132
46 506
348 630
643 309
121 264
70 294
185 213
170 461
10 382
646 640
244 512
272 623
135 194
468 66
234 668
163 678
466 487
591 152
523 9
11 100
53 361
361 584
155 321
75 460
73 103
680 517
166 191
232 83
163 684
301 590
25 268
168 93
600 484
496 361
598 16
147 153
228 697
383 670
28 200
533 600
633 566
310 521
251 496
637 374
189 346
649 78
675 186
552 300
660 337
327 182
306 73
626 604
659 333
517 144
200 502
131 637
626 122
218 128
405 474
276 198
458 86
672 274
468 155
448 530
205 5
