100
100
42 67
41 30
2 4
62 77
0 9
16 21
83 36
16 75
10 22
29 12
62 53
13 90
14 13
54 34
66 58
8 97
76 0
50 88
35 95
55 67
7 50
6 68
37 59
85 81
38 7
65 99
66 61
29 14
45 84
9 45
43 68
25 6
76 76
40 42
24 98
94 16
51 58
94 69
28 10
80 81
47 2
58 4
34 18
49 27
81 8
22 6
38 74
74 47
53 35
37 90
45 29
42 3
65 95
66 56
11 12
83 32
28 57
60 25
28 50
40 80
75 42
81 24
77 88
59 14
48 7
2 60
31 87
23 53
12 35
77 87
52 68
43 86
19 24
74 5
82 5
32 87
58 42
86 82
51 19
47 52
81 41
30 47
61 87
58 16
77 20
89 86
21 98
94 97
98 6
16 52
48 84
88 25
69 91
13 34
29 26
77 54
59 72
0 67
2 27
60 4
