800
800
367 248
789 77
303 320
145 124
653 219
25 100
373 39
390 650
94 97
120 778
588 322
192 55
51 617
254 413
663 439
454 312
116 466
58 452
246 36
109 359
74 278
212 451
288 404
181 93
48 571
96 168
179 257
258 357
453 91
137 559
361 737
454 363
396 545
337 373
731 97
130 239
412 625
71 363
147 382
274 389
353 729
503 697
218 238
614 250
312 584
722 570
66 543
233 533
629 712
703 699
597 416
288 642
568 110
48 71
56 497
763 366
84 578
598 591
486 609
104 286
6 416
487 38
734 567
368 600
267 339
568 547
19 26
155 695
331 521
742 13
425 767
618 765
229 778
373 357
779 117
534 410
636 130
576 319
306 202
781 158
145 403
266 153
596 593
601 614
7 773
97 727
368 746
636 189
783 188
187 279
583 645
572 326
35 764
658 491
188 445
418 289
123 396
251 96
680 362
789 753
344 116
588 138
238 741
798 25
461 426
346 259
628 684
695 269
366 205
143 450
96 655
149 344
595 37
241 284
202 137
187 286
598 792
767 332
200 369
498 461
51 731
132 745
9 267
446 128
585 169
645 218
199 471
296 79
483 594
439 56
104 325
754 774
115 116
258 328
1 614
476 117
647 314
164 185
220 793
675 776
42 455
763 671
2 218
227 89
248 162
380 30
310 511
508 111
792 681
710 297
791 253
672 797
764 17
631 672
270 350
743 770
791 81
603 49
699 577
23 377
215 207
403 244
605 165
775 781
667 492
757 275
527 25
21 117
68 377
343 2
601 192
307 676
76 121
137 388
37 710
381 719
655 390
620 317
169 749
355 305
520 569
253 368
512 211
718 304
15 283
760 11
141 446
143 720
228 119
296 770
718 663
577 611
644 685
681 130
575 466
792 321
143 579
664 522
435 505
48 64
502 481
416 107
779 95
322 347
66 351
798 148
152 65
667 486
78 623
625 85
612 320
426 661
726 69
362 452
432 712
762 769
17 585
640 240
500 630
116 694
265 76
346 622
61 276
154 497
264 270
664 624
445 570
126 350
118 146
300 322
472 421
111 680
628 695
184 749
13 100
252 313
198 189
21 237
124 482
76 617
719 645
18 504
582 771
69 233
320 659
301 143
270 235
305 744
789 547
493 440
454 357
473 12
171 90
298 401
228 716
434 358
563 170
424 704
359 461
260 778
64 576
172 231
295 681
356 25
419 121
457 340
282 168
414 783
754 630
80 298
277 554
277 324
336 679
180 649
447 274
472 52
237 487
576 96
220 193
734 131
668 349
400 243
233 457
91 618
205 419
276 763
583 158
689 678
677 491
784 671
34 176
470 312
1 417
445 132
526 616
124 754
311 218
534 454
139 381
14 731
689 781
245 402
424 490
545 796
474 555
180 34
374 354
12 325
380 604
292 499
740 194
273 440
625 203
123 760
205 321
597 181
488 228
625 539
79 280
147 474
307 756
574 621
724 67
582 456
603 787
199 282
394 96
117 617
716 790
329 525
609 403
513 459
39 617
569 631
496 674
718 405
155 777
621 138
574 504
696 625
255 779
770 560
193 214
230 481
160 327
205 17
424 56
19 236
719 526
140 279
740 423
763 589
443 624
746 660
620 298
396 567
377 389
627 79
164 732
618 773
308 577
208 635
47 180
729 488
789 417
778 540
608 16
399 738
133 707
383 574
488 246
284 383
191 602
398 753
679 215
112 288
586 6
19 126
328 49
533 562
411 338
150 572
428 362
57 331
239 675
640 46
312 779
370 160
628 180
565 437
478 778
535 589
261 266
763 30
717 72
664 142
204 754
229 775
67 266
19 243
390 6
197 779
3 790
586 363
783 551
180 443
294 261
586 210
449 148
254 455
157 650
39 483
451 450
412 13
214 195
532 618
367 517
494 336
52 659
125 780
80 353
339 686
167 403
562 142
673 278
359 175
205 358
611 405
252 117
328 440
391 360
278 502
587 255
608 150
745 186
581 317
324 420
646 788
53 109
238 133
442 776
296 533
402 128
346 155
436 710
766 602
215 307
66 104
78 386
6 546
371 611
531 424
733 149
418 60
501 100
384 190
143 702
504 300
663 37
34 219
360 757
583 278
352 731
549 64
378 105
344 571
742 294
639 505
277 459
168 432
487 632
66 748
463 6
210 451
712 127
101 271
359 334
771 685
560 438
459 41
189 413
587 566
116 545
268 382
762 62
110 176
752 747
729 729
141 695
258 93
540 152
652 784
623 162
541 679
78 518
756 615
44 637
427 17
232 412
255 635
473 662
203 474
537 431
67 487
726 475
57 274
208 477
225 204
123 183
535 767
239 625
5 235
691 368
530 753
145 291
773 238
675 282
256 116
379 345
18 436
82 534
646 146
693 514
674 9
771 9
92 86
320 29
412 179
539 558
219 208
328 774
761 685
771 574
549 529
18 136
635 347
576 245
316 456
15 360
477 322
342 219
118 711
413 500
683 354
567 774
237 192
46 132
756 270
394 27
189 486
18 578
81 735
212 326
540 608
643 644
76 21
176 198
577 86
253 763
41 598
415 639
557 115
709 201
384 632
789 44
509 29
53 144
127 482
460 213
761 565
286 464
734 779
461 72
94 61
426 696
614 5
44 146
692 494
535 175
514 329
389 715
342 12
296 574
528 748
350 412
240 406
276 95
6 380
736 430
488 631
597 287
523 520
292 512
512 571
416 54
117 661
212 87
5 588
293 146
648 545
466 335
715 465
423 681
187 520
12 472
359 713
310 595
49 778
713 181
418 718
330 382
360 126
686 582
1 552
331 306
693 85
28 85
1 46
51 332
143 731
125 368
514 153
740 302
523 591
672 604
208 499
781 796
698 527
411 557
708 574
264 273
431 614
484 703
267 475
633 115
633 194
742 382
56 587
791 277
384 560
95 563
570 439
169 734
340 424
606 624
185 527
754 179
693 708
6 163
281 315
279 597
318 141
12 601
664 262
60 497
39 634
589 200
320 108
446 421
399 6
421 730
107 410
516 328
724 80
385 735
129 333
299 424
793 272
487 35
540 698
28 647
152 31
121 650
439 31
330 542
392 561
242 461
216 465
261 499
751 474
358 658
463 773
104 207
449 247
795 588
229 83
709 93
37 136
275 541
664 535
463 561
492 698
241 17
194 547
36 747
614 145
574 503
641 67
589 787
428 9
178 93
546 336
449 198
46 556
208 120
384 62
771 784
773 497
151 599
658 661
352 397
317 147
586 760
762 759
626 354
455 474
742 282
136 791
565 78
729 279
275 541
375 63
437 375
316 393
585 242
482 562
693 495
47 311
586 591
289 149
575 424
636 574
425 773
138 52
297 203
340 542
222 666
440 751
425 138
397 674
372 199
719 86
360 64
461 326
395 516
717 215
178 233
699 556
793 474
671 601
188 555
452 710
617 180
20 468
116 229
123 502
663 202
778 468
476 681
666 133
742 434
67 440
264 378
180 158
763 590
288 727
392 265
298 607
379 536
624 741
328 277
461 400
374 541
139 432
383 318
143 678
359 421
458 118
354 329
331 250
793 575
726 168
692 669
466 35
370 513
262 501
233 130
367 23
241 293
121 235
777 266
170 368
489 33
48 745
766 672
791 796
526 457
97 97
82 670
45 108
