300
300
229 124
131 254
95 3
7 101
110 298
56 64
128 143
187 1
76 196
17 205
256 101
233 111
141 121
191 285
277 190
243 278
247 248
8 110
163 254
195 67
107 177
78 4
78 235
184 133
244 137
160 260
294 144
245 183
82 46
164 276
173 47
159 155
296 257
217 266
209 202
51 107
205 151
61 82
274 286
289 231
55 290
123 87
17 35
207 58
193 110
100 192
79 111
298 175
198 205
291 114
66 215
88 202
275 240
81 147
206 7
131 179
16 79
134 31
122 91
265 64
71 149
62 293
156 133
49 111
103 98
211 299
107 8
197 223
72 94
220 164
213 151
19 180
106 243
178 36
76 40
260 142
168 188
244 222
186 274
211 170
122 144
94 104
31 100
250 92
141 110
206 234
197 154
296 276
91 163
247 99
33 18
186 154
124 121
275 190
189 169
279 20
133 63
65 203
57 56
37 138
87 274
169 227
233 283
276 177
228 111
263 17
201 178
221 210
214 157
175 136
235 246
35 164
23 36
111 66
76 165
204 26
151 159
89 199
151 95
153 295
101 237
224 126
280 248
120 17
258 282
1 128
212 188
36 157
187 225
205 32
104 76
288 27
222 92
285 288
120 74
208 224
134 71
132 75
267 163
137 234
186 283
21 93
192 99
75 25
48 110
96 11
145 172
237 227
99 45
174 205
159 216
90 167
29 284
276 42
282 7
148 152
137 245
250 38
121 90
256 292
238 272
59 172
32 295
51 64
157 44
90 142
239 144
276 224
171 104
223 237
91 114
146 45
170 23
101 293
163 177
118 111
297 198
230 196
11 291
138 238
244 201
74 80
81 41
246 61
283 36
284 39
79 133
78 11
168 146
9 222
198 52
218 117
271 58
259 163
143 53
100 8
286 146
158 201
279 3
195 30
112 95
131 182
123 119
299 47
44 262
41 221
44 163
11 240
43 3
232 256
255 221
203 104
159 162
171 259
140 200
232 237
129 273
22 172
25 21
38 207
288 43
185 62
274 135
44 158
268 177
202 22
272 40
226 265
97 73
26 233
128 129
248 139
71 196
293 99
93 199
295 205
62 216
43 136
124 144
225 150
73 131
187 69
146 240
136 143
195 194
273 164
93 273
293 86
100 260
250 94
111 61
236 170
292 14
169 51
61 123
7 236
202 210
270 127
132 118
141 41
186 46
223 255
198 64
7 133
143 76
107 8
152 286
163 179
188 21
34 83
282 13
177 89
235 252
165 116
47 152
285 107
268 182
8 288
24 2
137 39
63 197
243 225
259 132
96 130
287 22
177 121
194 74
158 16
168 187
150 277
123 202
74 183
199 91
211 120
193 277
9 0
92 91
47 162
271 57
98 171
